##NAMES=Aikinite
##RRUFFID=R100117
##IDEAL CHEMISTRY=Cu^1+^Pb^2+^Bi^3+^S^2-^_3_
##LOCALITY=British Columbia Molybdenum mine, Kitsault, Alice Arm, British Columbia, Canada
##OWNER=RRUFF
##SOURCE=Robert Woodside
##DESCRIPTION=Metallic black bladed and striated crystals, with tarnished surfaces, associated with quartz and pyrite
##STATUS=The identification of this mineral has been confirmed only by single crystal X-ray diffraction.
##URL=rruff.info/R100117
108.6039, 0.0000000E+00
109.0860, 1.220785
109.5682, 1.128104
110.0503, 0.4627880
110.5324, 0.3306420
111.0145, 1.006014
111.4966, 1.735035
111.9787, 1.947317
112.4609, 1.826941
112.9430, 1.683410
113.4251, 2.536968
113.9072, 2.547058
114.3893, 2.724948
114.8714, 3.390274
115.3536, 3.977342
115.8357, 4.430415
116.3178, 4.708763
116.7999, 4.513840
117.2820, 3.350368
117.7641, 0.4059600
118.2463, 0.7908430
118.7284, 1.035191
119.2105, 3.356013
119.6926, 4.716806
120.1747, 4.819504
120.6568, 4.333338
121.1390, 4.016164
121.6211, 4.153326
122.1032, 3.929478
122.5853, 2.964702
123.0674, 1.769592
123.5495, 0.9425330
124.0317, 0.7323470
124.5138, 0.9658880
124.9959, 1.329525
125.4780, 1.973589
125.9601, 2.477238
126.4422, 2.551397
126.9243, 2.294183
127.4065, 1.959312
127.8886, 1.595241
128.3707, 1.263374
128.8528, 1.028178
129.3349, 0.8581170
129.8170, 0.8444670
130.2992, 1.281776
130.7813, 2.318146
131.2634, 2.911110
131.7455, 2.072895
132.2276, 1.056684
132.7097, 0.5333190
133.1919, 0.7152580
133.6740, 1.421708
134.1561, 1.999957
134.6382, 2.394770
135.1203, 2.722322
135.6024, 3.077908
136.0846, 3.404325
136.5667, 3.636986
137.0488, 3.764977
137.5309, 3.744592
138.0130, 3.487795
138.4951, 2.565726
138.9773, 1.846493
139.4594, 1.582611
139.9415, 1.690919
140.4236, 2.006267
140.9057, 2.440855
141.3878, 3.054971
141.8699, 3.144427
142.3521, 2.061725
142.8342, 1.083179
143.3163, 1.005186
143.7984, 1.847039
144.2805, 2.996174
144.7626, 3.900205
145.2448, 4.542193
145.7269, 4.794260
146.2090, 4.400656
146.6911, 3.665612
147.1732, 3.148805
147.6553, 2.958595
148.1375, 2.864045
148.6196, 2.479239
149.1017, 1.865909
149.5838, 1.576533
150.0659, 2.118213
150.5480, 3.162751
151.0302, 3.755858
151.5123, 3.552775
151.9944, 3.108153
152.4765, 3.010755
152.9586, 3.198704
153.4408, 3.188974
153.9229, 2.447355
154.4050, 0.9516870
154.8871, 0.2165960
155.3692, 0.8120010
155.8513, 1.077721
156.3335, 1.052028
156.8156, 0.7659890
157.2977, 0.3307530
157.7798, 0.1868080
158.2619, 0.9194500
158.7440, 1.322371
159.2262, 1.081264
159.7083, 0.7418820
160.1904, 0.6220560
160.6725, 0.8069430
161.1546, 1.189906
161.6367, 1.609759
162.1189, 2.299882
162.6010, 2.636959
163.0831, 2.488751
163.5652, 2.087791
164.0473, 1.545210
164.5294, 0.9171910
165.0115, 0.3239410
165.4937, 7.1773998E-02
165.9758, 0.3546950
166.4579, 0.7323530
166.9400, 1.209737
167.4221, 1.717164
167.9042, 2.198008
168.3864, 2.667298
168.8685, 3.002393
169.3506, 2.756061
169.8327, 1.434641
170.3148, 0.5162090
170.7969, 0.9371080
171.2791, 2.325480
171.7612, 3.428751
172.2433, 3.668901
172.7254, 3.253070
173.2075, 2.746105
173.6896, 2.094423
174.1718, 1.457073
174.6539, 0.9179350
175.1360, 0.4755930
175.6181, 0.1967210
176.1002, 0.1537990
176.5823, 0.3353990
177.0645, 0.5476360
177.5466, 0.7993130
178.0287, 0.9992420
178.5108, 0.9651170
178.9929, 0.5852020
179.4750, 0.3790530
179.9572, 0.6886960
180.4393, 1.168839
180.9214, 1.576202
181.4035, 1.844599
181.8856, 1.911702
182.3677, 1.519949
182.8499, 2.8083000E-02
183.3320, 0.6883690
183.8141, 0.3470030
184.2962, 1.971316
184.7783, 2.931009
185.2604, 2.591617
185.7425, 1.369651
186.2247, 0.7581310
186.7068, 1.502249
187.1889, 1.979492
187.6710, 1.687153
188.1531, 1.090214
188.6352, 0.8425530
189.1174, 1.333590
189.5995, 2.371106
190.0816, 2.864110
190.5637, 2.156810
191.0458, 1.635146
191.5279, 1.710523
192.0101, 2.132692
192.4922, 2.464658
192.9743, 2.442095
193.4564, 2.107637
193.9385, 1.776474
194.4206, 1.335721
194.9028, 1.011069
195.3849, 0.9431530
195.8670, 1.065795
196.3491, 1.168960
196.8312, 1.087740
197.3133, 0.9037340
197.7955, 1.000184
198.2776, 1.463101
198.7597, 2.092069
199.2418, 3.018585
199.7239, 4.149528
200.2060, 4.831350
200.6882, 4.503519
201.1703, 3.460934
201.6524, 2.693086
202.1345, 2.258929
202.6166, 2.069086
203.0987, 2.162401
203.5808, 2.549862
204.0630, 2.832174
204.5451, 2.711998
205.0272, 2.374295
205.5093, 2.056931
205.9914, 1.733690
206.4735, 1.534678
206.9557, 1.773705
207.4378, 2.611857
207.9199, 3.129362
208.4020, 2.400599
208.8841, 1.319317
209.3662, 0.7618330
209.8484, 1.067349
210.3305, 1.889180
210.8126, 2.777738
211.2947, 3.978185
211.7768, 4.557247
212.2589, 3.832504
212.7411, 2.554203
213.2232, 1.386990
213.7053, 0.6078950
214.1874, 0.1756530
214.6695, 1.8828001E-02
215.1516, 2.4630001E-02
215.6338, 0.3764740
216.1159, 1.501250
216.5980, 2.661479
217.0801, 2.978208
217.5622, 2.030739
218.0443, 0.4044180
218.5265, 0.2157650
219.0086, 1.061924
219.4907, 2.033229
219.9728, 2.280221
220.4549, 2.178514
220.9370, 2.139516
221.4192, 2.350597
221.9013, 2.692495
222.3834, 2.810826
222.8655, 2.563683
223.3476, 2.228099
223.8297, 1.511942
224.3118, 0.8291990
224.7940, 0.8105340
225.2761, 1.740056
225.7582, 3.156749
226.2403, 3.713356
226.7224, 2.139870
227.2045, 1.201591
227.6867, 1.592126
228.1688, 2.584538
228.6509, 3.282207
229.1330, 3.306378
229.6151, 2.843023
230.0972, 2.327680
230.5794, 1.350081
231.0615, 1.028221
231.5436, 1.930172
232.0257, 3.329383
232.5078, 4.257051
232.9899, 4.302686
233.4721, 3.781610
233.9542, 3.292700
234.4363, 2.717286
234.9184, 2.426853
235.4005, 2.712053
235.8826, 3.314214
236.3648, 3.761202
236.8469, 3.866189
237.3290, 3.843934
237.8111, 4.177596
238.2932, 4.991013
238.7753, 5.450431
239.2575, 4.919909
239.7396, 3.857747
240.2217, 3.329977
240.7038, 3.780574
241.1859, 4.452874
241.6680, 4.363693
242.1502, 3.485676
242.6323, 2.760365
243.1144, 2.615980
243.5965, 2.921577
244.0786, 3.403677
244.5607, 4.139655
245.0428, 4.803992
245.5250, 5.110654
246.0071, 5.088459
246.4892, 4.806254
246.9713, 3.902781
247.4534, 2.729561
247.9355, 2.475719
248.4177, 3.747819
248.8998, 5.202636
249.3819, 5.909999
249.8640, 5.969096
250.3461, 5.629316
250.8282, 4.701992
251.3104, 3.426557
251.7925, 2.710332
252.2746, 2.814899
252.7567, 3.174196
253.2388, 3.487278
253.7209, 3.713007
254.2031, 3.889363
254.6852, 4.081465
255.1673, 4.275951
255.6494, 4.421926
256.1315, 4.563882
256.6136, 4.567898
257.0958, 4.236029
257.5779, 3.769372
258.0600, 3.511834
258.5421, 3.718843
259.0242, 4.240335
259.5063, 4.523071
259.9885, 4.361101
260.4706, 4.298813
260.9527, 4.647491
261.4348, 5.149839
261.9169, 5.447921
262.3990, 5.335598
262.8812, 4.965531
263.3633, 4.799768
263.8454, 5.022740
264.3275, 5.134546
264.8096, 4.903296
265.2917, 4.564892
265.7739, 4.366962
266.2560, 4.416825
266.7381, 4.649699
267.2202, 4.977644
267.7023, 5.755471
268.1844, 5.977803
268.6666, 5.057477
269.1487, 3.838351
269.6308, 3.154205
270.1129, 3.274035
270.5950, 3.695693
271.0771, 3.377580
271.5593, 1.527273
272.0414, 0.5422260
272.5235, 1.192415
273.0056, 2.230795
273.4877, 2.754415
273.9698, 2.529625
274.4520, 1.866050
274.9341, 1.127806
275.4162, 9.5530003E-02
275.8983, 0.4463870
276.3804, 0.6928520
276.8625, 2.050558
277.3446, 2.838607
277.8268, 2.945954
278.3089, 2.739049
278.7910, 2.647316
279.2731, 2.726511
279.7552, 2.726690
280.2373, 2.755563
280.7195, 2.634158
281.2016, 2.010282
281.6837, 1.053643
282.1658, 0.4173400
282.6479, 0.8248900
283.1300, 2.526294
283.6122, 3.454370
284.0943, 3.163110
284.5764, 2.663300
285.0585, 2.196098
285.5406, 1.848339
286.0227, 1.768967
286.5049, 2.156739
286.9870, 2.989572
287.4691, 2.898670
287.9512, 0.4125880
288.4333, 1.350898
288.9154, 0.9586230
289.3976, 0.7873690
289.8797, 2.323742
290.3618, 2.703347
290.8439, 2.122610
291.3260, 1.655790
291.8081, 1.252936
292.2903, 1.023995
292.7724, 1.034411
293.2545, 1.219431
293.7366, 1.514817
294.2187, 1.896290
294.7008, 2.323360
295.1830, 2.687990
295.6651, 3.316764
296.1472, 3.455408
296.6293, 2.571620
297.1114, 1.401831
297.5935, 0.7567070
298.0757, 0.8952600
298.5578, 1.468442
299.0399, 1.914059
299.5220, 2.240034
300.0041, 2.379518
300.4862, 2.282584
300.9684, 2.035727
301.4505, 1.625157
301.9326, 1.081787
302.4147, 0.5824970
302.8968, 0.3391900
303.3789, 0.4213250
303.8611, 0.5540170
304.3432, 0.7785000
304.8253, 1.029923
305.3074, 1.356484
305.7895, 1.706196
306.2716, 1.836273
306.7538, 1.446373
307.2359, 0.4760870
307.7180, 0.3534580
308.2001, 2.219546
308.6822, 3.654994
309.1643, 3.201820
309.6465, 1.403070
310.1286, 0.2527620
310.6107, 0.8287450
311.0928, 0.4420430
311.5749, 0.1552360
312.0570, 1.490648
312.5392, 2.404896
313.0213, 2.364826
313.5034, 1.767151
313.9855, 1.233827
314.4676, 1.045001
314.9497, 1.099827
315.4319, 1.140855
315.9140, 0.9670540
316.3961, 1.075100
316.8782, 1.819565
317.3603, 2.727560
317.8424, 3.275772
318.3245, 3.316803
318.8066, 3.052013
319.2888, 2.792273
319.7709, 2.471775
320.2530, 2.356442
320.7351, 2.609680
321.2172, 2.948207
321.6993, 3.272802
322.1815, 3.515752
322.6636, 3.467439
323.1457, 2.862380
323.6278, 1.573897
324.1099, 0.6249600
324.5920, 0.1231600
325.0742, 0.2007260
325.5563, 0.4619630
326.0384, 0.6645100
326.5205, 0.7407670
327.0026, 0.5910080
327.4847, 0.2294290
327.9669, 0.1741650
328.4490, 0.6644910
328.9311, 1.140609
329.4132, 1.630962
329.8953, 2.079180
330.3774, 2.349011
330.8596, 2.362729
331.3417, 2.291207
331.8238, 2.527426
332.3059, 3.443698
332.7880, 4.131531
333.2701, 4.756762
333.7523, 5.023436
334.2344, 4.479476
334.7165, 3.028685
335.1986, 1.334142
335.6807, 0.3742350
336.1628, 0.4490040
336.6450, 0.5593710
337.1271, 0.6919670
337.6092, 0.8664720
338.0913, 1.172609
338.5734, 1.558012
339.0555, 1.848330
339.5377, 1.868903
340.0198, 1.594254
340.5019, 1.354353
340.9840, 1.005255
341.4661, 0.8286840
341.9482, 1.053997
342.4304, 1.524626
342.9125, 1.925901
343.3946, 2.060275
343.8767, 1.977561
344.3588, 1.917861
344.8409, 1.957422
345.3231, 1.930071
345.8052, 1.654222
346.2873, 1.287650
346.7694, 1.294649
347.2515, 1.822439
347.7336, 2.494481
348.2158, 2.684888
348.6979, 2.035645
349.1800, 1.532734
349.6621, 1.164643
350.1442, 0.9282110
350.6263, 0.8563810
351.1085, 0.9332620
351.5906, 1.108679
352.0727, 1.266736
352.5548, 1.397185
353.0369, 1.608954
353.5190, 2.253690
354.0012, 2.631743
354.4833, 2.161567
354.9654, 1.233185
355.4475, 0.7216690
355.9296, 1.308519
356.4117, 2.720845
356.8939, 3.332861
357.3760, 2.354247
357.8581, 1.552429
358.3402, 1.403839
358.8223, 1.515320
359.3044, 1.395077
359.7865, 0.8553860
360.2686, 0.2058640
360.7508, 1.8135000E-02
361.2329, 0.4434500
361.7150, 0.9565160
362.1971, 1.776281
362.6792, 2.457091
363.1613, 2.609676
363.6435, 2.263924
364.1256, 1.849185
364.6077, 1.864779
365.0898, 2.352286
365.5719, 2.537521
366.0540, 2.169036
366.5362, 1.757751
367.0183, 1.509144
367.5004, 1.374029
367.9825, 1.203045
368.4646, 0.8894100
368.9467, 0.5530460
369.4289, 0.3847520
369.9110, 0.3991990
370.3931, 0.4597120
370.8752, 0.5180610
371.3573, 0.5960820
371.8394, 0.7269230
372.3216, 0.9239360
372.8037, 1.139331
373.2858, 1.387290
373.7679, 1.690306
374.2500, 1.676357
374.7321, 0.8524580
375.2143, 6.0253002E-02
375.6964, 4.4077002E-02
376.1785, 0.5083010
376.6606, 1.215145
377.1427, 1.927374
377.6248, 2.556266
378.1070, 2.685654
378.5891, 2.044037
379.0712, 1.450225
379.5533, 1.623034
380.0354, 2.220606
380.5175, 2.607567
380.9997, 2.596439
381.4818, 2.278706
381.9639, 1.583404
382.4460, 0.4925480
382.9281, 0.2833290
383.4102, 0.3319600
383.8924, 9.2808001E-02
384.3745, 0.5823410
384.8566, 1.204787
385.3387, 1.691435
385.8208, 1.836504
386.3029, 1.697715
386.7851, 1.464434
387.2672, 1.166277
387.7493, 0.8177990
388.2314, 0.2947250
388.7135, 0.3785800
389.1956, 0.6225370
389.6778, 0.1074240
390.1599, 1.054542
390.6420, 1.408800
391.1241, 1.154633
391.6062, 0.8318780
392.0883, 0.7784540
392.5705, 0.9684610
393.0526, 1.199942
393.5347, 1.776562
394.0168, 2.061127
394.4989, 1.492054
394.9810, 0.4874470
395.4632, 0.1215570
395.9453, 1.6824000E-02
396.4274, 0.5227230
396.9095, 1.034370
397.3916, 1.548497
397.8737, 1.944525
398.3559, 2.263989
398.8380, 2.435350
399.3201, 2.363826
399.8022, 2.063382
400.2843, 1.628299
400.7664, 1.092976
401.2485, 0.4397470
401.7307, 0.2627330
402.2128, 1.165303
402.6949, 1.808393
403.1770, 1.461613
403.6591, 0.6492110
404.1412, 0.3233600
404.6234, 0.9502840
405.1055, 2.055497
405.5876, 2.457303
406.0697, 1.535406
406.5518, 0.9357240
407.0339, 1.003419
407.5161, 1.164717
407.9982, 0.8797710
408.4803, 0.1730510
408.9624, 0.4018540
409.4445, 0.1996180
409.9266, 0.8545770
410.4088, 1.466773
410.8909, 1.132160
411.3730, 0.8841370
411.8551, 1.276421
412.3372, 1.905182
412.8193, 2.006278
413.3015, 1.101121
413.7836, 0.1864440
414.2657, 0.3883480
414.7478, 0.9487920
415.2299, 1.991137
415.7120, 2.241171
416.1942, 2.083349
416.6763, 1.667647
417.1584, 1.070957
417.6405, 0.5534390
418.1226, 0.3762310
418.6047, 0.4851940
419.0869, 0.5289290
419.5690, 0.3650350
420.0511, 0.3304950
420.5332, 0.8107260
421.0153, 1.559389
421.4974, 2.059114
421.9796, 2.030497
422.4617, 1.789829
422.9438, 1.686954
423.4259, 1.721173
423.9080, 1.821270
424.3901, 2.020093
424.8723, 2.213987
425.3544, 2.282202
425.8365, 2.244982
426.3186, 2.001592
426.8007, 1.170194
427.2828, 0.1982040
427.7650, 3.0660000E-02
428.2471, 0.8328010
428.7292, 1.688872
429.2113, 1.693397
429.6934, 0.8356040
430.1755, 0.2992890
430.6577, 0.2330110
431.1398, 0.3524760
431.6219, 0.6384450
432.1040, 0.9891370
432.5861, 1.098446
433.0682, 0.7710220
433.5504, 0.2974470
434.0325, 0.4197690
434.5146, 1.911501
434.9967, 2.676591
435.4788, 2.014891
435.9609, 1.021486
436.4431, 0.6153530
436.9252, 0.8754370
437.4073, 1.316833
437.8894, 1.502079
438.3715, 1.427022
438.8536, 1.281945
439.3358, 0.7591540
439.8179, 0.5118050
440.3000, 0.9122550
440.7821, 1.582408
441.2642, 2.112726
441.7463, 2.345904
442.2284, 2.287453
442.7105, 1.893727
443.1927, 0.9344760
443.6748, 0.3476940
444.1569, 0.5304590
444.6390, 0.8409520
445.1211, 1.016971
445.6032, 1.031532
446.0854, 0.9156030
446.5675, 0.5444850
447.0496, 6.2155999E-02
447.5317, 0.1151720
448.0138, 0.8880910
448.4959, 1.603450
448.9781, 2.032797
449.4602, 2.177642
449.9423, 1.899590
450.4244, 1.065761
450.9065, 0.3076620
451.3886, 0.2544570
451.8708, 0.7799880
452.3529, 1.274451
452.8350, 1.636726
453.3171, 1.891803
453.7992, 2.074298
454.2813, 2.215744
454.7635, 2.263112
455.2456, 2.283908
455.7277, 2.165194
456.2098, 1.631588
456.6919, 0.7770770
457.1740, 0.1521890
457.6562, 6.2813997E-02
458.1383, 0.3516030
458.6204, 0.6021350
459.1025, 0.7421890
459.5846, 0.9958610
460.0667, 1.534297
460.5489, 2.130430
461.0310, 2.602659
461.5131, 2.901858
461.9952, 2.971997
462.4773, 2.718640
462.9594, 2.126412
463.4416, 1.742608
463.9237, 1.616330
464.4058, 1.624846
464.8879, 1.870642
465.3700, 2.189299
465.8521, 2.357356
466.3343, 2.290581
466.8164, 2.066689
467.2985, 1.900649
467.7806, 1.843514
468.2627, 1.657685
468.7448, 1.131424
469.2270, 0.6585810
469.7091, 0.4090820
470.1912, 0.3650150
470.6733, 0.4696970
471.1554, 0.7865460
471.6375, 1.126319
472.1197, 0.8941270
472.6018, 0.1141460
473.0839, 0.7952940
473.5660, 0.4591410
474.0481, 0.2200640
474.5302, 0.6126680
475.0124, 0.6373780
475.4945, 0.7288440
475.9766, 1.358404
476.4587, 2.243568
476.9408, 2.666954
477.4229, 2.508710
477.9051, 2.086268
478.3872, 1.465451
478.8693, 0.7622850
479.3514, 0.4340500
479.8335, 0.7229910
480.3156, 1.147085
480.7978, 1.454649
481.2798, 1.718860
481.7620, 2.216659
482.2441, 3.070088
482.7262, 3.778812
483.2083, 3.583604
483.6904, 2.131974
484.1725, 1.010673
484.6547, 7.4969001E-02
485.1368, 0.4187540
485.6189, 9.2019998E-02
486.1010, 0.8765900
486.5831, 1.752874
487.0652, 2.211431
487.5474, 2.382181
488.0295, 2.525341
488.5116, 2.778690
488.9937, 2.730061
489.4758, 1.981883
489.9579, 1.262936
490.4401, 1.114797
490.9222, 1.507029
491.4043, 2.022991
491.8864, 2.393626
492.3685, 2.613666
492.8506, 2.627782
493.3328, 2.351646
493.8149, 2.072642
494.2970, 1.951225
494.7791, 1.867173
495.2612, 1.691575
495.7433, 1.394760
496.2255, 1.068403
496.7076, 0.6606800
497.1897, 0.2751820
497.6718, 0.3415520
498.1539, 1.044414
498.6360, 1.683787
499.1182, 1.599853
499.6003, 0.9257620
500.0824, 0.4402220
500.5645, 0.1211110
501.0466, 6.8083003E-02
501.5287, 0.5825680
502.0109, 1.367722
502.4930, 1.730657
502.9751, 1.418623
503.4572, 0.9583280
503.9393, 1.146535
504.4214, 2.317030
504.9036, 2.955207
505.3857, 2.611203
505.8678, 2.202651
506.3499, 2.182498
506.8320, 2.457793
507.3141, 2.680642
507.7963, 2.664109
508.2784, 2.510364
508.7605, 2.503452
509.2426, 2.837849
509.7247, 2.795442
510.2068, 1.910965
510.6890, 0.9739110
511.1711, 0.1561910
511.6532, 0.3770840
512.1353, 0.1882840
512.6174, 1.483812
513.0995, 3.752549
513.5817, 4.342989
514.0638, 2.956641
514.5459, 1.807909
515.0280, 1.947784
515.5101, 2.600100
515.9922, 2.688767
516.4744, 2.115927
516.9565, 1.693996
517.4386, 2.076979
517.9207, 2.673754
518.4028, 2.466726
518.8849, 1.421600
519.3671, 0.6182690
519.8492, 0.8656430
520.3313, 1.904091
520.8134, 2.425942
521.2955, 2.221730
521.7776, 1.877155
522.2598, 1.196633
522.7419, 0.5862180
523.2240, 0.6095360
523.7061, 1.263179
524.1882, 1.919083
524.6703, 1.910425
525.1525, 1.268956
525.6346, 1.194656
526.1167, 2.471539
526.5988, 3.286842
527.0809, 2.787608
527.5630, 1.926376
528.0452, 1.892907
528.5273, 2.936124
529.0094, 3.931636
529.4915, 3.446527
529.9736, 1.678892
530.4557, 0.6347340
530.9379, 0.5781620
531.4200, 0.7949380
531.9021, 0.9211580
532.3842, 0.9949250
532.8663, 1.099580
533.3484, 1.197145
533.8306, 1.436107
534.3127, 2.232232
534.7948, 3.217073
535.2769, 3.348588
535.7590, 2.322037
536.2411, 1.181810
536.7233, 1.027879
537.2054, 1.918342
537.6875, 2.486783
538.1696, 2.666289
538.6517, 2.633336
539.1339, 2.011339
539.6160, 1.365278
540.0981, 1.798786
540.5802, 3.578488
541.0623, 5.498229
541.5444, 5.817202
542.0266, 4.253841
542.5087, 2.661941
542.9907, 0.2022870
543.4728, 1.317630
543.9550, 0.5682350
544.4371, 1.229965
544.9192, 2.130885
545.4013, 1.336401
545.8834, 0.1205640
546.3655, 0.2882260
546.8477, 1.708354
547.3298, 2.274943
547.8119, 1.209999
548.2940, 0.1144670
548.7761, 0.7176280
549.2582, 2.411159
549.7404, 3.490095
550.2225, 3.371482
550.7046, 2.837806
551.1867, 2.145459
551.6688, 1.436686
552.1509, 1.059508
552.6331, 1.124294
553.1152, 1.449710
553.5973, 1.869823
554.0794, 2.467000
554.5615, 2.629523
555.0436, 1.852943
555.5258, 1.264571
556.0079, 1.450176
556.4900, 2.023630
556.9721, 2.397905
557.4542, 2.359184
557.9363, 2.115257
558.4185, 1.899044
558.9006, 1.690879
559.3827, 1.763084
559.8648, 2.571059
560.3469, 3.064134
560.8290, 2.608624
561.3112, 1.585548
561.7933, 0.5657020
562.2754, 0.3887320
562.7575, -7.7618115E-02
563.2396, 0.7740790
563.7217, 4.6342000E-02
564.2039, 0.8646470
564.6860, 1.624954
565.1681, 2.046489
565.6502, 1.623117
566.1323, 0.4517400
566.6144, 0.2301300
567.0966, 2.014264
567.5787, 3.533252
568.0608, 3.710265
568.5429, 3.177518
569.0250, 2.815098
569.5071, 2.835159
569.9893, 3.033335
570.4714, 3.186100
570.9535, 3.295158
571.4356, 2.964770
571.9177, 1.389551
572.3998, 0.4030940
572.8820, 0.9182660
573.3641, 1.989140
573.8462, 2.511634
574.3283, 2.220867
574.8104, 1.756324
575.2925, 1.803509
575.7747, 2.207566
576.2568, 2.207072
576.7389, 1.639824
577.2210, 1.134305
577.7031, 1.185976
578.1852, 1.532059
578.6674, 1.495708
579.1495, 0.8189760
579.6316, 0.3740430
580.1137, 0.6965250
580.5958, 1.289172
581.0779, 1.455600
581.5601, 1.148261
582.0422, 0.7928980
582.5243, 0.7101350
583.0064, 0.8576880
583.4885, 0.9904140
583.9706, 1.154926
584.4528, 1.231825
584.9349, 1.147040
585.4170, 1.027411
585.8991, 1.019651
586.3812, 1.088438
586.8633, 1.006424
587.3455, 0.4772140
587.8276, 0.2217200
588.3097, 0.2390430
588.7918, 0.5466380
589.2739, 1.272204
589.7560, 1.692150
590.2382, 1.897786
590.7203, 1.987635
591.2024, 1.964045
591.6845, 1.898482
592.1666, 1.728685
592.6487, 1.591668
593.1309, 1.745976
593.6130, 2.062460
594.0951, 2.013272
594.5772, 1.325893
595.0593, 0.4715060
595.5414, 0.3008950
596.0236, 1.107612
596.5057, 1.744407
596.9878, 2.323063
597.4699, 2.642975
597.9520, 2.450939
598.4341, 1.986786
598.9163, 1.633751
599.3984, 1.547556
599.8805, 1.613413
600.3626, 1.772769
600.8447, 2.015111
601.3268, 1.812622
601.8090, 1.073924
602.2911, 0.3892420
602.7732, 6.5838002E-02
603.2553, 5.3527001E-02
603.7374, 0.3414900
604.2195, 1.179356
604.7017, 1.851796
605.1838, 1.921973
605.6659, 1.627527
606.1480, 1.222964
606.6301, 0.7945340
607.1122, 0.5323880
607.5944, 0.6256430
608.0765, 1.017521
608.5586, 1.280948
609.0407, 1.403572
609.5228, 1.398861
610.0049, 0.8962310
610.4871, 0.5472940
610.9692, 1.192265
611.4513, 2.599126
611.9334, 3.531732
612.4155, 2.980161
612.8976, 1.558015
613.3798, 0.6342410
613.8619, 0.2846750
614.3440, 0.1454880
614.8261, 0.1971510
615.3082, 0.3082820
615.7903, 0.2247160
616.2725, 3.0334000E-02
616.7546, 7.4059002E-02
617.2367, 1.017996
617.7188, 2.003879
618.2009, 2.523949
618.6830, 2.677417
619.1652, 2.654273
619.6473, 2.498471
620.1294, 2.319412
620.6115, 2.383267
621.0936, 2.843947
621.5757, 2.832380
622.0579, 1.285605
622.5400, 0.4364400
623.0221, 1.756444
623.5042, 3.620724
623.9863, 3.906257
624.4684, 2.153144
624.9506, 0.2839980
625.4326, 4.0398002E-02
625.9147, 0.9188250
626.3969, 1.628187
626.8790, 2.116769
627.3611, 2.257037
627.8432, 1.744276
628.3253, 1.030153
628.8074, 1.332653
629.2896, 3.153380
629.7717, 4.203501
630.2538, 3.473445
630.7359, 2.444536
631.2180, 2.249521
631.7001, 2.678987
632.1823, 2.959806
632.6644, 2.699873
633.1465, 2.102589
633.6286, 1.460213
634.1107, 0.6783280
634.5928, 0.3463550
635.0750, 0.9884260
635.5571, 1.454399
636.0392, 0.7768380
636.5213, 0.3411070
637.0034, 0.5712550
637.4855, 0.6828970
637.9677, 2.000857
638.4498, 2.321745
638.9319, 1.994989
639.4140, 1.626710
639.8961, 1.310112
640.3782, 1.071167
640.8604, 0.9482950
641.3425, 0.9003790
641.8246, 0.7559820
642.3067, 0.1443800
642.7888, 3.3323001E-02
643.2709, 0.6261370
643.7531, 1.382490
644.2352, 1.750541
644.7173, 1.778153
645.1994, 1.738249
645.6815, 1.742613
646.1636, 1.813939
646.6458, 1.980871
647.1279, 2.221283
647.6100, 2.575353
648.0921, 3.177117
648.5742, 3.627254
649.0563, 3.478137
649.5385, 2.885159
650.0206, 2.434142
650.5027, 2.097556
650.9848, 2.007527
651.4669, 2.404701
651.9490, 2.980063
652.4312, 3.462709
652.9133, 3.751067
653.3954, 3.619887
653.8775, 2.800964
654.3596, 1.577874
654.8417, 1.234746
655.3239, 2.312513
655.8060, 2.976594
656.2881, 2.511052
656.7702, 1.905873
657.2523, 1.739317
657.7344, 1.921106
658.2166, 2.045944
658.6987, 1.919538
659.1808, 1.730191
659.6629, 1.709885
660.1450, 1.769894
660.6271, 1.624614
661.1093, 1.204490
661.5914, 0.7172060
662.0735, 0.3188590
662.5556, 1.6654000E-02
663.0377, 8.0871001E-02
663.5198, 0.1483510
664.0020, 0.4278390
664.4841, 0.6442480
664.9662, 0.9679240
665.4483, 1.797936
665.9304, 2.926988
666.4125, 3.506855
666.8947, 2.793866
667.3768, 1.543733
667.8589, 1.345077
668.3410, 0.9520170
668.8231, 0.7033521
669.3052, 0.9347210
669.7874, 0.5040460
670.2695, 0.7474970
670.7516, 0.1387170
671.2337, 0.7986300
671.7158, 1.293083
672.1979, 1.458763
672.6801, 0.9218230
673.1622, 0.2138560
673.6443, 2.1732001E-02
674.1264, 0.2321040
674.6085, 0.5120740
675.0906, 0.4328420
675.5728, 0.1093850
676.0549, 0.1469600
676.5370, 0.4070610
677.0191, 0.2425090
677.5012, 0.9039190
677.9833, 0.7910236
678.4655, 1.900663
678.9476, 1.019594
679.4297, 0.5145190
679.9118, 0.8234850
680.3939, 1.327551
680.8760, 1.756427
681.3582, 2.120094
681.8403, 2.490051
682.3224, 2.850167
682.8045, 3.008478
683.2866, 2.784074
683.7687, 2.255104
684.2509, 1.760060
684.7330, 1.133061
685.2151, 0.9063170
685.6972, 1.606025
686.1793, 2.325527
686.6614, 2.572783
687.1436, 2.407871
687.6257, 2.049026
688.1078, 1.395369
688.5899, 0.9048950
689.0720, 1.180701
689.5541, 1.940439
690.0363, 2.357514
690.5184, 2.268247
691.0005, 2.130306
691.4826, 2.305035
691.9647, 2.696686
692.4468, 2.849547
692.9290, 2.607748
693.4111, 2.369380
693.8932, 2.119529
694.3753, 1.886822
694.8574, 1.632132
695.3395, 1.479844
695.8217, 1.608751
696.3038, 2.195722
696.7859, 2.794609
697.2680, 2.910937
697.7501, 2.630099
698.2322, 2.168952
698.7144, 1.538125
699.1965, 1.059162
699.6786, 0.9838750
700.1607, 1.201871
700.6428, 1.328282
701.1249, 1.313609
701.6071, 1.289472
702.0892, 1.268726
702.5713, 1.228300
703.0534, 1.018104
703.5355, 0.8034950
704.0176, 1.024596
704.4998, 1.901219
704.9819, 2.707923
705.4640, 2.223972
705.9461, 0.8297310
706.4282, 0.5449860
706.9103, 1.700644
707.3925, 2.732974
707.8745, 2.703904
708.3566, 2.060635
708.8387, 1.868295
709.3209, 2.399003
709.8030, 2.558483
710.2851, 1.930530
710.7672, 1.256501
711.2493, 0.8357310
711.7314, 0.7310340
712.2136, 1.037444
712.6957, 1.792583
713.1778, 2.504493
713.6599, 2.451097
714.1420, 1.823354
714.6241, 1.786312
715.1063, 2.492797
715.5884, 2.832286
716.0705, 2.072983
716.5526, 0.9985010
717.0347, 0.9912630
717.5168, 2.234483
717.9990, 2.812971
718.4811, 1.837098
718.9632, 0.9607580
719.4453, 1.099650
719.9274, 1.751718
720.4095, 2.264674
720.8917, 2.450631
721.3738, 2.397946
721.8559, 2.092997
722.3380, 1.646195
722.8201, 1.491267
723.3022, 1.664798
723.7844, 1.823657
724.2665, 1.945788
724.7486, 1.898400
725.2307, 1.412340
725.7128, 0.5352610
726.1949, 2.9663000E-02
726.6771, 0.3656830
727.1592, 0.2399040
727.6413, 0.8369810
728.1234, 2.121014
728.6055, 2.951163
729.0876, 3.165872
729.5698, 2.871319
730.0519, 2.050238
730.5340, 1.001090
731.0161, 0.3261150
731.4982, 3.0174000E-02
731.9803, 2.4146000E-02
732.4625, 0.1514810
732.9446, 0.5681980
733.4267, 1.471920
733.9088, 2.621389
734.3909, 3.160394
734.8730, 2.964862
735.3552, 2.481236
735.8373, 1.383512
736.3194, 0.3502790
736.8015, 0.1265350
737.2836, 8.5566998E-02
737.7657, 0.3207750
738.2479, 1.036498
738.7300, 1.779935
739.2121, 2.187042
739.6942, 2.272760
740.1763, 2.101292
740.6584, 1.592124
741.1406, 1.231361
741.6227, 1.313784
742.1048, 1.635540
742.5869, 1.836454
743.0690, 1.920869
743.5511, 1.992279
744.0333, 2.152859
744.5154, 2.184188
744.9975, 1.986791
745.4796, 1.603000
745.9617, 0.9235790
746.4438, 6.5890001E-03
746.9260, 0.6688310
747.4081, 0.6333830
747.8902, 6.0823999E-02
748.3723, 0.7327910
748.8544, 1.757469
749.3365, 2.315400
749.8187, 2.085049
750.3008, 1.663409
750.7829, 1.711647
751.2650, 2.205267
751.7471, 2.294896
752.2292, 1.429848
752.7114, 0.9371630
753.1935, 1.421867
753.6756, 2.078534
754.1577, 2.159869
754.6398, 1.783769
755.1219, 1.563527
755.6041, 1.829311
756.0862, 2.317834
756.5683, 2.803294
757.0504, 3.229020
757.5325, 3.290860
758.0146, 2.934275
758.4968, 2.549339
758.9789, 2.359592
759.4610, 2.283217
759.9431, 2.094643
760.4252, 1.746095
760.9073, 1.393866
761.3895, 0.8665490
761.8716, 0.5265080
762.3537, 0.6764130
762.8358, 1.029437
763.3179, 1.160732
763.8000, 0.9844650
764.2822, 0.8641500
764.7643, 1.016330
765.2464, 1.407131
765.7285, 2.259439
766.2106, 3.379247
766.6927, 3.768928
767.1749, 3.091301
767.6570, 1.927212
768.1391, 0.8366570
768.6212, 0.1678020
769.1033, 0.6020860
769.5854, 0.1432870
770.0676, 0.3378750
770.5497, 0.8764340
771.0318, 1.249604
771.5139, 1.169774
771.9960, 0.7845250
772.4781, 0.5647080
772.9603, 0.6803930
773.4424, 0.9521210
773.9245, 1.417636
774.4066, 1.882943
774.8887, 2.067826
775.3708, 1.957890
775.8530, 1.599547
776.3351, 0.9903420
776.8172, 0.3944670
777.2993, 0.3476510
777.7814, 0.9131690
778.2635, 1.636847
778.7457, 2.846822
779.2278, 3.558104
779.7099, 2.951423
780.1920, 1.831245
780.6741, 1.191503
781.1563, 1.066412
781.6384, 1.174648
782.1205, 1.642030
782.6026, 2.116973
783.0847, 2.407792
783.5668, 2.572857
784.0490, 2.775084
784.5311, 2.979887
785.0132, 2.890599
785.4953, 2.144485
785.9774, 1.099982
786.4595, 0.7168030
786.9417, 0.9971540
787.4238, 1.561302
787.9059, 2.543593
788.3880, 3.099509
788.8701, 2.344574
789.3522, 0.7020950
789.8343, 0.1342530
790.3164, 0.1207920
790.7985, 0.6249370
791.2806, 1.997783
791.7628, 2.941768
792.2449, 2.290545
792.7270, 0.8654900
793.2091, 4.6677999E-02
793.6912, 0.2403190
794.1733, 0.8478310
794.6555, 1.630107
795.1376, 2.380274
795.6197, 2.669037
796.1018, 2.535573
796.5839, 2.190256
797.0660, 1.676034
797.5482, 1.411177
798.0303, 2.003144
798.5124, 3.337911
798.9945, 3.445364
799.4766, 1.442902
799.9587, 8.6934999E-02
800.4409, 0.5391170
800.9230, 0.5720660
801.4051, 0.5190990
801.8872, 0.3445620
802.3693, 0.1217470
802.8514, 1.050359
803.3336, 1.940696
803.8157, 2.714756
804.2978, 3.181823
804.7799, 2.905898
805.2620, 2.150883
805.7441, 1.523830
806.2263, 1.254117
806.7084, 1.334254
807.1905, 1.960811
807.6726, 3.022454
808.1547, 3.353256
808.6368, 2.821888
809.1190, 2.292139
809.6011, 2.022475
810.0832, 1.913781
810.5653, 1.853019
811.0474, 1.843817
811.5295, 1.983269
812.0117, 2.820007
812.4938, 3.060448
812.9759, 1.702863
813.4580, 0.2726230
813.9401, 0.2571650
814.4222, 1.226940
814.9044, 1.647388
815.3865, 0.7544220
815.8686, 0.2122420
816.3507, 0.1405400
816.8328, 1.229470
817.3149, 2.005819
817.7971, 2.378434
818.2792, 2.234694
818.7613, 1.507253
819.2434, 0.7825980
819.7255, 0.9308690
820.2076, 2.003471
820.6898, 2.428257
821.1719, 1.802735
821.6540, 1.365707
822.1361, 1.732417
822.6182, 2.146511
823.1003, 1.820968
823.5825, 0.9536860
824.0646, 0.5027000
824.5467, 0.9028870
825.0288, 1.359328
825.5109, 1.504906
825.9930, 1.612318
826.4752, 2.133804
826.9573, 2.817084
827.4394, 2.900877
827.9215, 1.996880
828.4036, 1.000718
828.8857, 1.195133
829.3679, 2.229511
829.8500, 2.743822
830.3321, 2.700672
830.8142, 2.611469
831.2963, 2.617538
831.7784, 2.617679
832.2606, 2.471845
832.7427, 2.182967
833.2248, 1.881430
833.7069, 1.439185
834.1890, 1.192477
834.6711, 1.380258
835.1533, 1.577840
835.6354, 1.283470
836.1175, 0.8116160
836.5996, 1.050452
837.0817, 2.485250
837.5638, 3.763215
838.0460, 4.320818
838.5281, 4.256551
839.0102, 3.315358
839.4923, 1.887371
839.9744, 0.7805750
840.4565, 0.2992940
840.9387, 0.4270930
841.4208, 1.434876
841.9029, 2.929710
842.3850, 3.162491
842.8671, 2.069970
843.3492, 1.209632
843.8314, 0.9491590
844.3135, 1.068065
844.7956, 1.522056
845.2777, 2.175429
845.7598, 2.344707
846.2419, 1.304756
846.7241, 0.9391330
847.2062, 1.881195
847.6883, 2.780976
848.1704, 2.978153
848.6525, 2.762370
849.1346, 2.644349
849.6168, 2.723964
850.0989, 2.638786
850.5810, 1.985526
851.0631, 1.280519
851.5452, 0.9872660
852.0273, 0.9911620
852.5095, 1.152261
852.9916, 1.380633
853.4737, 1.382800
853.9558, 0.8628100
854.4379, 0.2052500
854.9200, 0.4414400
855.4022, 1.545304
855.8843, 2.161441
856.3664, 2.086274
856.8485, 1.818214
857.3306, 1.594639
857.8127, 1.364557
858.2949, 0.9350690
858.7770, 0.1172290
859.2591, 0.1197890
859.7412, 2.084589
860.2233, 3.399062
860.7054, 2.973150
861.1876, 1.993470
861.6697, 1.381298
862.1518, 1.203288
862.6339, 1.303015
863.1160, 1.862381
863.5981, 2.251878
864.0803, 1.666092
864.5624, 0.8716490
865.0445, 0.8268460
865.5266, 1.424595
866.0087, 2.137028
866.4908, 2.726415
866.9730, 3.042085
867.4551, 2.803345
867.9372, 2.132485
868.4193, 1.506007
868.9014, 0.9231040
869.3835, 0.5339490
869.8657, 0.3585360
870.3478, 0.5059230
870.8299, 1.184277
871.3120, 2.242847
871.7941, 2.816263
872.2762, 2.668027
872.7583, 2.487926
873.2404, 2.615172
873.7225, 2.362534
874.2047, 2.206782
874.6868, 0.8505690
875.1689, 1.516699
875.6510, 0.8802310
876.1331, 6.8799998E-03
876.6152, 1.165353
877.0974, 2.053272
877.5795, 1.925396
878.0616, 1.549876
878.5437, 2.250026
879.0258, 3.866575
879.5079, 4.884714
879.9901, 4.302036
880.4722, 3.126878
880.9543, 2.735701
881.4364, 2.903088
881.9185, 2.921357
882.4006, 2.742495
882.8828, 2.569147
883.3649, 2.504746
883.8470, 2.357533
884.3291, 1.786737
884.8112, 1.826946
885.2933, 0.5696810
885.7755, 1.436259
886.2576, 1.890779
886.7397, 1.410351
887.2218, 0.7035650
887.7039, 2.1336000E-02
888.1860, 0.4542240
888.6682, 0.1047620
889.1503, 1.622746
889.6324, 2.877399
890.1145, 3.342506
890.5966, 3.338382
891.0787, 2.583516
891.5609, 1.696487
892.0430, 1.662178
892.5251, 2.493767
893.0072, 3.013216
893.4893, 2.233658
893.9714, 1.267896
894.4536, 1.398221
894.9357, 1.995069
895.4178, 1.835054
895.8999, 0.9492790
896.3820, 0.2570410
896.8641, 0.2428350
897.3463, 0.6414670
897.8284, 1.146591
898.3105, 1.646993
898.7926, 1.533205
899.2747, 0.7821020
899.7568, 0.7310370
900.2390, 2.008034
900.7211, 3.302040
901.2032, 3.262347
901.6853, 2.130607
902.1674, 1.423213
902.6495, 1.379244
903.1317, 1.260041
903.6138, 0.8025180
904.0959, 0.5343960
904.5780, 0.9414190
905.0601, 1.545304
905.5422, 1.564041
906.0244, 0.8923940
906.5065, 0.6227480
906.9886, 1.572994
907.4707, 2.310558
907.9528, 1.870304
908.4349, 1.106159
908.9171, 0.8807360
909.3992, 1.192317
909.8813, 1.721265
910.3634, 2.407635
910.8455, 2.770120
911.3276, 2.027181
911.8098, 0.8644570
912.2919, 0.3779120
912.7740, 0.5022470
913.2561, 0.8486410
913.7382, 1.277280
914.2203, 1.699547
914.7025, 2.070762
915.1846, 2.313012
915.6667, 2.107145
916.1488, 1.447950
916.6309, 0.9575660
917.1130, 0.7009590
917.5952, 0.6831880
918.0773, 0.9721850
918.5594, 1.388083
919.0415, 1.647717
919.5236, 1.777927
920.0057, 1.516721
920.4879, 0.2646050
920.9700, 0.3930440
921.4521, 0.3422410
921.9342, 1.376839
922.4163, 2.059842
922.8984, 2.375236
923.3806, 2.533602
923.8627, 2.462120
924.3448, 2.543535
924.8269, 2.888407
925.3090, 3.233809
925.7911, 3.645131
926.2733, 3.957993
926.7554, 3.979355
927.2375, 3.677587
927.7196, 3.093196
928.2017, 2.044425
928.6838, 1.064322
929.1660, 0.5598530
929.6481, 0.4779150
930.1302, 0.9534690
930.6123, 1.783038
931.0944, 2.299890
931.5765, 2.226438
932.0587, 1.871783
932.5408, 1.438651
933.0229, 1.013952
933.5050, 1.024797
933.9871, 1.439205
934.4692, 1.765768
934.9514, 1.902934
935.4335, 2.076084
935.9156, 2.482627
936.3977, 2.431848
936.8798, 2.958721
937.3619, 2.427196
937.8441, 2.093641
938.3262, 1.967530
938.8083, 2.049009
939.2904, 2.624318
939.7725, 3.043732
940.2546, 2.413694
940.7368, 0.9070720
941.2189, 0.1559950
941.7010, 0.9176580
942.1831, 1.242612
942.6652, 0.5857390
943.1473, 2.6278000E-02
943.6295, 8.2604997E-02
944.1116, 0.2029160
944.5937, 0.5534310
945.0758, 0.9281480
945.5579, 1.301348
946.0400, 1.609082
946.5222, 1.975697
947.0043, 2.687056
947.4864, 3.260263
947.9685, 3.046054
948.4506, 2.276810
948.9327, 1.632530
949.4149, 1.362455
949.8970, 1.257839
950.3791, 1.143046
950.8612, 1.091510
951.3433, 1.244822
951.8254, 1.532688
952.3076, 1.903200
952.7897, 2.268224
953.2718, 2.214701
953.7539, 1.439761
954.2360, 1.569314
954.7181, 0.5151210
955.2002, 1.106469
955.6823, 0.7359090
956.1644, 0.5902440
956.6465, 1.658681
957.1287, 2.078044
957.6108, 2.100720
958.0929, 1.916979
958.5750, 1.604953
959.0571, 1.553724
959.5392, 1.936615
960.0214, 1.950018
960.5035, 1.212749
960.9856, 0.8149030
961.4677, 1.440333
961.9498, 2.379937
962.4319, 2.636406
962.9141, 2.193031
963.3962, 1.959005
963.8783, 1.969976
964.3604, 2.140485
964.8425, 2.455406
965.3246, 2.928336
965.8068, 4.029831
966.2889, 5.115053
966.7710, 4.800075
967.2531, 2.748651
967.7352, 1.636594
968.2173, 2.877809
968.6995, 4.085766
969.1816, 4.440724
969.6637, 4.283295
970.1458, 3.711764
970.6279, 3.003755
971.1100, 2.645886
971.5922, 2.848519
972.0743, 2.947528
972.5564, 2.423307
973.0385, 1.756104
973.5206, 1.172918
974.0027, 0.8523270
974.4849, 1.048201
974.9670, 1.732805
975.4491, 2.611944
975.9312, 3.577442
976.4133, 4.370250
976.8954, 4.820644
977.3776, 4.837176
977.8597, 4.058424
978.3418, 2.687552
978.8239, 1.267590
979.3060, 6.8246998E-02
979.7881, 0.4707630
980.2703, 0.1638820
980.7524, 1.229130
981.2345, 0.8694990
981.7166, 0.5554040
982.1987, 0.6290800
982.6808, 0.7781530
983.1630, 1.112019
983.6451, 2.215302
984.1272, 2.158499
984.6093, 2.458859
985.0914, 2.960162
985.5735, 2.792175
986.0557, 1.793850
986.5378, 1.411849
987.0199, 1.949214
987.5020, 2.500784
987.9841, 2.624958
988.4662, 2.542879
988.9484, 2.532061
989.4305, 2.593149
989.9126, 2.929993
990.3947, 4.060718
990.8768, 4.267735
991.3589, 2.645206
991.8411, 1.038549
992.3232, 0.3899860
992.8053, 0.4624920
993.2874, 0.9907190
993.7695, 2.091913
994.2516, 2.779410
994.7338, 2.746993
995.2159, 2.712682
995.6980, 2.920770
996.1801, 3.059859
996.6622, 2.788095
997.1443, 2.334698
997.6265, 2.200088
998.1086, 2.501541
998.5907, 2.731947
999.0728, 2.584762
999.5549, 2.567084
1000.037, 3.055775
1000.519, 3.641354
1001.001, 4.124299
1001.483, 4.337322
1001.966, 3.819669
1002.448, 2.277089
1002.930, 1.179335
1003.412, 1.596777
1003.894, 2.390328
1004.376, 2.880765
1004.858, 3.148633
1005.340, 3.454388
1005.822, 3.696276
1006.305, 3.503694
1006.787, 2.707612
1007.269, 2.002123
1007.751, 1.946427
1008.233, 2.302371
1008.715, 3.120527
1009.197, 4.014598
1009.679, 4.153889
1010.161, 3.536607
1010.644, 2.883824
1011.126, 2.587842
1011.608, 2.565758
1012.090, 2.871550
1012.572, 3.271583
1013.054, 3.376185
1013.536, 3.285624
1014.018, 3.225250
1014.501, 3.179227
1014.983, 3.045424
1015.465, 2.773487
1015.947, 2.258177
1016.429, 0.9126590
1016.911, 0.8045310
1017.393, 0.8999050
1017.875, 0.4935290
1018.357, 1.881272
1018.840, 2.825084
1019.322, 3.228424
1019.804, 2.928447
1020.286, 2.337941
1020.768, 2.510087
1021.250, 3.361537
1021.732, 3.705459
1022.214, 3.481691
1022.697, 3.273413
1023.179, 3.291680
1023.661, 3.121957
1024.143, 2.328613
1024.625, 1.181717
1025.107, 0.5852930
1025.589, 0.6040200
1026.071, 0.2674480
1026.553, 0.6874480
1027.036, 0.6158580
1027.518, 1.349817
1028.000, 3.579675
1028.482, 4.541500
1028.964, 4.416228
1029.446, 3.851214
1029.928, 2.708276
1030.410, 1.630356
1030.892, 0.4407990
1031.375, 0.1420630
1031.857, 0.2420930
1032.339, 1.178832
1032.821, 2.459453
1033.303, 3.896406
1033.785, 4.497571
1034.267, 3.846525
1034.749, 3.413627
1035.232, 3.350632
1035.714, 3.254800
1036.196, 3.039927
1036.678, 2.658171
1037.160, 1.771039
1037.642, 0.5881910
1038.124, 0.6364800
1038.606, 3.014102
1039.089, 4.359312
1039.571, 4.144945
1040.053, 3.533956
1040.535, 2.527132
1041.017, 1.628054
1041.499, 1.536110
1041.981, 2.075359
1042.463, 2.282635
1042.945, 1.882775
1043.427, 1.656565
1043.910, 1.717680
1044.392, 1.854428
1044.874, 2.056880
1045.356, 2.251979
1045.838, 2.424514
1046.320, 2.536126
1046.802, 2.422353
1047.284, 1.962567
1047.767, 1.517206
1048.249, 1.097206
1048.731, 0.7443300
1049.213, 0.3594740
1049.695, 0.1379510
1050.177, 0.3011570
1050.659, 0.7997680
1051.141, 1.431977
1051.624, 2.326042
1052.106, 2.919691
1052.588, 3.103432
1053.070, 2.944734
1053.552, 2.215980
1054.034, 1.408257
1054.516, 0.9569990
1054.998, 0.8406240
1055.480, 0.8708530
1055.963, 1.044557
1056.445, 1.240665
1056.927, 1.504622
1057.409, 1.686942
1057.891, 1.677407
1058.373, 1.579153
1058.855, 1.294289
1059.337, 1.030913
1059.819, 1.513818
1060.302, 3.231839
1060.784, 4.145946
1061.266, 3.010131
1061.748, 1.553432
1062.230, 0.2036910
1062.712, 0.6782180
1063.194, 0.6019080
1063.676, 0.1927290
1064.159, 1.137606
1064.641, 2.173557
1065.123, 2.763814
1065.605, 2.334437
1066.087, 1.880605
1066.569, 1.875107
1067.051, 2.039052
1067.533, 2.225843
1068.016, 2.351372
1068.498, 2.218379
1068.980, 1.753899
1069.462, 1.572727
1069.944, 2.310242
1070.426, 2.940681
1070.908, 2.782905
1071.390, 2.395922
1071.872, 2.379437
1072.354, 2.522259
1072.837, 2.140342
1073.319, 1.108538
1073.801, 0.5412240
1074.283, 1.493815
1074.765, 2.241467
1075.247, 1.746008
1075.729, 1.067082
1076.211, 1.050143
1076.694, 1.414515
1077.176, 1.497180
1077.658, 1.195463
1078.140, 0.9532570
1078.622, 0.8529560
1079.104, 1.004158
1079.586, 1.600850
1080.068, 2.332148
1080.550, 3.214717
1081.033, 3.924377
1081.515, 3.851119
1081.997, 3.027874
1082.479, 2.352971
1082.961, 2.173754
1083.443, 2.181845
1083.925, 2.529565
1084.407, 2.652680
1084.890, 2.025814
1085.372, 1.168827
1085.854, 0.6572160
1086.336, 0.5374670
1086.818, 0.5511950
1087.300, 0.6848440
1087.782, 0.7406130
1088.264, 0.5454900
1088.746, 0.3468480
1089.229, 7.7546999E-02
1089.711, 5.7298999E-02
1090.193, 0.8963210
1090.675, 2.259201
1091.157, 2.869371
1091.639, 2.191972
1092.121, 1.661467
1092.603, 2.233978
1093.085, 2.584037
1093.568, 1.661536
1094.050, 0.4845160
1094.532, 6.4819001E-02
1095.014, 4.6560001E-03
1095.496, 0.6026410
1095.978, 1.822868
1096.460, 2.422425
1096.942, 1.276633
1097.425, 0.4049790
1097.907, 0.8640420
1098.389, 1.655544
1098.871, 2.166158
1099.353, 2.341488
1099.835, 2.005216
1100.317, 1.139050
1100.799, 0.9230080
1101.281, 2.472276
1101.764, 3.530496
1102.246, 3.296373
1102.728, 2.600861
1103.210, 1.562418
1103.692, 0.6155790
1104.174, 0.3556800
1104.656, 0.7761930
1105.138, 1.370786
1105.620, 2.509851
1106.103, 2.935794
1106.585, 1.874962
1107.067, 0.8254130
1107.549, 0.4960520
1108.031, 0.4714730
1108.513, 0.3146030
1108.995, 4.7672000E-02
1109.477, 0.1770510
1109.960, 0.6382990
1110.442, 0.3356230
1110.924, 2.007247
1111.406, 3.520202
1111.888, 2.499638
1112.370, 1.165043
1112.852, 1.532709
1113.334, 2.871258
1113.817, 3.217921
1114.299, 2.299852
1114.781, 1.618646
1115.263, 1.177825
1115.745, 0.9726180
1116.227, 1.004121
1116.709, 1.286695
1117.191, 2.113603
1117.673, 2.971960
1118.156, 2.898479
1118.638, 3.194286
1119.120, 3.197790
1119.602, 2.461132
1120.084, 2.575740
1120.566, 1.081177
1121.048, 2.4289001E-02
1121.530, 0.3868460
1122.012, 1.146801
1122.495, 0.8986100
1122.977, 0.1177500
1123.459, 0.5927500
1123.941, 0.4543760
1124.423, 9.0269996E-03
1124.905, 0.8984140
1125.387, 1.531405
1125.869, 1.671165
1126.352, 1.404227
1126.834, 0.6694930
1127.316, 0.1807330
1127.798, 0.1966040
1128.280, 0.6620040
1128.762, 1.084572
1129.244, 1.025182
1129.726, 1.003793
1130.208, 1.146704
1130.691, 1.038196
1131.173, 0.3572980
1131.655, 0.2436990
1132.137, 0.3385280
1132.619, 0.5972541
1133.101, 0.9682108
1133.583, 1.837604
1134.065, 1.975994
1134.547, 2.765545
1135.030, 3.153177
1135.512, 2.723735
1135.994, 2.362095
1136.476, 3.000398
1136.958, 4.039616
1137.440, 4.221317
1137.922, 3.716020
1138.404, 2.878805
1138.887, 1.908545
1139.369, 1.664276
1139.851, 2.269623
1140.333, 3.034320
1140.815, 3.576085
1141.297, 3.660884
1141.779, 2.534973
1142.261, 1.060766
1142.744, 0.8411740
1143.226, 1.479703
1143.708, 2.340189
1144.190, 3.096878
1144.672, 2.995333
1145.154, 1.793019
1145.636, 0.6771070
1146.118, 0.6696210
1146.600, 1.093732
1147.083, 1.547490
1147.565, 1.837808
1148.047, 1.435330
1148.529, 0.6943880
1149.011, 0.4337830
1149.493, 0.7540280
1149.975, 1.195994
1150.457, 1.634882
1150.939, 1.971023
1151.422, 2.213713
1151.904, 2.259142
1152.386, 1.959174
1152.868, 1.469650
1153.350, 0.7490420
1153.832, 2.5947001E-02
1154.314, 7.3090000E-03
1154.796, 1.009431
1155.279, 1.577782
1155.761, 0.6956520
1156.243, 0.1191420
1156.725, 0.9499390
1157.207, 1.786708
1157.689, 1.410005
1158.171, 0.5031260
1158.653, 0.2192600
1159.135, 0.6083040
1159.618, 1.004041
1160.100, 1.570265
1160.582, 1.808726
1161.064, 1.655243
1161.546, 1.230446
1162.028, 1.140419
1162.510, 0.5906550
1162.992, 0.6841570
1163.474, 0.1999890
1163.957, 0.3210650
1164.439, 0.8783710
1164.921, 1.521316
1165.403, 2.397335
1165.885, 2.781692
1166.367, 2.403405
1166.849, 1.985196
1167.331, 1.957551
1167.813, 1.997598
1168.296, 1.677591
1168.778, 1.109490
1169.260, 0.8856290
1169.742, 1.013503
1170.224, 1.592680
1170.706, 2.623276
1171.188, 2.992595
1171.670, 2.330765
1172.153, 1.756956
1172.635, 2.224110
1173.117, 3.038422
1173.599, 2.919833
1174.081, 2.195783
1174.563, 1.811224
1175.045, 1.691156
1175.527, 1.508637
1176.010, 1.231615
1176.492, 1.040446
1176.974, 1.008098
1177.456, 0.9473030
1177.938, 0.5552630
1178.420, 0.2348950
1178.902, 0.6443810
1179.384, 1.273211
1179.866, 1.386929
1180.349, 1.169265
1180.831, 1.043300
1181.313, 1.089417
1181.795, 1.309111
1182.277, 1.725681
1182.759, 2.214292
1183.241, 3.081186
1183.723, 3.569807
1184.205, 2.876277
1184.688, 1.859245
1185.170, 1.166887
1185.652, 0.9018140
1186.134, 1.270334
1186.616, 2.348283
1187.098, 2.887577
1187.580, 2.171444
1188.062, 1.687586
1188.545, 1.628504
1189.027, 1.911256
1189.509, 2.944855
1189.991, 3.858960
1190.473, 3.507905
1190.955, 2.291567
1191.437, 1.839152
1191.919, 2.395366
1192.401, 2.657357
1192.884, 2.622034
1193.366, 2.204419
1193.848, 1.205994
1194.330, 0.5559150
1194.812, 0.8298990
1195.294, 1.647590
1195.776, 2.594934
1196.258, 3.502906
1196.740, 3.508411
1197.223, 2.711730
1197.705, 2.014048
1198.187, 1.529582
1198.669, 1.747287
1199.151, 2.724192
1199.633, 3.340586
1200.115, 2.773459
1200.597, 1.909164
1201.080, 2.014237
1201.562, 1.646263
1202.044, 2.338808
1202.526, 1.864488
1203.008, 2.211315
1203.490, 3.010915
1203.972, 2.714674
1204.454, 0.9947680
1204.937, 0.4473680
1205.419, 0.5191470
1205.901, 0.2439230
1206.383, 0.3685940
1206.865, 0.2904350
1207.347, 0.8207050
1207.829, 2.139551
1208.311, 2.569697
1208.793, 2.287752
1209.276, 2.201481
1209.758, 2.522416
1210.240, 2.704052
1210.722, 2.481059
1211.204, 2.298691
1211.686, 2.163824
1212.168, 2.272295
1212.650, 2.323320
1213.132, 3.297051
1213.615, 2.656380
1214.097, 3.220808
1214.579, 3.507838
1215.061, 3.261290
1215.543, 3.414018
1216.025, 3.659425
1216.507, 3.022784
1216.989, 2.354035
1217.472, 1.937338
1217.954, 1.948573
1218.436, 2.237594
1218.918, 2.687468
1219.400, 3.147034
1219.882, 3.157073
1220.364, 2.774682
1220.846, 2.212903
1221.328, 1.627124
1221.811, 1.420475
1222.293, 1.615237
1222.775, 1.695505
1223.257, 1.337897
1223.739, 1.105738
1224.221, 1.693837
1224.703, 2.456455
1225.185, 3.104089
1225.667, 3.292296
1226.150, 1.979757
1226.632, 0.1462600
1227.114, 0.1751850
1227.596, 1.232093
1228.078, 2.610124
1228.560, 3.667714
1229.042, 4.203503
1229.524, 3.941841
1230.007, 3.446846
1230.489, 2.676538
1230.971, 2.017418
1231.453, 1.791695
1231.935, 1.841114
1232.417, 1.891254
1232.899, 1.942105
1233.381, 1.982495
1233.864, 1.994005
1234.346, 2.139612
1234.828, 2.519903
1235.310, 2.387854
1235.792, 1.399712
1236.274, 0.7383750
1236.756, 1.397867
1237.238, 2.554583
1237.720, 2.709441
1238.203, 2.213987
1238.685, 2.247758
1239.167, 2.640880
1239.649, 2.889810
1240.131, 2.948558
1240.613, 2.890647
1241.095, 2.758417
1241.577, 2.641157
1242.059, 2.563113
1242.542, 2.624495
1243.024, 2.896525
1243.506, 3.350736
1243.988, 4.358165
1244.470, 5.212452
1244.952, 5.005103
1245.434, 4.014451
1245.916, 2.780961
1246.398, 1.436856
1246.881, 0.8469940
1247.363, 1.512967
1247.845, 2.367128
1248.327, 3.789168
1248.809, 4.661857
1249.291, 4.501219
1249.773, 3.904771
1250.255, 3.216400
1250.738, 2.539962
1251.220, 2.082839
1251.702, 1.831161
1252.184, 1.518483
1252.666, 1.149200
1253.148, 1.744330
1253.630, 3.297671
1254.112, 3.800529
1254.594, 2.709743
1255.077, 1.763225
1255.559, 2.195627
1256.041, 3.109962
1256.523, 3.760636
1257.005, 3.982730
1257.487, 3.208315
1257.969, 2.101177
1258.451, 1.793209
1258.933, 1.971543
1259.416, 1.560197
1259.898, 0.5027020
1260.380, 8.4579997E-03
1260.862, 0.5854990
1261.344, 1.375964
1261.826, 2.353136
1262.308, 3.099366
1262.790, 3.173597
1263.273, 3.260175
1263.755, 4.289761
1264.237, 5.270281
1264.719, 4.454462
1265.201, 4.578226
1265.683, 4.055518
1266.165, 2.750543
1266.647, 2.600619
1267.130, 0.6593360
1267.612, 0.1263640
1268.094, 0.9817540
1268.576, 1.617288
1269.058, 0.3994540
1269.540, 0.8443010
1270.022, 0.2623610
1270.504, 2.368194
1270.986, 3.158757
1271.469, 3.060997
1271.951, 2.453100
1272.433, 1.796821
1272.915, 2.103353
1273.397, 3.310223
1273.879, 4.138463
1274.361, 4.168831
1274.843, 3.928437
1275.325, 3.304415
1275.808, 2.957297
1276.290, 3.327823
1276.772, 3.768293
1277.254, 2.690998
1277.736, 1.983575
1278.218, 2.325745
1278.700, 3.193810
1279.182, 3.280960
1279.665, 2.515003
1280.147, 1.842768
1280.629, 1.255334
1281.111, 0.9436630
1281.593, 0.9621880
1282.075, 0.7880980
1282.557, 0.2480110
1283.039, 2.0035001E-02
1283.521, 0.4601730
1284.004, 0.4117730
1284.486, 0.0000000E+00
##END=



