##NAMES=Bario-olgite
##RRUFFID=R060614
##IDEAL CHEMISTRY=Na(Na,Sr,Ce)_2_Ba(PO_4_)_2_
##LOCALITY=Palitra pegmatite, Kedykverpakhk Mountain, Lovozero massif, Kola Peninsula, Russia
##OWNER=RRUFF
##SOURCE=Michael Scott
##DESCRIPTION=Grayish-green grains associated with brown manaksite R060693, and purple ussingite
##STATUS=The identification of this mineral has been confirmed by single-crystal X-ray diffraction.
##URL=rruff.info/R060614
93.97052, 18820.21
94.45264, 19058.55
94.93475, 19195.80
95.41687, 19318.63
95.89898, 19462.21
96.38110, 19601.42
96.86321, 19703.82
97.34533, 19741.87
97.82745, 19704.21
98.30956, 19737.26
98.79168, 19890.17
99.27380, 20044.75
99.75591, 20160.46
100.2380, 20249.07
100.7201, 20346.57
101.2023, 20473.61
101.6844, 20627.54
102.1665, 20782.28
102.6486, 20939.37
103.1307, 21094.59
103.6128, 21240.51
104.0950, 21374.84
104.5771, 21510.29
105.0592, 21647.72
105.5413, 21786.02
106.0234, 21925.58
106.5055, 22071.10
106.9877, 22218.17
107.4698, 22349.40
107.9519, 22445.12
108.4340, 22546.54
108.9161, 22668.73
109.3982, 22809.23
109.8804, 22959.43
110.3625, 23111.43
110.8446, 23262.19
111.3267, 23426.36
111.8088, 23621.73
112.2909, 23815.08
112.7731, 23981.44
113.2552, 24121.59
113.7373, 24263.61
114.2194, 24448.20
114.7015, 24722.70
115.1836, 24957.79
115.6658, 25145.98
116.1479, 25301.74
116.6300, 25427.00
117.1121, 25520.35
117.5942, 25607.30
118.0763, 25752.84
118.5584, 25969.96
119.0406, 26200.23
119.5227, 26445.02
120.0048, 26692.81
120.4869, 26908.84
120.9690, 27059.45
121.4511, 27180.92
121.9333, 27348.63
122.4154, 27578.26
122.8975, 27826.33
123.3796, 28059.40
123.8617, 28278.25
124.3438, 28478.98
124.8260, 28629.23
125.3081, 28769.33
125.7902, 28939.76
126.2723, 29159.07
126.7544, 29408.29
127.2365, 29644.06
127.7187, 29867.20
128.2008, 30074.13
128.6829, 30254.98
129.1650, 30424.89
129.6471, 30601.13
130.1292, 30793.15
130.6114, 31001.47
131.0935, 31232.53
131.5756, 31522.83
132.0577, 31804.19
132.5398, 32051.40
133.0219, 32274.20
133.5041, 32496.19
133.9862, 32738.25
134.4683, 33003.61
134.9504, 33279.71
135.4325, 33596.16
135.9146, 33898.87
136.3968, 34141.69
136.8789, 34325.88
137.3610, 34501.38
137.8431, 34720.89
138.3252, 34994.03
138.8073, 35280.83
139.2895, 35592.54
139.7716, 35912.43
140.2537, 36222.96
140.7358, 36519.30
141.2179, 36804.48
141.7000, 37076.68
142.1821, 37336.68
142.6643, 37595.43
143.1464, 37846.95
143.6285, 38098.09
144.1106, 38381.41
144.5927, 38734.77
145.0748, 39085.76
145.5570, 39365.88
146.0391, 39574.39
146.5212, 39772.87
147.0033, 40016.68
147.4854, 40311.51
147.9675, 40599.49
148.4497, 40884.47
148.9318, 41151.85
149.4139, 41381.42
149.8960, 41570.53
150.3781, 41752.18
150.8602, 41972.49
151.3424, 42244.47
151.8245, 42535.55
152.3066, 42863.82
152.7887, 43194.85
153.2708, 43505.38
153.7529, 43784.85
154.2351, 44039.49
154.7172, 44283.01
155.1993, 44495.18
155.6814, 44719.39
156.1635, 44957.33
156.6456, 45208.44
157.1278, 45472.70
157.6099, 45750.98
158.0920, 46039.16
158.5741, 46319.58
159.0562, 46607.14
159.5383, 46872.41
160.0205, 47078.32
160.5026, 47252.87
160.9847, 47467.14
161.4668, 47772.04
161.9489, 48140.98
162.4310, 48445.53
162.9131, 48627.40
163.3953, 48804.96
163.8774, 49055.14
164.3595, 49371.13
164.8416, 49680.21
165.3237, 49932.27
165.8058, 50146.59
166.2880, 50371.76
166.7701, 50624.95
167.2522, 50882.73
167.7343, 51115.03
168.2164, 51316.64
168.6985, 51515.69
169.1807, 51717.61
169.6628, 51927.82
170.1449, 52158.45
170.6270, 52420.05
171.1091, 52700.17
171.5912, 52968.91
172.0734, 53217.50
172.5555, 53470.92
173.0376, 53754.70
173.5197, 54047.98
174.0018, 54320.77
174.4839, 54549.78
174.9661, 54743.96
175.4482, 54955.34
175.9303, 55214.88
176.4124, 55457.37
176.8945, 55643.46
177.3766, 55801.46
177.8588, 55980.13
178.3409, 56219.20
178.8230, 56519.80
179.3051, 56802.06
179.7872, 57042.16
180.2693, 57287.50
180.7515, 57557.71
181.2336, 57845.98
181.7157, 58128.98
182.1978, 58385.96
182.6799, 58612.62
183.1620, 58851.36
183.6441, 59107.32
184.1263, 59367.00
184.6084, 59629.38
185.0905, 59890.82
185.5726, 60139.79
186.0547, 60361.25
186.5368, 60549.95
187.0190, 60755.21
187.5011, 60988.61
187.9832, 61228.10
188.4653, 61459.33
188.9474, 61679.74
189.4296, 61893.28
189.9117, 62099.45
190.3938, 62298.53
190.8759, 62509.93
191.3580, 62739.44
191.8401, 62979.68
192.3223, 63224.60
192.8044, 63474.43
193.2865, 63726.62
193.7686, 63986.70
194.2507, 64250.12
194.7328, 64496.32
195.2150, 64706.88
195.6971, 64898.40
196.1792, 65102.66
196.6613, 65320.56
197.1434, 65555.09
197.6255, 65820.27
198.1077, 66105.09
198.5898, 66375.79
199.0719, 66590.98
199.5540, 66772.71
200.0361, 67020.83
200.5182, 67388.84
201.0004, 67754.95
201.4825, 68050.08
201.9646, 68291.13
202.4467, 68516.88
202.9288, 68743.41
203.4109, 68972.88
203.8930, 69236.38
204.3752, 69581.39
204.8573, 69911.41
205.3394, 70165.52
205.8215, 70370.88
206.3036, 70599.89
206.7857, 70928.05
207.2679, 71365.12
207.7500, 71711.73
208.2321, 71863.41
208.7142, 72014.98
209.1963, 72226.08
209.6784, 72489.65
210.1606, 72767.38
210.6427, 73023.80
211.1248, 73251.29
211.6069, 73511.18
212.0890, 73808.13
212.5711, 74127.98
213.0533, 74489.51
213.5354, 74875.23
214.0175, 75241.74
214.4996, 75543.30
214.9817, 75764.52
215.4638, 76033.80
215.9460, 76355.66
216.4281, 76709.54
216.9102, 77122.84
217.3923, 77572.78
217.8744, 77981.22
218.3565, 78259.98
218.8387, 78384.30
219.3208, 78622.29
219.8029, 79055.88
220.2850, 79522.54
220.7671, 79935.61
221.2492, 80288.29
221.7314, 80605.12
222.2135, 80899.11
222.6956, 81168.57
223.1777, 81458.80
223.6598, 81783.55
224.1419, 82118.88
224.6240, 82456.13
225.1062, 82793.41
225.5883, 83106.24
226.0704, 83362.13
226.5525, 83569.16
227.0346, 83805.69
227.5167, 84070.65
227.9989, 84370.55
228.4810, 84739.20
228.9631, 85180.94
229.4452, 85582.33
229.9273, 85816.59
230.4094, 85943.28
230.8916, 86131.15
231.3737, 86456.60
231.8558, 86827.27
232.3379, 87145.11
232.8200, 87407.39
233.3021, 87634.40
233.7843, 87796.02
234.2664, 87938.49
234.7485, 88138.26
235.2306, 88438.03
235.7127, 88783.21
236.1948, 89109.88
236.6770, 89422.48
237.1591, 89705.01
237.6412, 89947.48
238.1233, 90157.17
238.6054, 90340.16
239.0875, 90501.90
239.5697, 90632.42
240.0518, 90687.23
240.5339, 90618.71
241.0160, 90631.40
241.4981, 90869.66
241.9802, 91196.36
242.4624, 91490.63
242.9445, 91710.55
243.4266, 91881.53
243.9087, 92035.70
244.3908, 92153.02
244.8729, 92308.59
245.3550, 92547.63
245.8372, 92816.48
246.3193, 93078.00
246.8014, 93321.13
247.2835, 93537.80
247.7656, 93720.48
248.2477, 93874.53
248.7299, 93974.02
249.2120, 93954.02
249.6941, 93920.06
250.1762, 93964.63
250.6583, 94114.17
251.1404, 94306.05
251.6226, 94436.75
252.1047, 94483.06
252.5868, 94516.60
253.0689, 94506.34
253.5510, 94512.35
254.0331, 94596.24
254.5153, 94766.39
254.9974, 94960.52
255.4795, 95074.83
255.9616, 95040.52
256.4437, 95077.12
256.9258, 95242.48
257.4080, 95427.84
257.8901, 95558.70
258.3722, 95623.74
258.8543, 95667.30
259.3364, 95751.82
259.8185, 95906.10
260.3007, 96027.87
260.7828, 96133.64
261.2649, 96203.52
261.7470, 96196.94
262.2291, 96125.92
262.7112, 96060.25
263.1934, 96083.11
263.6755, 96223.27
264.1576, 96351.57
264.6397, 96456.69
265.1218, 96560.92
265.6039, 96676.91
266.0861, 96803.95
266.5682, 96937.52
267.0503, 97080.97
267.5324, 97248.47
268.0145, 97317.41
268.4966, 97202.48
268.9788, 97087.68
269.4609, 97077.14
269.9430, 97154.73
270.4251, 97232.04
270.9072, 97232.02
271.3893, 97150.19
271.8715, 97126.85
272.3536, 97198.30
272.8357, 97278.80
273.3178, 97342.16
273.7999, 97385.53
274.2820, 97411.45
274.7642, 97423.12
275.2463, 97418.75
275.7284, 97373.15
276.2105, 97235.12
276.6926, 97120.47
277.1747, 97083.13
277.6568, 97098.51
278.1389, 97107.49
278.6211, 97074.91
279.1032, 97015.97
279.5853, 96998.05
280.0674, 97065.02
280.5495, 97113.30
281.0316, 97124.38
281.5138, 97099.04
281.9959, 97025.39
282.4780, 96890.08
282.9601, 96731.07
283.4422, 96655.62
283.9243, 96710.27
284.4065, 96746.27
284.8886, 96714.48
285.3707, 96651.38
285.8528, 96601.02
286.3349, 96574.59
286.8170, 96586.07
287.2992, 96673.81
287.7813, 96865.89
288.2634, 97030.16
288.7455, 97120.02
289.2276, 97181.03
289.7097, 97280.66
290.1919, 97436.42
290.6740, 97582.72
291.1561, 97627.29
291.6382, 97552.98
292.1203, 97508.12
292.6024, 97503.61
293.0846, 97536.70
293.5667, 97614.62
294.0488, 97737.56
294.5309, 97873.01
295.0130, 97983.77
295.4951, 98072.02
295.9773, 98210.10
296.4594, 98418.79
296.9415, 98664.56
297.4236, 98946.23
297.9057, 99254.64
298.3878, 99525.54
298.8700, 99692.91
299.3521, 99779.84
299.8342, 99943.54
300.3163, 100230.9
300.7984, 100548.1
301.2805, 100837.7
301.7627, 101108.6
302.2448, 101410.7
302.7269, 101781.1
303.2090, 102195.6
303.6911, 102581.7
304.1732, 102936.7
304.6554, 103275.9
305.1375, 103572.9
305.6196, 103857.5
306.1017, 104216.5
306.5838, 104696.9
307.0659, 105240.1
307.5481, 105725.4
308.0302, 106140.0
308.5123, 106565.7
308.9944, 107028.9
309.4765, 107519.8
309.9586, 108014.5
310.4408, 108503.0
310.9229, 109003.5
311.4050, 109541.4
311.8871, 110117.6
312.3692, 110695.7
312.8513, 111234.5
313.3335, 111786.0
313.8156, 112434.1
314.2977, 113192.0
314.7798, 113968.8
315.2619, 114688.2
315.7440, 115352.4
316.2262, 116001.8
316.7083, 116599.5
317.1904, 117211.4
317.6725, 117900.3
318.1546, 118666.3
318.6367, 119447.8
319.1188, 120203.7
319.6010, 120942.4
320.0831, 121715.2
320.5652, 122572.0
321.0473, 123416.7
321.5294, 124174.8
322.0115, 124870.0
322.4937, 125597.8
322.9758, 126396.8
323.4579, 127257.5
323.9400, 128143.6
324.4221, 129087.7
324.9042, 129991.7
325.3864, 130779.5
325.8685, 131511.2
326.3506, 132310.4
326.8327, 133221.0
327.3148, 134196.6
327.7969, 135192.3
328.2791, 136227.5
328.7612, 137179.8
329.2433, 137968.0
329.7254, 138685.4
330.2075, 139422.8
330.6896, 140195.9
331.1718, 141017.9
331.6539, 141920.5
332.1360, 142910.5
332.6181, 143878.1
333.1002, 144794.0
333.5823, 145699.6
334.0645, 146605.1
334.5466, 147516.4
335.0287, 148508.0
335.5108, 149665.9
335.9929, 150944.6
336.4750, 151999.4
336.9572, 152660.5
337.4393, 153313.9
337.9214, 154158.7
338.4035, 155123.4
338.8856, 156020.4
339.3677, 156756.1
339.8499, 157385.5
340.3320, 158048.5
340.8141, 158742.3
341.2962, 159464.0
341.7783, 160238.1
342.2604, 161031.7
342.7426, 161816.1
343.2247, 162580.5
343.7068, 163286.6
344.1889, 163865.3
344.6710, 164245.3
345.1531, 164705.4
345.6353, 165313.8
346.1174, 165953.9
346.5995, 166530.0
347.0816, 167036.4
347.5637, 167554.5
348.0458, 168174.3
348.5280, 168909.8
349.0101, 169404.5
349.4922, 169458.4
349.9743, 169517.1
350.4564, 169798.3
350.9385, 170234.0
351.4207, 170650.4
351.9028, 170946.1
352.3849, 171141.2
352.8670, 171319.2
353.3491, 171433.7
353.8312, 171589.3
354.3134, 171835.7
354.7955, 172115.2
355.2776, 172370.9
355.7597, 172581.4
356.2418, 172744.0
356.7239, 172850.6
357.2061, 172851.8
357.6882, 172897.3
358.1703, 173070.4
358.6524, 173220.8
359.1345, 173231.3
359.6166, 173102.4
360.0987, 172919.8
360.5808, 172762.0
361.0630, 172629.5
361.5451, 172512.1
362.0272, 172421.7
362.5093, 172332.3
362.9914, 172256.7
363.4735, 172173.5
363.9557, 172047.8
364.4378, 171857.6
364.9199, 171611.1
365.4020, 171338.7
365.8841, 170985.5
366.3662, 170686.4
366.8484, 170483.6
367.3305, 170327.4
367.8126, 170183.3
368.2947, 170037.1
368.7768, 169869.6
369.2589, 169657.6
369.7411, 169418.8
370.2232, 169080.7
370.7053, 168513.5
371.1874, 167958.2
371.6695, 167543.8
372.1516, 167266.8
372.6338, 167037.0
373.1159, 166787.3
373.5980, 166517.8
374.0801, 166223.2
374.5622, 165876.2
375.0443, 165534.8
375.5265, 165202.9
376.0086, 164891.1
376.4907, 164624.6
376.9728, 164423.9
377.4549, 164251.3
377.9370, 164015.0
378.4192, 163688.2
378.9013, 163374.3
379.3834, 163077.8
379.8655, 162819.4
380.3476, 162630.4
380.8297, 162516.3
381.3119, 162426.0
381.7940, 162319.5
382.2761, 162196.6
382.7582, 162041.4
383.2403, 161811.2
383.7224, 161598.5
384.2046, 161462.5
384.6867, 161393.5
385.1688, 161350.9
385.6509, 161321.3
386.1330, 161302.4
386.6151, 161295.1
387.0973, 161307.5
387.5794, 161300.6
388.0615, 161228.6
388.5436, 161127.6
389.0257, 161042.5
389.5078, 160965.6
389.9900, 160934.1
390.4721, 160991.3
390.9542, 161129.6
391.4363, 161294.4
391.9184, 161476.9
392.4005, 161667.4
392.8827, 161873.4
393.3648, 162105.0
393.8469, 162259.3
394.3290, 162244.7
394.8111, 162145.1
395.2932, 162083.2
395.7754, 162075.6
396.2575, 162118.4
396.7396, 162236.5
397.2217, 162418.6
397.7038, 162530.0
398.1859, 162490.0
398.6681, 162445.6
399.1501, 162487.1
399.6323, 162605.5
400.1144, 162770.6
400.5965, 162982.3
401.0786, 163205.7
401.5607, 163326.6
402.0428, 163257.9
402.5250, 163253.5
403.0071, 163387.3
403.4892, 163593.3
403.9713, 163825.7
404.4534, 164065.3
404.9355, 164252.9
405.4177, 164308.8
405.8998, 164196.0
406.3819, 164128.4
406.8640, 164128.6
407.3461, 164147.0
407.8282, 164144.0
408.3104, 164138.5
408.7925, 164197.4
409.2746, 164374.9
409.7567, 164621.1
410.2388, 164706.4
410.7209, 164480.0
411.2031, 164277.9
411.6852, 164168.5
412.1673, 164073.4
412.6494, 163887.7
413.1315, 163596.6
413.6136, 163312.1
414.0958, 163216.8
414.5779, 163399.6
415.0600, 163410.7
415.5421, 163108.3
416.0242, 162761.4
416.5063, 162458.8
416.9885, 162194.5
417.4706, 161931.5
417.9527, 161635.7
418.4348, 161331.4
418.9169, 161110.9
419.3990, 161029.4
419.8812, 160911.7
420.3633, 160700.4
420.8454, 160433.8
421.3275, 160157.1
421.8096, 159883.3
422.2917, 159548.2
422.7739, 159050.9
423.2560, 158401.1
423.7381, 157789.0
424.2202, 157235.6
424.7023, 156738.3
425.1844, 156325.7
425.6666, 155968.5
426.1487, 155554.9
426.6308, 154998.9
427.1129, 154376.1
427.5950, 153810.6
428.0771, 153304.1
428.5593, 152777.4
429.0414, 152174.6
429.5235, 151534.9
430.0056, 150955.1
430.4877, 150473.3
430.9698, 149967.2
431.4520, 149361.8
431.9341, 148695.2
432.4162, 148038.0
432.8983, 147412.5
433.3804, 146791.1
433.8625, 146138.5
434.3447, 145449.5
434.8268, 144780.8
435.3089, 144154.1
435.7910, 143530.8
436.2731, 142904.8
436.7552, 142265.3
437.2374, 141571.2
437.7195, 140788.0
438.2016, 139955.1
438.6837, 139238.3
439.1658, 138768.6
439.6479, 138246.4
440.1301, 137630.8
440.6122, 136969.0
441.0943, 136303.1
441.5764, 135647.1
442.0585, 134993.0
442.5406, 134339.6
443.0227, 133689.2
443.5049, 133014.4
443.9870, 132243.2
444.4691, 131525.3
444.9512, 130933.1
445.4333, 130425.4
445.9154, 129931.9
446.3976, 129424.6
446.8797, 128895.1
447.3618, 128314.6
447.8439, 127653.3
448.3260, 127029.3
448.8081, 126462.1
449.2903, 125936.6
449.7724, 125461.3
450.2545, 125028.3
450.7366, 124592.5
451.2187, 124124.0
451.7008, 123624.5
452.1830, 123113.5
452.6651, 122595.7
453.1472, 122060.3
453.6293, 121443.1
454.1114, 120817.8
454.5935, 120309.5
455.0757, 119999.7
455.5578, 119707.7
456.0399, 119255.1
456.5220, 118683.5
457.0041, 118166.4
457.4862, 117755.2
457.9684, 117409.6
458.4505, 117120.9
458.9326, 116895.3
459.4147, 116545.7
459.8968, 115923.9
460.3789, 115249.7
460.8611, 114703.6
461.3432, 114287.2
461.8253, 113942.0
462.3074, 113644.8
462.7895, 113376.2
463.2716, 113043.8
463.7538, 112570.1
464.2359, 112139.4
464.7180, 111826.9
465.2001, 111533.8
465.6822, 111138.1
466.1643, 110625.8
466.6465, 110103.5
467.1286, 109688.9
467.6107, 109388.4
468.0928, 109100.3
468.5749, 108852.8
469.0570, 108585.4
469.5392, 108252.8
470.0213, 107897.7
470.5034, 107589.4
470.9855, 107359.1
471.4676, 107168.5
471.9497, 106953.2
472.4319, 106710.8
472.9140, 106457.0
473.3961, 106207.0
473.8782, 105935.0
474.3603, 105635.9
474.8424, 105306.0
475.3246, 104924.3
475.8067, 104407.1
476.2888, 103857.7
476.7709, 103527.4
477.2530, 103452.9
477.7351, 103377.9
478.2173, 103181.3
478.6994, 102913.7
479.1815, 102659.0
479.6636, 102423.4
480.1457, 102190.5
480.6278, 101960.9
481.1100, 101725.9
481.5920, 101454.0
482.0742, 101136.8
482.5563, 100842.5
483.0384, 100640.1
483.5205, 100528.9
484.0026, 100381.5
484.4847, 100161.5
484.9669, 99946.91
485.4490, 99785.16
485.9311, 99645.95
486.4132, 99472.74
486.8953, 99244.06
487.3774, 98988.99
487.8596, 98760.73
488.3417, 98584.81
488.8238, 98358.77
489.3059, 97982.29
489.7880, 97660.32
490.2701, 97541.07
490.7523, 97556.97
491.2344, 97544.34
491.7165, 97402.28
492.1986, 97175.46
492.6807, 96985.44
493.1628, 96845.92
493.6450, 96707.25
494.1271, 96533.26
494.6092, 96377.21
495.0913, 96310.77
495.5734, 96320.78
496.0555, 96277.25
496.5377, 96032.73
497.0198, 95671.59
497.5019, 95440.63
497.9840, 95370.02
498.4661, 95308.02
498.9482, 95165.55
499.4304, 94979.13
499.9125, 94824.21
500.3946, 94719.52
500.8767, 94608.46
501.3588, 94424.02
501.8409, 94223.87
502.3231, 94128.57
502.8052, 94164.45
503.2873, 94218.13
503.7694, 94181.46
504.2515, 94050.13
504.7336, 93930.55
505.2158, 93824.16
505.6979, 93726.70
506.1800, 93631.73
506.6621, 93545.92
507.1442, 93486.33
507.6263, 93457.54
508.1085, 93435.65
508.5906, 93377.84
509.0727, 93259.64
509.5548, 93192.69
510.0369, 93251.51
510.5190, 93286.54
511.0012, 93243.52
511.4833, 93133.87
511.9654, 92968.87
512.4475, 92734.59
512.9296, 92511.88
513.4117, 92474.34
513.8939, 92651.55
514.3760, 92789.52
514.8581, 92854.17
515.3402, 92836.76
515.8223, 92701.45
516.3044, 92469.02
516.7866, 92272.13
517.2687, 92182.35
517.7508, 92148.53
518.2329, 92104.45
518.7150, 92051.38
519.1971, 92024.36
519.6793, 92048.76
520.1614, 92098.59
520.6435, 92117.45
521.1256, 92109.92
521.6077, 92067.86
522.0898, 91975.87
522.5720, 91858.30
523.0541, 91718.06
523.5362, 91568.13
524.0183, 91445.95
524.5004, 91379.48
524.9825, 91362.97
525.4647, 91369.35
525.9468, 91457.38
526.4289, 91481.52
526.9110, 91352.57
527.3931, 91211.61
527.8752, 91192.01
528.3574, 91295.61
528.8395, 91411.09
529.3216, 91446.22
529.8037, 91409.31
530.2858, 91343.75
530.7679, 91234.38
531.2501, 91132.20
531.7322, 91069.50
532.2143, 91020.36
532.6964, 90955.29
533.1785, 90867.17
533.6606, 90782.30
534.1428, 90721.37
534.6249, 90674.79
535.1070, 90613.13
535.5891, 90529.78
536.0712, 90473.15
536.5533, 90498.92
537.0355, 90584.36
537.5176, 90590.14
537.9997, 90436.32
538.4818, 90308.27
538.9639, 90279.29
539.4460, 90294.95
539.9282, 90300.98
540.4103, 90280.30
540.8924, 90218.78
541.3745, 90093.10
541.8566, 89900.16
542.3387, 89752.37
542.8209, 89713.64
543.3029, 89645.28
543.7850, 89473.55
544.2672, 89280.48
544.7493, 89173.05
545.2314, 89175.91
545.7135, 89198.41
546.1956, 89151.55
546.6777, 89037.39
547.1599, 88871.60
547.6420, 88625.93
548.1241, 88391.67
548.6062, 88216.74
549.0883, 88093.55
549.5704, 88021.77
550.0526, 88023.36
550.5347, 88030.36
551.0168, 88021.27
551.4989, 87983.05
551.9810, 87869.32
552.4631, 87668.33
552.9453, 87468.58
553.4274, 87363.60
553.9095, 87353.41
554.3916, 87265.35
554.8737, 87041.59
555.3558, 86821.28
555.8380, 86638.32
556.3201, 86480.43
556.8022, 86334.39
557.2843, 86195.27
557.7664, 86066.35
558.2485, 85956.04
558.7307, 85866.66
559.2128, 85746.12
559.6949, 85562.53
560.1770, 85395.26
560.6591, 85305.75
561.1412, 85230.08
561.6234, 85080.52
562.1055, 84830.49
562.5876, 84562.63
563.0697, 84351.38
563.5518, 84180.64
564.0339, 83989.78
564.5161, 83763.74
564.9982, 83557.39
565.4803, 83427.15
565.9624, 83349.02
566.4445, 83214.10
566.9266, 82974.68
567.4088, 82746.82
567.8909, 82554.98
568.3730, 82403.71
568.8551, 82330.73
569.3372, 82326.16
569.8193, 82281.99
570.3015, 82087.13
570.7836, 81751.80
571.2657, 81493.73
571.7478, 81401.22
572.2299, 81266.96
572.7120, 81013.03
573.1942, 80732.77
573.6763, 80517.64
574.1584, 80377.89
574.6405, 80254.07
575.1226, 80096.84
575.6047, 79912.40
576.0869, 79733.69
576.5690, 79570.63
577.0511, 79367.75
577.5332, 79054.48
578.0153, 78713.80
578.4974, 78488.96
578.9796, 78410.30
579.4617, 78320.23
579.9438, 78165.94
580.4259, 77965.84
580.9080, 77723.61
581.3901, 77449.66
581.8723, 77185.36
582.3544, 76959.39
582.8365, 76757.62
583.3186, 76529.63
583.8007, 76241.70
584.2828, 75978.62
584.7650, 75773.98
585.2471, 75565.67
585.7292, 75295.96
586.2113, 74983.37
586.6934, 74696.47
587.1755, 74484.94
587.6577, 74313.34
588.1398, 74116.98
588.6219, 73902.21
589.1040, 73604.34
589.5861, 73126.71
590.0682, 72648.11
590.5504, 72354.93
591.0325, 72219.91
591.5146, 72072.38
591.9967, 71857.95
592.4788, 71613.48
592.9609, 71359.38
593.4431, 71102.41
593.9252, 70862.86
594.4073, 70650.34
594.8894, 70441.77
595.3715, 70198.72
595.8536, 69902.00
596.3358, 69658.20
596.8179, 69551.30
597.3000, 69396.77
597.7821, 69099.43
598.2642, 68723.95
598.7463, 68355.16
599.2285, 68022.99
599.7106, 67725.80
600.1927, 67462.92
600.6748, 67232.78
601.1569, 67034.14
601.6390, 66904.23
602.1212, 66727.34
602.6033, 66390.83
603.0854, 65978.45
603.5675, 65620.23
604.0496, 65337.72
604.5317, 65085.91
605.0139, 64869.05
605.4960, 64655.29
605.9781, 64386.48
606.4602, 64062.72
606.9423, 63746.07
607.4244, 63483.96
607.9066, 63264.98
608.3887, 63034.11
608.8708, 62790.34
609.3529, 62536.84
609.8350, 62263.81
610.3171, 61990.22
610.7993, 61736.70
611.2814, 61496.27
611.7635, 61239.39
612.2456, 60939.13
612.7277, 60624.35
613.2098, 60362.14
613.6920, 60156.96
614.1741, 59928.04
614.6562, 59629.89
615.1383, 59333.84
615.6204, 59133.02
616.1025, 59007.06
616.5847, 58831.37
617.0668, 58527.10
617.5489, 58218.89
618.0310, 57995.84
618.5131, 57825.18
618.9952, 57640.76
619.4774, 57422.43
619.9595, 57181.56
620.4416, 56922.52
620.9237, 56638.02
621.4058, 56434.34
621.8879, 56383.61
622.3701, 56328.63
622.8522, 56276.18
623.3343, 56182.68
623.8164, 55988.55
624.2985, 55689.73
624.7806, 55365.53
625.2628, 55050.42
625.7448, 54764.20
626.2269, 54580.30
626.7090, 54508.21
627.1912, 54439.11
627.6733, 54327.74
628.1554, 54186.02
628.6375, 54034.82
629.1196, 53879.70
629.6017, 53697.42
630.0839, 53430.46
630.5660, 53182.36
631.0481, 53040.12
631.5302, 52973.38
632.0123, 52904.76
632.4944, 52799.18
632.9766, 52666.98
633.4587, 52521.63
633.9408, 52357.78
634.4229, 52205.90
634.9050, 52083.00
635.3871, 51951.02
635.8693, 51771.91
636.3514, 51581.39
636.8335, 51437.25
637.3156, 51360.08
637.7977, 51300.75
638.2798, 51226.35
638.7620, 51146.00
639.2441, 51081.27
639.7262, 51033.87
640.2083, 50975.93
640.6904, 50888.48
641.1725, 50778.32
641.6547, 50667.00
642.1368, 50551.96
642.6189, 50439.77
643.1010, 50324.78
643.5831, 50217.54
644.0652, 50125.93
644.5474, 50047.31
645.0295, 49973.95
645.5116, 49902.63
645.9937, 49832.59
646.4758, 49761.17
646.9579, 49688.46
647.4401, 49624.87
647.9222, 49575.62
648.4043, 49528.66
648.8864, 49470.18
649.3685, 49407.06
649.8506, 49364.64
650.3328, 49378.99
650.8149, 49362.04
651.2970, 49240.36
651.7791, 49090.59
652.2612, 49010.99
652.7433, 49006.37
653.2255, 49014.40
653.7076, 48988.14
654.1897, 48940.16
654.6718, 48920.21
655.1539, 48944.98
655.6360, 48956.52
656.1182, 48938.84
656.6003, 48911.63
657.0824, 48861.36
657.5645, 48808.13
658.0466, 48814.04
658.5287, 48936.92
659.0109, 49071.28
659.4930, 49112.83
659.9751, 49086.01
660.4572, 49055.12
660.9393, 49033.49
661.4214, 49020.89
661.9036, 49018.59
662.3857, 49025.64
662.8678, 49029.78
663.3499, 49032.81
663.8320, 49031.49
664.3141, 49013.57
664.7963, 49001.07
665.2784, 49013.29
665.7605, 49048.38
666.2426, 49094.14
666.7247, 49151.80
667.2068, 49201.78
667.6890, 49200.72
668.1711, 49150.34
668.6532, 49104.80
669.1353, 49072.05
669.6174, 49056.80
670.0995, 49064.93
670.5817, 49096.43
671.0638, 49140.93
671.5459, 49217.55
672.0280, 49282.85
672.5101, 49305.47
672.9922, 49319.41
673.4744, 49371.93
673.9565, 49460.17
674.4386, 49534.59
674.9207, 49553.66
675.4028, 49537.83
675.8849, 49560.36
676.3671, 49635.84
676.8492, 49682.17
677.3313, 49651.66
677.8134, 49623.81
678.2955, 49680.84
678.7776, 49795.55
679.2598, 49868.67
679.7419, 49851.52
680.2240, 49821.23
680.7061, 49826.77
681.1882, 49847.24
681.6703, 49839.02
682.1525, 49800.61
682.6346, 49785.55
683.1167, 49844.54
683.5988, 49955.23
684.0809, 50001.28
684.5630, 49935.18
685.0452, 49908.52
685.5273, 49976.84
686.0094, 50058.87
686.4915, 50121.67
686.9736, 50159.55
687.4557, 50163.84
687.9379, 50119.39
688.4200, 50060.50
688.9021, 50004.86
689.3842, 49959.71
689.8663, 49945.03
690.3484, 49963.96
690.8306, 50004.19
691.3127, 50062.49
691.7948, 50129.50
692.2769, 50158.42
692.7590, 50129.78
693.2411, 50093.14
693.7233, 50032.52
694.2054, 49982.95
694.6875, 49981.45
695.1696, 50008.07
695.6517, 50004.83
696.1339, 49934.51
696.6160, 49863.91
697.0981, 49888.16
697.5802, 49975.68
698.0623, 50003.25
698.5444, 49947.77
699.0266, 49903.14
699.5087, 49949.23
699.9908, 50047.89
700.4729, 50052.98
700.9550, 49876.25
701.4371, 49738.33
701.9193, 49664.35
702.4014, 49608.63
702.8835, 49541.69
703.3656, 49471.27
703.8477, 49422.39
704.3298, 49408.27
704.8120, 49399.79
705.2941, 49363.95
705.7762, 49303.65
706.2583, 49227.19
706.7404, 49132.85
707.2225, 49040.45
707.7046, 48953.32
708.1867, 48881.68
708.6688, 48861.57
709.1509, 48944.78
709.6331, 48944.39
710.1152, 48769.63
710.5973, 48583.67
711.0794, 48485.55
711.5615, 48444.70
712.0436, 48392.90
712.5258, 48305.29
713.0079, 48217.25
713.4900, 48182.50
713.9721, 48186.58
714.4542, 48146.35
714.9363, 48055.83
715.4185, 47946.16
715.9006, 47829.73
716.3827, 47704.99
716.8648, 47560.90
717.3469, 47389.36
717.8290, 47251.06
718.3112, 47180.25
718.7933, 47113.35
719.2754, 47013.47
719.7575, 46899.94
720.2396, 46804.42
720.7217, 46733.93
721.2039, 46666.73
721.6860, 46576.43
722.1681, 46473.26
722.6502, 46404.76
723.1323, 46376.20
723.6144, 46337.97
724.0966, 46283.38
724.5787, 46200.02
725.0608, 46063.30
725.5429, 45873.56
726.0250, 45697.57
726.5071, 45530.75
726.9893, 45387.48
727.4714, 45292.09
727.9535, 45211.56
728.4356, 45101.16
728.9177, 44963.29
729.3998, 44846.51
729.8820, 44793.88
730.3641, 44771.55
730.8462, 44701.18
731.3283, 44581.52
731.8104, 44441.69
732.2925, 44273.05
732.7747, 44118.66
733.2568, 44031.41
733.7389, 43990.92
734.2210, 43889.78
734.7031, 43667.06
735.1852, 43478.69
735.6674, 43401.22
736.1495, 43332.86
736.6316, 43172.16
737.1137, 42944.87
737.5958, 42742.68
738.0779, 42609.84
738.5601, 42515.73
739.0422, 42426.52
739.5243, 42339.45
740.0064, 42222.09
740.4885, 42068.78
740.9706, 41901.13
741.4528, 41726.81
741.9349, 41549.97
742.4170, 41381.26
742.8991, 41225.64
743.3812, 41060.97
743.8633, 40851.38
744.3455, 40668.26
744.8276, 40592.54
745.3097, 40551.79
745.7918, 40416.70
746.2739, 40159.86
746.7560, 39897.85
747.2382, 39760.11
747.7203, 39703.15
748.2024, 39595.05
748.6845, 39434.71
749.1666, 39254.26
749.6487, 39054.43
750.1309, 38863.48
750.6130, 38718.10
751.0951, 38622.29
751.5772, 38505.32
752.0593, 38360.71
752.5414, 38204.68
753.0236, 38039.83
753.5057, 37864.17
753.9878, 37651.32
754.4699, 37421.27
754.9520, 37250.73
755.4341, 37207.61
755.9163, 37189.90
756.3984, 37041.95
756.8805, 36791.91
757.3626, 36567.91
757.8447, 36391.69
758.3268, 36218.34
758.8090, 36014.89
759.2911, 35791.84
759.7732, 35580.65
760.2553, 35350.41
760.7374, 35191.42
761.2195, 35192.43
761.7017, 35167.96
762.1838, 35006.74
762.6659, 34771.57
763.1480, 34565.11
763.6301, 34416.57
764.1122, 34283.23
764.5944, 34134.48
765.0765, 33980.32
765.5586, 33831.58
766.0407, 33690.17
766.5228, 33574.36
767.0049, 33492.67
767.4871, 33409.15
767.9692, 33273.62
768.4513, 33081.75
768.9334, 32913.19
769.4155, 32769.79
769.8976, 32645.30
770.3798, 32573.17
770.8619, 32490.53
771.3440, 32340.23
771.8261, 32131.33
772.3082, 31921.67
772.7903, 31710.04
773.2725, 31532.39
773.7546, 31429.57
774.2367, 31371.27
774.7188, 31327.24
775.2009, 31283.17
775.6830, 31201.23
776.1652, 31052.58
776.6473, 30866.72
777.1294, 30716.44
777.6115, 30608.89
778.0936, 30485.58
778.5757, 30330.18
779.0579, 30182.09
779.5400, 30061.53
780.0221, 29962.94
780.5042, 29884.12
780.9863, 29832.21
781.4684, 29760.41
781.9506, 29650.13
782.4327, 29523.86
782.9148, 29380.38
783.3969, 29235.87
783.8790, 29116.79
784.3611, 29028.71
784.8433, 28954.35
785.3254, 28878.53
785.8075, 28803.78
786.2896, 28742.68
786.7717, 28695.76
787.2538, 28638.13
787.7360, 28563.48
788.2181, 28476.66
788.7002, 28378.68
789.1823, 28271.83
789.6644, 28178.61
790.1465, 28108.96
790.6286, 28037.61
791.1107, 27969.61
791.5928, 27893.08
792.0750, 27796.27
792.5571, 27685.54
793.0392, 27568.44
793.5213, 27445.12
794.0034, 27341.75
794.4855, 27301.09
794.9677, 27287.81
795.4498, 27225.98
795.9319, 27120.80
796.4140, 27040.06
796.8961, 27012.56
797.3782, 27010.01
797.8604, 26998.53
798.3425, 26979.01
798.8246, 26916.46
799.3067, 26775.03
799.7888, 26654.66
800.2709, 26608.54
800.7531, 26569.85
801.2352, 26472.44
801.7173, 26333.24
802.1994, 26242.86
802.6815, 26252.94
803.1636, 26275.59
803.6458, 26267.77
804.1279, 26246.48
804.6100, 26239.38
805.0921, 26239.93
805.5742, 26211.38
806.0563, 26132.52
806.5385, 26037.00
807.0206, 25985.29
807.5027, 25972.74
807.9848, 25927.77
808.4669, 25838.14
808.9490, 25766.61
809.4312, 25753.21
809.9133, 25755.34
810.3954, 25702.44
810.8775, 25579.90
811.3596, 25500.25
811.8417, 25495.51
812.3239, 25492.51
812.8060, 25466.87
813.2881, 25437.62
813.7702, 25427.79
814.2523, 25433.88
814.7344, 25432.19
815.2166, 25410.05
815.6987, 25377.61
816.1808, 25340.14
816.6629, 25301.84
817.1450, 25276.69
817.6271, 25263.66
818.1093, 25235.51
818.5914, 25172.93
819.0735, 25108.12
819.5556, 25112.81
820.0377, 25205.39
820.5198, 25247.87
821.0020, 25217.85
821.4841, 25180.15
821.9662, 25170.31
822.4483, 25155.90
822.9304, 25088.53
823.4125, 24970.79
823.8947, 24887.46
824.3768, 24879.99
824.8589, 24881.21
825.3410, 24860.74
825.8231, 24834.63
826.3052, 24826.68
826.7874, 24832.79
827.2695, 24829.70
827.7516, 24805.61
828.2337, 24760.90
828.7158, 24671.79
829.1979, 24559.97
829.6801, 24529.29
830.1622, 24589.24
830.6443, 24651.92
831.1264, 24677.15
831.6085, 24671.63
832.0906, 24644.53
832.5728, 24593.70
833.0549, 24536.00
833.5370, 24449.00
834.0191, 24388.38
834.5012, 24374.55
834.9833, 24383.91
835.4655, 24411.42
835.9476, 24447.73
836.4297, 24456.49
836.9118, 24412.11
837.3939, 24361.82
837.8760, 24331.21
838.3582, 24308.62
838.8403, 24279.01
839.3224, 24244.36
839.8045, 24214.35
840.2866, 24193.57
840.7687, 24184.62
841.2509, 24201.30
841.7330, 24235.63
842.2151, 24233.16
842.6972, 24189.93
843.1793, 24166.91
843.6614, 24196.04
844.1436, 24223.25
844.6257, 24176.43
845.1078, 24058.20
845.5899, 23995.47
846.0720, 24050.29
846.5541, 24069.63
847.0363, 23990.55
847.5184, 23919.67
848.0005, 23942.31
848.4826, 24021.30
848.9647, 24064.65
849.4468, 24042.37
849.9290, 24013.99
850.4111, 24014.70
850.8932, 24022.69
851.3753, 24020.83
851.8574, 24007.08
852.3395, 23975.03
852.8217, 23925.67
853.3038, 23881.21
853.7859, 23869.51
854.2680, 23874.90
854.7501, 23843.00
855.2322, 23773.89
855.7144, 23715.21
856.1965, 23677.52
856.6786, 23646.77
857.1607, 23610.65
857.6428, 23575.19
858.1249, 23561.76
858.6071, 23593.55
859.0892, 23596.41
859.5713, 23548.99
860.0534, 23498.15
860.5355, 23453.34
861.0176, 23417.68
861.4998, 23396.31
861.9819, 23388.98
862.4640, 23383.44
862.9461, 23392.39
863.4282, 23382.41
863.9103, 23298.99
864.3925, 23199.38
864.8746, 23179.29
865.3567, 23231.71
865.8388, 23268.83
866.3209, 23238.14
866.8030, 23179.65
867.2852, 23156.38
867.7673, 23160.60
868.2494, 23152.09
868.7315, 23128.52
869.2136, 23089.49
869.6957, 23028.98
870.1779, 22973.78
870.6600, 22965.37
871.1421, 23004.39
871.6242, 23006.98
872.1063, 22941.39
872.5884, 22895.16
873.0705, 22895.14
873.5526, 22907.09
874.0347, 22939.06
874.5168, 22963.67
874.9990, 22901.16
875.4811, 22688.88
875.9632, 22544.28
876.4453, 22601.17
876.9274, 22697.53
877.4095, 22726.09
877.8917, 22704.25
878.3738, 22670.59
878.8559, 22637.07
879.3380, 22603.16
879.8201, 22567.85
880.3022, 22532.75
880.7844, 22489.29
881.2665, 22447.68
881.7486, 22459.55
882.2307, 22528.91
882.7128, 22580.07
883.1949, 22562.99
883.6771, 22507.39
884.1592, 22478.49
884.6413, 22483.81
885.1234, 22453.91
885.6055, 22368.51
886.0876, 22298.67
886.5698, 22282.64
887.0519, 22278.08
887.5340, 22226.71
888.0161, 22133.81
888.4982, 22080.54
888.9803, 22102.59
889.4625, 22117.11
889.9446, 22096.60
890.4267, 22076.75
890.9088, 22087.15
891.3909, 22115.73
891.8730, 22143.60
892.3552, 22167.29
892.8373, 22155.83
893.3194, 22050.28
893.8015, 21932.78
894.2836, 21902.30
894.7657, 21925.38
895.2479, 21923.95
895.7300, 21885.59
896.2121, 21859.26
896.6942, 21885.97
897.1763, 21930.83
897.6584, 21910.80
898.1406, 21835.49
898.6227, 21807.94
899.1048, 21841.06
899.5869, 21878.54
900.0690, 21898.46
900.5511, 21894.96
901.0333, 21852.56
901.5154, 21767.75
901.9975, 21723.23
902.4796, 21729.73
902.9617, 21757.06
903.4438, 21825.95
903.9260, 21888.52
904.4081, 21902.26
904.8902, 21885.99
905.3723, 21889.96
905.8544, 21930.73
906.3365, 21959.42
906.8187, 21963.96
907.3008, 21953.25
907.7829, 21928.23
908.2650, 21893.27
908.7471, 21844.71
909.2292, 21788.00
909.7114, 21751.90
910.1935, 21760.91
910.6756, 21785.75
911.1577, 21806.14
911.6398, 21817.08
912.1219, 21800.17
912.6041, 21762.07
913.0862, 21739.28
913.5683, 21749.16
914.0504, 21770.80
914.5325, 21776.77
915.0146, 21769.83
915.4968, 21763.76
915.9789, 21758.54
916.4610, 21760.95
916.9431, 21773.95
917.4252, 21789.85
917.9073, 21802.64
918.3895, 21813.03
918.8716, 21824.58
919.3537, 21843.73
919.8358, 21846.58
920.3179, 21819.78
920.8000, 21795.29
921.2822, 21789.40
921.7643, 21789.30
922.2464, 21777.78
922.7285, 21755.53
923.2106, 21746.90
923.6927, 21759.58
924.1749, 21780.09
924.6570, 21812.87
925.1391, 21844.80
925.6212, 21858.76
926.1033, 21865.63
926.5854, 21896.15
927.0676, 21960.60
927.5497, 22005.44
928.0318, 21977.96
928.5139, 21929.54
928.9960, 21897.47
929.4781, 21888.99
929.9603, 21926.45
930.4424, 22003.54
930.9245, 22074.48
931.4066, 22110.84
931.8887, 22122.14
932.3708, 22114.26
932.8530, 22093.55
933.3351, 22088.61
933.8172, 22099.89
934.2993, 22103.02
934.7814, 22086.21
935.2635, 22088.04
935.7457, 22156.60
936.2278, 22276.84
936.7099, 22361.83
937.1920, 22408.79
937.6741, 22425.94
938.1563, 22390.22
938.6384, 22380.72
939.1205, 22464.00
939.6026, 22581.58
940.0847, 22626.27
940.5668, 22583.91
941.0490, 22552.18
941.5311, 22510.48
942.0132, 22507.14
942.4953, 22580.73
942.9774, 22669.38
943.4595, 22733.66
943.9417, 22775.91
944.4238, 22803.38
944.9059, 22807.89
945.3880, 22835.29
945.8701, 22924.95
946.3522, 23018.54
946.8344, 23065.83
947.3165, 23099.03
947.7986, 23175.63
948.2807, 23290.81
948.7628, 23379.00
949.2449, 23399.50
949.7271, 23395.71
950.2092, 23392.90
950.6913, 23402.11
951.1734, 23452.29
951.6555, 23530.54
952.1376, 23590.14
952.6198, 23616.46
953.1019, 23636.26
953.5840, 23671.12
954.0661, 23723.15
954.5482, 23814.28
955.0303, 23933.09
955.5124, 23993.36
955.9945, 23983.46
956.4766, 23977.69
956.9587, 24015.50
957.4409, 24082.54
957.9230, 24161.34
958.4051, 24251.62
958.8872, 24310.01
959.3693, 24334.83
959.8514, 24334.11
960.3336, 24305.28
960.8157, 24259.80
961.2978, 24197.94
961.7799, 24131.04
962.2620, 24092.11
962.7441, 24090.95
963.2263, 24087.33
963.7084, 24064.55
964.1905, 24062.50
964.6726, 24112.53
965.1547, 24170.12
965.6368, 24192.95
966.1190, 24188.70
966.6011, 24195.52
967.0832, 24214.04
967.5653, 24252.10
968.0474, 24323.25
968.5295, 24401.61
969.0117, 24483.85
969.4938, 24557.66
969.9759, 24606.66
970.4580, 24630.44
970.9401, 24641.01
971.4222, 24622.26
971.9044, 24626.32
972.3865, 24710.54
972.8686, 24815.06
973.3507, 24874.82
973.8328, 24900.69
974.3149, 24924.87
974.7971, 24959.26
975.2792, 25011.45
975.7613, 25092.72
976.2434, 25188.97
976.7255, 25294.15
977.2076, 25395.54
977.6898, 25450.52
978.1719, 25469.35
978.6540, 25524.70
979.1361, 25651.25
979.6182, 25800.90
980.1003, 25925.86
980.5825, 26022.01
981.0646, 26043.66
981.5467, 26007.23
982.0288, 26058.63
982.5109, 26226.28
982.9930, 26419.98
983.4752, 26586.24
983.9573, 26716.65
984.4394, 26787.01
984.9215, 26796.78
985.4036, 26811.99
985.8857, 26826.29
986.3679, 26888.66
986.8500, 27020.44
987.3321, 27178.34
987.8142, 27333.72
988.2963, 27482.35
988.7784, 27611.47
989.2606, 27720.11
989.7427, 27807.04
990.2248, 27845.23
990.7069, 27916.14
991.1890, 28078.54
991.6711, 28246.61
992.1533, 28314.71
992.6354, 28309.80
993.1175, 28395.59
993.5996, 28673.80
994.0817, 28858.94
994.5638, 28857.21
995.0460, 28870.60
995.5281, 29001.53
996.0102, 29168.70
996.4923, 29271.51
996.9744, 29319.04
997.4565, 29411.08
997.9387, 29586.76
998.4208, 29773.30
998.9029, 29993.08
999.3850, 30174.90
999.8671, 30233.27
1000.349, 30244.94
1000.831, 30324.66
1001.313, 30481.77
1001.796, 30630.89
1002.278, 30717.59
1002.760, 30817.00
1003.242, 30987.18
1003.724, 31173.23
1004.206, 31325.37
1004.688, 31453.62
1005.170, 31589.80
1005.653, 31740.74
1006.135, 31886.95
1006.617, 32010.91
1007.099, 32133.33
1007.581, 32279.76
1008.063, 32432.44
1008.545, 32554.76
1009.027, 32660.44
1009.509, 32803.63
1009.992, 32999.04
1010.474, 33189.54
1010.956, 33316.16
1011.438, 33416.88
1011.920, 33533.86
1012.402, 33673.94
1012.884, 33865.89
1013.366, 34100.99
1013.849, 34329.00
1014.331, 34528.71
1014.813, 34713.44
1015.295, 34897.47
1015.777, 35078.75
1016.259, 35260.23
1016.741, 35435.76
1017.223, 35556.90
1017.705, 35623.64
1018.188, 35726.02
1018.670, 35912.07
1019.152, 36119.99
1019.634, 36255.46
1020.116, 36341.63
1020.598, 36503.90
1021.080, 36738.47
1021.562, 36967.21
1022.044, 37178.40
1022.527, 37344.35
1023.009, 37440.18
1023.491, 37527.73
1023.973, 37718.12
1024.455, 38002.43
1024.937, 38218.01
1025.419, 38354.52
1025.901, 38504.06
1026.384, 38685.18
1026.866, 38878.20
1027.348, 39074.43
1027.830, 39267.54
1028.312, 39438.45
1028.794, 39585.71
1029.276, 39787.68
1029.758, 40064.73
1030.240, 40326.50
1030.723, 40549.26
1031.205, 40773.65
1031.687, 41034.98
1032.169, 41305.05
1032.651, 41518.42
1033.133, 41659.23
1033.615, 41874.80
1034.097, 42198.06
1034.579, 42527.47
1035.062, 42867.85
1035.544, 43172.46
1036.026, 43389.25
1036.508, 43557.91
1036.990, 43758.28
1037.472, 43991.21
1037.954, 44248.34
1038.436, 44537.05
1038.919, 44835.78
1039.401, 45162.72
1039.883, 45473.20
1040.365, 45732.22
1040.847, 45957.05
1041.329, 46167.64
1041.811, 46345.93
1042.293, 46611.23
1042.776, 47080.91
1043.258, 47478.48
1043.740, 47731.89
1044.222, 47920.38
1044.704, 48030.21
1045.186, 48132.11
1045.668, 48375.29
1046.150, 48793.19
1046.632, 49171.99
1047.115, 49458.59
1047.597, 49745.27
1048.079, 50050.46
1048.561, 50365.07
1049.043, 50694.09
1049.525, 51023.89
1050.007, 51321.21
1050.489, 51572.56
1050.971, 51890.17
1051.454, 52357.19
1051.936, 52806.63
1052.418, 53168.21
1052.900, 53515.54
1053.382, 53919.60
1053.864, 54342.27
1054.346, 54699.38
1054.828, 54978.59
1055.311, 55278.23
1055.793, 55624.18
1056.275, 55995.13
1056.757, 56374.50
1057.239, 56785.48
1057.721, 57287.89
1058.203, 57814.20
1058.685, 58235.88
1059.167, 58536.42
1059.650, 58873.38
1060.132, 59317.59
1060.614, 59780.82
1061.096, 60262.12
1061.578, 60720.21
1062.060, 61099.71
1062.542, 61448.28
1063.024, 61829.99
1063.506, 62259.04
1063.989, 62753.88
1064.471, 63388.84
1064.953, 63997.65
1065.435, 64502.92
1065.917, 64965.27
1066.399, 65411.82
1066.881, 65856.92
1067.363, 66309.13
1067.846, 66770.48
1068.328, 67254.19
1068.810, 67783.29
1069.292, 68303.98
1069.774, 68758.13
1070.256, 69230.31
1070.738, 69827.16
1071.220, 70460.38
1071.703, 70981.10
1072.185, 71396.58
1072.667, 71891.58
1073.149, 72574.76
1073.631, 73249.38
1074.113, 73800.56
1074.595, 74334.98
1075.077, 74920.28
1075.559, 75541.84
1076.042, 76190.25
1076.524, 76854.10
1077.006, 77500.12
1077.488, 78116.49
1077.970, 78721.66
1078.452, 79283.31
1078.934, 79886.15
1079.416, 80617.57
1079.898, 81406.23
1080.380, 82173.59
1080.863, 82918.16
1081.345, 83676.77
1081.827, 84461.33
1082.309, 85246.44
1082.791, 85976.70
1083.273, 86759.52
1083.755, 87724.93
1084.237, 88722.95
1084.720, 89561.45
1085.202, 90292.78
1085.684, 91113.51
1086.166, 92082.08
1086.648, 93037.24
1087.130, 93900.40
1087.612, 94744.06
1088.094, 95590.27
1088.577, 96458.84
1089.059, 97369.43
1089.541, 98314.47
1090.023, 99251.44
1090.505, 100179.2
1090.987, 101182.1
1091.469, 102369.3
1091.951, 103545.9
1092.433, 104683.8
1092.916, 105728.7
1093.398, 106537.8
1093.880, 107259.0
1094.362, 108138.7
1094.844, 109204.5
1095.326, 110304.5
1095.808, 111373.2
1096.290, 112491.1
1096.772, 113721.0
1097.255, 114967.5
1097.737, 116158.4
1098.219, 117347.7
1098.701, 118627.8
1099.183, 119988.0
1099.665, 121332.5
1100.147, 122619.7
1100.629, 123930.0
1101.112, 125303.6
1101.594, 126672.1
1102.076, 127937.7
1102.558, 129237.0
1103.040, 130767.3
1103.522, 132459.0
1104.004, 134002.5
1104.486, 135267.1
1104.969, 136672.9
1105.451, 138391.7
1105.933, 140129.9
1106.415, 141756.3
1106.897, 143393.8
1107.379, 145222.5
1107.861, 147132.4
1108.343, 148819.4
1108.825, 150209.2
1109.307, 151700.5
1109.790, 153368.9
1110.272, 155085.3
1110.754, 156839.1
1111.236, 158609.0
1111.718, 160381.3
1112.200, 162172.4
1112.682, 163997.8
1113.164, 165853.2
1113.647, 167759.8
1114.129, 169701.6
1114.611, 171714.6
1115.093, 173855.8
1115.575, 175986.1
1116.057, 178019.6
1116.539, 180038.3
1117.021, 182122.5
1117.504, 184274.4
1117.986, 186516.9
1118.468, 188872.1
1118.950, 191236.9
1119.432, 193611.2
1119.914, 195980.7
1120.396, 198326.6
1120.878, 200707.0
1121.360, 203188.7
1121.843, 205752.5
1122.325, 208334.2
1122.807, 210948.4
1123.289, 213486.3
1123.771, 215937.2
1124.253, 218367.5
1124.735, 220750.2
1125.217, 223251.7
1125.699, 225990.7
1126.182, 228883.4
1126.664, 231782.9
1127.146, 234684.8
1127.628, 237465.3
1128.110, 240066.7
1128.592, 242985.8
1129.074, 246315.0
1129.556, 249597.0
1130.039, 252600.2
1130.521, 255511.1
1131.003, 258527.4
1131.485, 261636.7
1131.967, 264768.9
1132.449, 267926.7
1132.931, 271177.8
1133.413, 274543.8
1133.896, 277835.8
1134.378, 280999.4
1134.860, 284182.0
1135.342, 287504.7
1135.824, 290879.5
1136.306, 294102.0
1136.788, 297246.0
1137.270, 300638.0
1137.752, 304226.6
1138.234, 307700.8
1138.717, 311043.8
1139.199, 314556.5
1139.681, 318412.1
1140.163, 322312.0
1140.645, 325964.6
1141.127, 329468.1
1141.609, 332973.4
1142.091, 336506.8
1142.574, 340159.4
1143.056, 343883.4
1143.538, 347508.4
1144.020, 350993.5
1144.502, 354463.5
1144.984, 357968.3
1145.466, 361633.5
1145.948, 365730.7
1146.431, 369958.0
1146.913, 373902.2
1147.395, 377697.7
1147.877, 381668.7
1148.359, 385815.8
1148.841, 389835.0
1149.323, 393593.7
1149.805, 397323.0
1150.287, 401115.3
1150.770, 404997.4
1151.252, 409062.8
1151.734, 413168.7
1152.216, 417133.3
1152.698, 421011.8
1153.180, 424969.3
1153.662, 429041.8
1154.144, 433178.5
1154.626, 437482.0
1155.109, 441710.9
1155.591, 445685.2
1156.073, 449671.3
1156.555, 453909.1
1157.037, 458228.6
1157.519, 462378.2
1158.001, 466405.6
1158.483, 470668.3
1158.966, 475447.7
1159.448, 480003.3
1159.930, 484016.3
1160.412, 488200.3
1160.894, 492909.7
1161.376, 497697.5
1161.858, 502238.1
1162.340, 506601.4
1162.822, 510905.8
1163.305, 515137.9
1163.787, 519540.6
1164.269, 524117.6
1164.751, 528872.2
1165.233, 533908.8
1165.715, 538718.9
1166.197, 542981.8
1166.679, 547166.4
1167.161, 551832.3
1167.644, 556894.8
1168.126, 562157.9
1168.608, 567636.6
1169.090, 572816.6
1169.572, 577653.4
1170.054, 582260.6
1170.536, 586636.6
1171.018, 591301.4
1171.500, 596642.8
1171.983, 602283.9
1172.465, 607659.3
1172.947, 612832.0
1173.429, 618065.4
1173.911, 623320.3
1174.393, 628440.7
1174.875, 633448.3
1175.357, 638537.7
1175.840, 643808.8
1176.322, 649121.9
1176.804, 654343.6
1177.286, 659680.4
1177.768, 665500.9
1178.250, 671517.1
1178.732, 677338.5
1179.214, 683011.7
1179.697, 688680.9
1180.179, 694402.1
1180.661, 700042.8
1181.143, 705509.6
1181.625, 711186.7
1182.107, 717528.7
1182.589, 723845.3
1183.071, 729519.0
1183.553, 735061.2
1184.036, 740984.2
1184.518, 747136.5
1185.000, 753211.6
1185.482, 759165.0
1185.964, 765095.1
1186.446, 770975.9
1186.928, 776954.2
1187.410, 782918.4
1187.892, 789174.9
1188.375, 796230.4
1188.857, 803291.5
1189.339, 809382.1
1189.821, 814956.7
1190.303, 821237.1
1190.785, 828424.0
1191.267, 835050.1
1191.749, 840770.2
1192.232, 846830.7
1192.714, 853427.3
1193.196, 860355.9
1193.678, 867580.9
1194.160, 874853.4
1194.642, 881802.9
1195.124, 888546.4
1195.606, 895581.6
1196.089, 902877.1
1196.571, 909607.3
1197.053, 915734.3
1197.535, 922121.9
1198.017, 928941.3
1198.499, 935658.8
1198.981, 941919.9
1199.463, 948188.7
1199.945, 955124.9
1200.427, 962407.9
1200.910, 969633.8
1201.392, 976699.7
1201.874, 983420.3
1202.356, 989815.6
1202.838, 995860.1
1203.320, 1001660.
1203.802, 1007736.
1204.284, 1014457.
1204.767, 1021363.
1205.249, 1028271.
1205.731, 1034995.
1206.213, 1041245.
1206.695, 1047264.
1207.177, 1053203.
1207.659, 1059246.
1208.141, 1065909.
1208.624, 1073334.
1209.106, 1080209.
1209.588, 1085654.
1210.070, 1091312.
1210.552, 1097949.
1211.034, 1104444.
1211.516, 1110052.
1211.998, 1115403.
1212.480, 1121128.
1212.963, 1127112.
1213.445, 1132839.
1213.927, 1138210.
1214.409, 1143794.
1214.891, 1149717.
1215.373, 1155287.
1215.855, 1160324.
1216.337, 1165314.
1216.819, 1170556.
1217.302, 1175502.
1217.784, 1179329.
1218.266, 1182587.
1218.748, 1187151.
1219.230, 1192673.
1219.712, 1197334.
1220.194, 1201203.
1220.676, 1205092.
1221.159, 1209183.
1221.641, 1213106.
1222.123, 1216658.
1222.605, 1220468.
1223.087, 1225574.
1223.569, 1230857.
1224.051, 1234818.
1224.533, 1238327.
1225.016, 1242512.
1225.498, 1247100.
1225.980, 1251423.
1226.462, 1255317.
1226.944, 1258930.
1227.426, 1262243.
1227.908, 1265339.
1228.390, 1268003.
1228.872, 1270727.
1229.354, 1274016.
1229.837, 1277148.
1230.319, 1279404.
1230.801, 1281199.
1231.283, 1283340.
1231.765, 1285822.
1232.247, 1287938.
1232.729, 1289597.
1233.211, 1291215.
1233.694, 1292820.
1234.176, 1294450.
1234.658, 1296190.
1235.140, 1297660.
1235.622, 1298585.
1236.104, 1299104.
1236.586, 1299332.
1237.068, 1299419.
1237.551, 1300220.
1238.033, 1301466.
1238.515, 1301869.
1238.997, 1301477.
1239.479, 1301138.
1239.961, 1301133.
1240.443, 1301452.
1240.925, 1302176.
1241.407, 1302780.
1241.890, 1302688.
1242.372, 1302312.
1242.854, 1301887.
1243.336, 1301553.
1243.818, 1301576.
1244.300, 1301775.
1244.782, 1301771.
1245.264, 1301505.
1245.746, 1301126.
1246.229, 1300802.
1246.711, 1300130.
1247.193, 1298530.
1247.675, 1297265.
1248.157, 1297151.
1248.639, 1297003.
1249.121, 1295744.
1249.603, 1294164.
1250.085, 1293820.
1250.568, 1294592.
1251.050, 1294417.
1251.532, 1293222.
1252.014, 1291680.
1252.496, 1289806.
1252.978, 1288439.
1253.460, 1287825.
1253.942, 1287055.
1254.425, 1285467.
1254.907, 1283873.
1255.389, 1283762.
1255.871, 1284174.
1256.353, 1283169.
1256.835, 1281431.
1257.317, 1280087.
1257.799, 1279211.
1258.281, 1278794.
1258.764, 1278687.
1259.246, 1278194.
1259.728, 1276918.
1260.210, 1275653.
1260.692, 1274833.
1261.174, 1274037.
1261.656, 1272872.
1262.138, 1271841.
1262.620, 1271436.
1263.103, 1271354.
1263.585, 1271172.
1264.067, 1270859.
1264.549, 1270241.
1265.031, 1269075.
1265.513, 1268423.
1265.995, 1268433.
1266.477, 1268248.
1266.960, 1267643.
1267.442, 1267052.
1267.924, 1266728.
1268.406, 1266437.
1268.888, 1265860.
1269.370, 1265184.
1269.852, 1264813.
1270.334, 1264691.
1270.817, 1264666.
1271.299, 1264754.
1271.781, 1265193.
1272.263, 1265833.
1272.745, 1265936.
1273.227, 1265223.
1273.709, 1264620.
1274.191, 1264546.
1274.673, 1264916.
1275.156, 1265712.
1275.638, 1266903.
1276.120, 1268854.
1276.602, 1270880.
1277.084, 1272250.
1277.566, 1273027.
1278.048, 1273421.
1278.530, 1273316.
1279.012, 1274011.
1279.495, 1275594.
1279.977, 1277499.
1280.459, 1279827.
1280.941, 1281962.
1281.423, 1283675.
1281.905, 1285065.
1282.387, 1286185.
1282.869, 1287308.
1283.352, 1288902.
1283.834, 1290706.
1284.316, 1292063.
1284.798, 1293034.
##END=



