##NAMES=Brannerite
##RRUFFID=R060613
##IDEAL CHEMISTRY=U^4+^Ti^4+^_2_O_6_
##LOCALITY=Crocker's Well, South Australia, Australia
##OWNER=RRUFF
##SOURCE=Michael Scott
##DESCRIPTION=Dark brown massive amorphous, note that a fragment of this sample was heated and is posted at R080091
##STATUS=The identification of this mineral has been confirmed only by chemical analysis
##URL=rruff.info/R060613
##MEASURED CHEMISTRY=(U^4+^_0.42_U^6+^_0.23_Th_0.13_Ca_0.12_Y_0.05_Pb_0.05_)_Σ=1_(Ti_1.93_Fe^3+^_0.07_)_2_O_6_ ; (gray phase).  (Th_0.81_U^4+^_0.13_Ca_0.02_Y_0.02_Pb_0.02_)_Σ=1_(Ti_1.98_Fe^3+^_0.02_)_Σ=2_(O_5.88_(OH)_0.12_)_Σ=6_ (bright phase = thorutite)
131.164, 11967.391
131.646, 12456.34
132.129, 12963.41
132.611, 13490.691
133.093, 14028.66
133.575, 14576.051
134.057, 15128.98
134.539, 15712.129
135.021, 16342.551
135.503, 16984.57
135.986, 17551.879
136.468, 18046.09
136.95, 18478.27
137.432, 18845.762
137.914, 19144.711
138.396, 19425.41
138.878, 19690.109
139.36, 19940.871
139.842, 20184.539
140.325, 20425.891
140.807, 20650.371
141.289, 20846.762
141.771, 21032.012
142.253, 21151.031
142.735, 21168.82
143.217, 21078.539
143.699, 21056.191
144.182, 21120.961
144.664, 21238.641
145.146, 21370.871
145.628, 21524.941
146.11, 21679.719
146.592, 21824.719
147.074, 21952.199
147.556, 22092.719
148.038, 22262.602
148.521, 22439.75
149.003, 22582.539
149.485, 22612.32
149.967, 22680.238
150.449, 22843.93
150.931, 23234.43
151.413, 23515.422
151.895, 23631.82
152.378, 23631.621
152.86, 23648.191
153.342, 23689.629
153.824, 23754.859
154.306, 23844.559
154.788, 24016.199
155.27, 24155.68
155.752, 24254.891
156.234, 24316.27
156.717, 24347.289
157.199, 24302.898
157.681, 24256.77
158.163, 24259.441
158.645, 24353.621
159.127, 24467.43
159.609, 24578.941
160.091, 24686.711
160.574, 24805.98
161.056, 24959.41
161.538, 25116.18
162.02, 25244.738
162.502, 25286.141
162.984, 25329.238
163.466, 25420.078
163.948, 25563.801
164.43, 25708.93
164.913, 25853.102
165.395, 25977.078
165.877, 26055.672
166.359, 26034.32
166.841, 25991.602
167.323, 25998.66
167.805, 26085.691
168.287, 26138.289
168.77, 26011.699
169.252, 25792.891
169.734, 25664.879
170.216, 25823.352
170.698, 26074.09
171.18, 26216.141
171.662, 26181.57
172.144, 26117.301
172.626, 26155.391
173.109, 26273.609
173.591, 26388.828
174.073, 26436.578
174.555, 26454.18
175.037, 26497.539
175.519, 26593.18
176.001, 26699.262
176.483, 26754.699
176.965, 26767.289
177.448, 26791.988
177.93, 26896.289
178.412, 27040.23
178.894, 27135.891
179.376, 27102.469
179.858, 27050.449
180.34, 27197.898
180.822, 27539.43
181.305, 27861.922
181.787, 27926.398
182.269, 27803.27
182.751, 27703.512
183.233, 27705.941
183.715, 27778.77
184.197, 27867.25
184.679, 27975.219
185.161, 28064.371
185.644, 28050.711
186.126, 27960.371
186.608, 27944.828
187.09, 28145.488
187.572, 28475.719
188.054, 28607.672
188.536, 28508.039
189.018, 28345.891
189.501, 28358.91
189.983, 28534.66
190.465, 28700.859
190.947, 28771.762
191.429, 28760.5
191.911, 28753.18
192.393, 28755.422
192.875, 28754.789
193.357, 28717.051
193.84, 28639.59
194.322, 28590.031
194.804, 28626.789
195.286, 28744.469
195.768, 28799.879
196.25, 28767.539
196.732, 28699.539
197.214, 28699.23
197.697, 28773.871
198.179, 28875.949
198.661, 29003.93
199.143, 29161.859
199.625, 29239.59
200.107, 29207.969
200.589, 29109.949
201.071, 29056.898
201.553, 29054.879
202.036, 29074.941
202.518, 29100.969
203, 29132.871
203.482, 29167.5
203.964, 29204.039
204.446, 29241.109
204.928, 29269.891
205.41, 29279.379
205.893, 29304.512
206.375, 29384.91
206.857, 29538.379
207.339, 29641.629
207.821, 29654.531
208.303, 29599.289
208.785, 29623.641
209.267, 29768.039
209.749, 29909.82
210.232, 29934.148
210.714, 29803.18
211.196, 29710.789
211.678, 29717.199
212.16, 29807.922
212.642, 29786.711
213.124, 29600.449
213.606, 29396.809
214.089, 29323.969
214.571, 29429.621
215.053, 29530.211
215.535, 29592.711
216.017, 29617.75
216.499, 29632.66
216.981, 29624.289
217.463, 29620.27
217.945, 29651.078
218.428, 29724.129
218.91, 29805.039
219.392, 29884.5
219.874, 29961.051
220.356, 30043.91
220.838, 30150.629
221.32, 30240.93
221.802, 30255.34
222.285, 30143.262
222.767, 30068.039
223.249, 30088.148
223.731, 30221.57
224.213, 30290.93
224.695, 30275.441
225.177, 30219.031
225.659, 30171.809
226.141, 30125.699
226.624, 30109.07
227.106, 30132.531
227.588, 30200.18
228.07, 30286.289
228.552, 30409.941
229.034, 30535.859
229.516, 30607.371
229.998, 30587.25
230.48, 30575.25
230.963, 30605.891
231.445, 30694.012
231.927, 30741.609
232.409, 30718.238
232.891, 30673.051
233.373, 30684.172
233.855, 30790.762
234.337, 30890.309
234.82, 30953.93
235.302, 30977.77
235.784, 30980.621
236.266, 30939.559
236.748, 30892.238
237.23, 30905.75
237.712, 31028.262
238.194, 31137.461
238.676, 31186.441
239.159, 31151
239.641, 31149.25
240.123, 31197.719
240.605, 31271.789
241.087, 31327.039
241.569, 31346.789
242.051, 31376.43
242.533, 31434.539
243.016, 31533.719
243.498, 31620.398
243.98, 31690.352
244.462, 31749.289
244.944, 31806.809
245.426, 31859.738
245.908, 31913.039
246.39, 31967.238
246.872, 32022.301
247.355, 32072.41
247.837, 32119.43
248.319, 32156.18
248.801, 32163.578
249.283, 32106.738
249.765, 32075.09
250.247, 32116.91
250.729, 32281.328
251.212, 32352.449
251.694, 32298.84
252.176, 32172.16
252.658, 32065.18
253.14, 31980.102
253.622, 31918.352
254.104, 31892.301
254.586, 31930.281
255.068, 31910.75
255.551, 31805.109
256.033, 31664.211
256.515, 31586.109
256.997, 31598.48
257.479, 31624.23
257.961, 31630.309
258.443, 31599.711
258.925, 31614.641
259.408, 31699.469
259.89, 31809.461
260.372, 31862.602
260.854, 31836.84
261.336, 31793.371
261.818, 31746.102
262.3, 31685.488
262.782, 31661.359
263.264, 31692.09
263.746, 31740.859
264.229, 31731.52
264.711, 31626.961
265.193, 31553.281
265.675, 31575.309
266.157, 31722.199
266.639, 31791.449
267.121, 31762.609
267.603, 31678.449
268.086, 31606.25
268.568, 31551.25
269.05, 31497.32
269.532, 31435.199
270.014, 31362.059
270.496, 31320.621
270.978, 31327.949
271.46, 31348.012
271.943, 31321.359
272.425, 31237.738
272.907, 31151.551
273.389, 31080.52
273.871, 31026.199
274.353, 30972.801
274.835, 30909.828
275.317, 30868.27
275.799, 30918.121
276.282, 31085.051
276.764, 31199.141
277.246, 31179.121
277.728, 31028.449
278.21, 30918.309
278.692, 30854.988
279.174, 30819.762
279.656, 30792.91
280.138, 30774.328
280.621, 30756.301
281.103, 30728.141
281.585, 30692.852
282.067, 30696.379
282.549, 30747.59
283.031, 30807.469
283.513, 30825.789
283.995, 30801.75
284.478, 30780.359
284.96, 30787.238
285.442, 30810.828
285.924, 30779.648
286.406, 30683.859
286.888, 30583.789
287.37, 30553.891
287.852, 30589.18
288.335, 30613
288.817, 30598.969
289.299, 30557.59
289.781, 30525
290.263, 30503.398
290.745, 30472.07
291.227, 30393.98
291.709, 30279.48
292.191, 30197.41
292.674, 30185.441
293.156, 30205.762
293.638, 30162.77
294.12, 30055.629
294.602, 29941.309
295.084, 29863.5
295.566, 29819.398
296.048, 29806.801
296.53, 29846.398
297.013, 29899.09
297.495, 29865.289
297.977, 29754.18
298.459, 29692.5
298.941, 29677.691
299.423, 29746.016
299.905, 29794.16
300.387, 29823.207
300.87, 29775.973
301.352, 29827.25
301.834, 29839.043
302.316, 29849.219
302.798, 29914.355
303.28, 29878.215
303.762, 29937.09
304.244, 29970.211
304.727, 30052.359
305.209, 30133.98
305.691, 30207.539
306.173, 30252.789
306.655, 30207.77
307.137, 30144.281
307.619, 30159.578
308.101, 30300.461
308.583, 30436.578
309.065, 30444.441
309.548, 30366.23
310.03, 30304.148
310.512, 30355.34
310.994, 30423.121
311.476, 30412.52
311.958, 30289.59
312.44, 30181.059
312.922, 30189.961
313.405, 30262.578
313.887, 30301.641
314.369, 30234.199
314.851, 30143.379
315.333, 30076.77
315.815, 30040.488
316.297, 30019.73
316.779, 30026.109
317.262, 30039.75
317.744, 30034.699
318.226, 30011.68
318.708, 29960.5
319.19, 29855.68
319.672, 29688.531
320.154, 29568.051
320.636, 29524.328
321.118, 29544.461
321.601, 29615.621
322.083, 29858.941
322.565, 30032.129
323.047, 30023.59
323.529, 29830.59
324.011, 29697.699
324.493, 29689.809
324.975, 29738.73
325.457, 29794.289
325.94, 29833.16
326.422, 29896.891
326.904, 30020.41
327.386, 30193.52
327.868, 30295.961
328.35, 30277.379
328.832, 30223.988
329.314, 30182.051
329.797, 30172.641
330.279, 30143.621
330.761, 30077.359
331.243, 29988.809
331.725, 29935.699
332.207, 29939.789
332.689, 29955.07
333.171, 29960.34
333.654, 29947.969
334.136, 29944.699
334.618, 29956.02
335.1, 29975.02
335.582, 29988.512
336.064, 30002.078
336.546, 30000.23
337.028, 29964.18
337.51, 29877.18
337.992, 29858.578
338.475, 29936.25
338.957, 30047.191
339.439, 30086.73
339.921, 30033.359
340.403, 30001.969
340.885, 30050.93
341.367, 30173.172
341.849, 30210.93
342.332, 30146.422
342.814, 30048.84
343.296, 30005.531
343.778, 30017.051
344.26, 30004.988
344.742, 29935.93
345.224, 29831.059
345.706, 29763.891
346.189, 29736.512
346.671, 29736
347.153, 29766.641
347.635, 29820.789
348.117, 29852.309
348.599, 29837.172
349.081, 29810.859
349.563, 29846.66
350.045, 29937.828
350.528, 30024.969
351.01, 30051.57
351.492, 30043.02
351.974, 30054.398
352.456, 30099.648
352.938, 30149.27
353.42, 30166.43
353.902, 30158.5
354.384, 30151.48
354.867, 30170.641
355.349, 30193.941
355.831, 30198.539
356.313, 30182.551
356.795, 30151.949
357.277, 30112.879
357.759, 30064.391
358.241, 30004.219
358.724, 29906.672
359.206, 29819.191
359.688, 29774.379
360.17, 29775.238
360.652, 29796.672
361.134, 29875.328
361.616, 29949.34
362.098, 29954.52
362.581, 29742.672
363.063, 29582.391
363.545, 29608.711
364.027, 29800.23
364.509, 29936.199
364.991, 29912.34
365.473, 29842.379
365.955, 29799.789
366.437, 29842.352
366.919, 29856.328
367.402, 29809.199
367.884, 29720.301
368.366, 29659.609
368.848, 29656.871
369.33, 29662.789
369.812, 29657.59
370.294, 29623.141
370.776, 29617.641
371.259, 29654.141
371.741, 29714.68
372.223, 29771.262
372.705, 29840.609
373.187, 29876.59
373.669, 29849.27
374.151, 29742.422
374.633, 29705.461
375.116, 29769.898
375.598, 29856.16
376.08, 29858.32
376.562, 29745.328
377.044, 29683.07
377.526, 29730.34
378.008, 29861.07
378.49, 29921.211
378.973, 29902.289
379.455, 29852.469
379.937, 29801.75
380.419, 29751.969
380.901, 29718.719
381.383, 29711.41
381.865, 29716.07
382.347, 29706.641
382.829, 29684.68
383.311, 29655.16
383.794, 29606.359
384.276, 29554.051
384.758, 29535.172
385.24, 29553.422
385.722, 29605.801
386.204, 29730.879
386.686, 29892.602
387.168, 29994.031
387.651, 29924.43
388.133, 29802.25
388.615, 29769.18
389.097, 29827.98
389.579, 29897.68
390.061, 29923.34
390.543, 29921.949
391.025, 29916.078
391.508, 29901.109
391.99, 29894.422
392.472, 29920.98
392.954, 29971.91
393.436, 29999.051
393.918, 29972.531
394.4, 29924.289
394.882, 29876.16
395.364, 29836.711
395.847, 29795.039
396.329, 29734.551
396.811, 29671.891
397.293, 29641.238
397.775, 29694.922
398.257, 29740.57
398.739, 29735.262
399.221, 29646.16
399.703, 29605.629
400.186, 29658.109
400.668, 29734.34
401.15, 29754.461
401.632, 29659.852
402.114, 29599.41
402.596, 29614.309
403.078, 29699.102
403.56, 29747.039
404.043, 29742.289
404.525, 29728.148
405.007, 29741.781
405.489, 29794.559
405.971, 29822.211
406.453, 29811.691
406.935, 29778.199
407.417, 29756.172
407.9, 29746.129
408.382, 29744.77
408.864, 29754.012
409.346, 29772.07
409.828, 29778.922
410.31, 29768.32
410.792, 29767.379
411.274, 29825.32
411.756, 29928.57
412.238, 30016.41
412.721, 30062.031
413.203, 30079.422
413.685, 30086.539
414.167, 30084.07
414.649, 30084.52
415.131, 30107.57
415.613, 30136.59
416.095, 30142.551
416.578, 30098.34
417.06, 30060.191
417.542, 30092.52
418.024, 30168.289
418.506, 30209.32
418.988, 30103.91
419.47, 30001.109
419.952, 30023.602
420.435, 30229.281
420.917, 30382.719
421.399, 30363.129
421.881, 30259.211
422.363, 30186.32
422.845, 30197.699
423.327, 30216.41
423.809, 30219.852
424.291, 30207.57
424.774, 30217.059
425.256, 30312.23
425.738, 30385.359
426.22, 30365.078
426.702, 30168.949
427.184, 30024.359
427.666, 29950.289
428.148, 29933.859
428.63, 29944.641
429.113, 30003.828
429.595, 30040.09
430.077, 29998.52
430.559, 29862.129
431.041, 29833.68
431.523, 29946.789
432.005, 30091.488
432.487, 30099.629
432.97, 29969.84
433.452, 29896.34
433.934, 29974.762
434.416, 30130.5
434.898, 30142.859
435.38, 30013.629
435.862, 29884.891
436.344, 29895.75
436.827, 29990.18
437.309, 30037.48
437.791, 30009.91
438.273, 29943.75
438.755, 29842.879
439.237, 29730.07
439.719, 29664.301
440.201, 29737.891
440.683, 29830.262
441.165, 29828.93
441.648, 29719.852
442.13, 29611.469
442.612, 29563.961
443.094, 29542.648
443.576, 29513.23
444.058, 29436.852
444.54, 29380.648
445.022, 29388.949
445.505, 29443.309
445.987, 29449.969
446.469, 29339.871
446.951, 29224.641
447.433, 29158.59
447.915, 29177.809
448.397, 29172.969
448.879, 29138.379
449.362, 29083.949
449.844, 29022.66
450.326, 28948.609
450.808, 28883.379
451.29, 28842.328
451.772, 28821.32
452.254, 28746.629
452.736, 28596.109
453.218, 28455.84
453.701, 28421.449
454.183, 28491.891
454.665, 28496.23
455.147, 28393.449
455.629, 28242.609
456.111, 28146.711
456.593, 28102.891
457.075, 28078.148
457.557, 28062.379
458.04, 28052.441
458.522, 28046.02
459.004, 28044.039
459.486, 28033.93
459.968, 28011.879
460.45, 27973.73
460.932, 27911.969
461.414, 27801.969
461.897, 27691.602
462.379, 27608.012
462.861, 27548.5
463.343, 27505.75
463.825, 27497.391
464.307, 27489.09
464.789, 27455.379
465.271, 27376.609
465.754, 27318.52
466.236, 27312.199
466.718, 27327.23
467.2, 27324.441
467.682, 27305.27
468.164, 27261.262
468.646, 27167.84
469.128, 27030.219
469.61, 26969.441
470.093, 27023.609
470.575, 27097.852
471.057, 27136.988
471.539, 27138.879
472.021, 27101.238
472.503, 27000.488
472.985, 26888.961
473.467, 26884.16
473.949, 26991.359
474.432, 27069.102
474.914, 27051.379
475.396, 26960.539
475.878, 26862.09
476.36, 26756.07
476.842, 26660.871
477.324, 26596.5
477.806, 26556.789
478.289, 26533.23
478.771, 26535.82
479.253, 26534.691
479.735, 26492.75
480.217, 26425.602
480.699, 26371.09
481.181, 26299.309
481.663, 26284.039
482.146, 26427.73
482.628, 26758.539
483.11, 26965.82
483.592, 26825.98
484.074, 26568.762
484.556, 26397.852
485.038, 26413.91
485.52, 26432.781
486.002, 26428.129
486.484, 26405.879
486.967, 26388.441
487.449, 26379.25
487.931, 26367.211
488.413, 26348.012
488.895, 26320.949
489.377, 26296.059
489.859, 26282.09
490.341, 26260.352
490.824, 26210.871
491.306, 26135.23
491.788, 26032.898
492.27, 25880.23
492.752, 25727.449
493.234, 25734.27
493.716, 25891.59
494.198, 26023.941
494.681, 25987.391
495.163, 25852.828
495.645, 25752.91
496.127, 25696.199
496.609, 25677.051
497.091, 25718.09
497.573, 25785.809
498.055, 25830.051
498.537, 25820.191
499.02, 25791.219
499.502, 25756.352
499.984, 25717.219
500.466, 25678.539
500.948, 25625.922
501.43, 25588.68
501.912, 25591.262
502.394, 25672.609
502.876, 25701.02
503.359, 25605.379
503.841, 25483.578
504.323, 25446.27
504.805, 25552.988
505.287, 25637.23
505.769, 25658.301
506.251, 25633.27
506.733, 25663.531
507.216, 25768.5
507.698, 25862.57
508.18, 25891.359
508.662, 25856.07
509.144, 25802.781
509.626, 25726.078
510.108, 25661.09
510.59, 25677.039
511.073, 25750.699
511.555, 25786.371
512.037, 25725.191
512.519, 25637.711
513.001, 25631.41
513.483, 25687.559
513.965, 25719.711
514.447, 25628.961
514.929, 25521.82
515.412, 25497.852
515.894, 25589.68
516.376, 25677.141
516.858, 25703.238
517.34, 25699.781
517.822, 25702.5
518.304, 25722.41
518.786, 25742.398
519.268, 25758.969
519.751, 25771.969
520.233, 25781.27
520.715, 25770.449
521.197, 25778.449
521.679, 25839.449
522.161, 25980.422
522.643, 26010.34
523.125, 25890
523.607, 25738.441
524.09, 25714.359
524.572, 25818.629
525.054, 25891.391
525.536, 25879.98
526.018, 25836.66
526.5, 25885.641
526.982, 26011.609
527.464, 26109.859
527.947, 26115.602
528.429, 26054.59
528.911, 25927.398
529.393, 25728.41
529.875, 25585.898
530.357, 25645.09
530.839, 25786.102
531.321, 25874.219
531.804, 25824.648
532.286, 25773.578
532.768, 25776.949
533.25, 25813.301
533.732, 25823.879
534.214, 25759.031
534.696, 25709.469
535.178, 25708.512
535.661, 25764.969
536.143, 25809.871
536.625, 25845.859
537.107, 25868.84
537.589, 25874.191
538.071, 25860.461
538.553, 25841.109
539.035, 25818.078
539.517, 25789.93
540, 25738.441
540.482, 25667.309
540.964, 25632.801
541.446, 25683.34
541.928, 25779.09
542.41, 25840.371
542.892, 25868.199
543.374, 25891.539
543.856, 25928.281
544.339, 25972.57
544.821, 26023.18
545.303, 26089.98
545.785, 26131.91
546.267, 26092.109
546.749, 26023.078
547.231, 26003.98
547.713, 26123.84
548.195, 26223.941
548.678, 26251.352
549.16, 26213.879
549.642, 26198.281
550.124, 26218.57
550.606, 26244.801
551.088, 26266.469
551.57, 26287.988
552.052, 26282.539
552.534, 26240.73
553.017, 26191.762
553.499, 26173.371
553.981, 26184.711
554.463, 26199.781
554.945, 26214.391
555.427, 26226.262
555.909, 26231.191
556.391, 26229.531
556.874, 26223.129
557.356, 26210.551
557.838, 26195.551
558.32, 26179.012
558.802, 26161.328
559.284, 26154.898
559.766, 26166.699
560.248, 26193.879
560.731, 26235.199
561.213, 26307.539
561.695, 26369.809
562.177, 26409.48
562.659, 26434.551
563.141, 26461.172
563.623, 26486.16
564.105, 26517.34
564.588, 26560.57
565.07, 26613.281
565.552, 26638.789
566.034, 26622.43
566.516, 26619.281
566.998, 26691.801
567.48, 26829.871
567.962, 26882.129
568.444, 26823.5
568.927, 26746.801
569.409, 26781.09
569.891, 26889.602
570.373, 26969.398
570.855, 26968.391
571.337, 26946.941
571.819, 26958.969
572.301, 26996.531
572.783, 27034.289
573.266, 27056.641
573.748, 27078.859
574.23, 27116.25
574.712, 27175.539
575.194, 27205.988
575.676, 27174.82
576.158, 27127.32
576.64, 27092.852
577.122, 27063.68
577.605, 27069.629
578.087, 27136.922
578.569, 27220.77
579.051, 27227.602
579.533, 27145.109
580.015, 27079.719
580.497, 27074.031
580.979, 27107.379
581.461, 27109.129
581.944, 27081.91
582.426, 27073.129
582.908, 27138.211
583.39, 27234.391
583.872, 27291.578
584.354, 27297.672
584.836, 27304.078
585.318, 27361.469
585.801, 27430.18
586.283, 27466.578
586.765, 27409.711
587.247, 27373.559
587.729, 27384.98
588.211, 27436.91
588.693, 27513.891
589.175, 27648.27
589.657, 27762.898
590.14, 27835.32
590.622, 27866.84
591.104, 27892.012
591.586, 27912.691
592.068, 27923.422
592.55, 27910.75
593.032, 27878.09
593.515, 27869.988
593.997, 27888.941
594.479, 27936.699
594.961, 28054.129
595.443, 28202.109
595.925, 28279.031
596.407, 28210.879
596.889, 28114.371
597.371, 28084.141
597.854, 28102.48
598.336, 28121.281
598.818, 28124.461
599.3, 28120.379
599.782, 28111.16
600.264, 28096.609
600.746, 28082.84
601.228, 28053.48
601.71, 28039.879
602.193, 28063.621
602.675, 28142.43
603.157, 28203.59
603.639, 28238.621
604.121, 28267.488
604.603, 28325.949
605.085, 28412.57
605.567, 28475.391
606.049, 28494.648
606.532, 28489.609
607.014, 28473.359
607.496, 28455.641
607.978, 28478.98
608.46, 28631.539
608.942, 28792.371
609.424, 28848.371
609.906, 28795.25
610.388, 28713.48
610.871, 28589.34
611.353, 28481.309
611.835, 28434.898
612.317, 28496.551
612.799, 28537.211
613.281, 28552.34
613.763, 28544.02
614.245, 28509.762
614.728, 28438.66
615.21, 28381.199
615.692, 28350.359
616.174, 28337.141
616.656, 28313.879
617.138, 28281.398
617.62, 28262.719
618.102, 28302.711
618.584, 28355.02
619.067, 28295.93
619.549, 28136.129
620.031, 28010.68
620.513, 28045.211
620.995, 28139.898
621.477, 28199.73
621.959, 28200.77
622.442, 28193.309
622.924, 28187.07
623.406, 28182.449
623.888, 28180.75
624.37, 28214.25
624.852, 28199.738
625.334, 28097.879
625.816, 27956.301
626.298, 27897.551
626.781, 27939.469
627.263, 27986.391
627.745, 28015.102
628.227, 28021.34
628.709, 27978.051
629.191, 27886.828
629.673, 27791.32
630.155, 27725.672
630.638, 27675.551
631.12, 27617.488
631.602, 27548.828
632.084, 27489.512
632.566, 27480.27
633.048, 27473.84
633.53, 27418.07
634.012, 27221.961
634.494, 27099.148
634.977, 27159.27
635.459, 27296.191
635.941, 27336.102
636.423, 27214.16
636.905, 27119.66
637.387, 27099.609
637.869, 27132.801
638.351, 27140.68
638.833, 27121.199
639.316, 27091.051
639.798, 27054.719
640.28, 27014.059
640.762, 26960.328
641.244, 26894.691
641.726, 26866.762
642.208, 26841.082
642.69, 26898.953
643.172, 26936.543
643.655, 26954.941
644.137, 26896.664
644.619, 26937.398
645.101, 26938.457
645.583, 26937.883
646.065, 26992.551
646.547, 26945.426
647.029, 26999.219
647.511, 27012.727
647.994, 27044.672
648.476, 27028.449
648.958, 27041.191
649.44, 27062.48
649.922, 27092.551
650.404, 27139.73
650.886, 27201.129
651.369, 27256.16
651.851, 27291.539
652.333, 27309.398
652.815, 27301.93
653.297, 27267.949
653.779, 27255.328
654.261, 27316.059
654.743, 27397.27
655.225, 27457.441
655.708, 27497.602
656.19, 27503.281
656.672, 27424.531
657.154, 27338.441
657.636, 27341.039
658.118, 27489.059
658.6, 27568.02
659.082, 27521.109
659.565, 27409.961
660.047, 27396.309
660.529, 27476.941
661.011, 27530.148
661.493, 27473.41
661.975, 27375.578
662.457, 27355.371
662.939, 27403.719
663.421, 27468.23
663.904, 27551.27
664.386, 27616.719
664.868, 27623.148
665.35, 27560.531
665.832, 27527.551
666.314, 27585.711
666.796, 27657.25
667.278, 27684.379
667.76, 27613
668.243, 27622.801
668.725, 27743.012
669.207, 27897.48
669.689, 27993.359
670.171, 28028.512
670.653, 28025.941
671.135, 27972.352
671.617, 27911.469
672.099, 27922.969
672.582, 27983.961
673.064, 28030.828
673.546, 27994.551
674.028, 27967.801
674.51, 28057.012
674.992, 28227.98
675.474, 28320.27
675.956, 28194.59
676.439, 28072.012
676.921, 28056.449
677.403, 28157.512
677.885, 28226.07
678.367, 28235.68
678.849, 28265.469
679.331, 28390.52
679.813, 28613.672
680.295, 28766.52
680.778, 28844.66
681.26, 28849.98
681.742, 28710.609
682.224, 28504.621
682.706, 28418.609
683.188, 28524.172
683.67, 28671.91
684.153, 28758.301
684.635, 28816.23
685.117, 28893.172
685.599, 29067.891
686.081, 29188.73
686.563, 29180.539
687.045, 29098.27
687.527, 29082.539
688.009, 29163.93
688.492, 29246.34
688.974, 29305.25
689.456, 29343.379
689.938, 29353.672
690.42, 29336.539
690.902, 29342.469
691.384, 29412.441
691.866, 29522.82
692.348, 29658.211
692.831, 29813.699
693.313, 29912.18
693.795, 29824.379
694.277, 29707.02
694.759, 29693.68
695.241, 29842.32
695.723, 29978.039
696.205, 30087.32
696.688, 30167.469
697.17, 30212.73
697.652, 30212.941
698.134, 30207.84
698.616, 30194.109
699.098, 30189.969
699.58, 30241.191
700.062, 30337.898
700.544, 30404.461
701.027, 30416.488
701.509, 30395.238
701.991, 30333.789
702.473, 30258.281
702.955, 30234.461
703.437, 30340.141
703.919, 30455.699
704.401, 30526.98
704.883, 30557.711
705.366, 30585.801
705.848, 30609.609
706.33, 30635.781
706.812, 30662.879
707.294, 30690.621
707.776, 30746.172
708.258, 30836.301
708.74, 30912.219
709.222, 30934.719
709.705, 30915.051
710.187, 30872.66
710.669, 30807.77
711.151, 30775.621
711.633, 30868.16
712.115, 30993.352
712.597, 31036.219
713.08, 30913.551
713.562, 30877.711
714.044, 31087.039
714.526, 31375.949
715.008, 31561.352
715.49, 31601.301
715.972, 31626.238
716.454, 31641.641
716.936, 31651.191
717.419, 31663.172
717.901, 31676.66
718.383, 31678.301
718.865, 31656.809
719.347, 31632.09
719.829, 31624.129
720.311, 31635.699
720.793, 31674.578
721.276, 31788.23
721.758, 31890.051
722.24, 31919.41
722.722, 31889.98
723.204, 31882.301
723.686, 31923.621
724.168, 31971.648
724.65, 32022.539
725.132, 32074.281
725.615, 32077.02
726.097, 32017.16
726.579, 31968.68
727.061, 31987.461
727.543, 32054.859
728.025, 32124.77
728.507, 32195.109
728.989, 32239.449
729.471, 32215.289
729.954, 32167.711
730.436, 32140.75
730.918, 32144.109
731.4, 32159.32
731.882, 32211.27
732.364, 32254.59
732.846, 32240.27
733.328, 32084.762
733.81, 32093.371
734.293, 32343.961
734.775, 32643.621
735.257, 32714.078
735.739, 32577.238
736.221, 32447.871
736.703, 32366.391
737.185, 32320.301
737.667, 32340.141
738.149, 32378.84
738.632, 32346.68
739.114, 32086.18
739.596, 31880.191
740.078, 31892.211
740.56, 32042.82
741.042, 32114
741.524, 32024.352
742.006, 31975.328
742.489, 32030.609
742.971, 32154.34
743.453, 32196.629
743.935, 32152.059
744.417, 32123.199
744.899, 32181.891
745.381, 32275.629
745.863, 32290.629
746.346, 32240.871
746.828, 32217.762
747.31, 32292.609
747.792, 32392.441
748.274, 32482.859
748.756, 32560.309
749.238, 32588.48
749.72, 32553.539
750.203, 32480.73
750.685, 32373.98
751.167, 32232.398
751.649, 32108.32
752.131, 32006.859
752.613, 31912.77
753.095, 31807.43
753.577, 31702.289
754.059, 31622.461
754.542, 31571.988
755.024, 31543.5
755.506, 31549.078
755.988, 31563.191
756.47, 31555.43
756.952, 31496.039
757.434, 31465.781
757.916, 31515.949
758.398, 31568.781
758.881, 31548.488
759.363, 31430.289
759.845, 31329.699
760.327, 31260.5
760.809, 31199.609
761.291, 31098.949
761.773, 30976.039
762.255, 30903.711
762.737, 30923.23
763.22, 30953.91
763.702, 30932.59
764.184, 30875
764.666, 30805.262
765.148, 30684.91
765.63, 30609.211
766.112, 30643.289
766.594, 30722.051
767.076, 30707.68
767.559, 30551.68
768.041, 30457.051
768.523, 30491.609
769.005, 30593.41
769.487, 30623.77
769.969, 30590.352
770.451, 30544.59
770.933, 30488.469
771.416, 30446.66
771.898, 30474.238
772.38, 30540
772.862, 30542.398
773.344, 30376.352
773.826, 30215.238
774.308, 30128.82
774.79, 30104.859
775.273, 30058.379
775.755, 29986.578
776.237, 29907.23
776.719, 29820.629
777.201, 29735.539
777.683, 29697.801
778.165, 29702.32
778.647, 29684.539
779.13, 29559.379
779.612, 29421.469
780.094, 29380.461
780.576, 29434.16
781.058, 29449
781.54, 29333.41
782.022, 29211.859
782.504, 29148.801
782.986, 29150.961
783.469, 29100.789
783.951, 28974.68
784.433, 28869.191
784.915, 28887.5
785.397, 28987.41
785.879, 28990.57
786.361, 28889.711
786.843, 28768.059
787.325, 28661.949
787.808, 28585.629
788.29, 28572.121
788.772, 28644.711
789.254, 28671.949
789.736, 28566.32
790.218, 28451.371
790.7, 28411.309
791.182, 28473.66
791.664, 28493.219
792.147, 28462.879
792.629, 28410.551
793.111, 28351.762
793.593, 28291.762
794.075, 28256.93
794.557, 28253.84
795.039, 28240.852
795.521, 28179.02
796.003, 28093.449
796.486, 28009.43
796.968, 27929.609
797.45, 27855.141
797.932, 27785.328
798.414, 27722.852
798.896, 27667.109
799.378, 27614.289
799.86, 27619.199
800.343, 27709.828
800.825, 27781.031
801.307, 27666.219
801.789, 27436.539
802.271, 27256.879
802.753, 27172.762
803.235, 27119.172
803.717, 27085.711
804.2, 27046.211
804.682, 26970.52
805.164, 26778
805.646, 26658.59
806.128, 26654.32
806.61, 26685.461
807.092, 26631.77
807.574, 26490.809
808.057, 26413.309
808.539, 26445.051
809.021, 26484.98
809.503, 26381.98
809.985, 26199.898
810.467, 26057.379
810.949, 26014.609
811.431, 25975.93
811.913, 25907.27
812.396, 25817.031
812.878, 25717.602
813.36, 25609.48
813.842, 25488.539
814.324, 25343.52
814.806, 25197.969
815.288, 25095.602
815.77, 25030.301
816.252, 24952.262
816.735, 24835.93
817.217, 24730.469
817.699, 24726.539
818.181, 24758.859
818.663, 24722.379
819.145, 24497.391
819.627, 24304.449
820.109, 24226.84
820.591, 24192.719
821.074, 24094.352
821.556, 23914.41
822.038, 23752.129
822.52, 23637.5
823.002, 23528.879
823.484, 23331.48
823.966, 23078.98
824.448, 22873.93
824.93, 22770.5
825.413, 22699.559
825.895, 22639.309
826.377, 22575.262
826.859, 22483.84
827.341, 22337.27
827.823, 22188.859
828.305, 22035.352
828.787, 21887.699
829.27, 21781.289
829.752, 21717.199
830.234, 21603.699
830.716, 21407.57
831.198, 21180.352
831.68, 20987.02
832.162, 20818.16
832.644, 20655.059
833.127, 20501.398
833.609, 20341.5
834.091, 20157.57
834.573, 19967.82
835.055, 19804.789
835.537, 19684.969
836.019, 19544.25
836.501, 19361.461
836.984, 19174.121
837.466, 19063.012
837.948, 19006.051
838.43, 18888.172
838.912, 18634.031
839.394, 18396.41
839.876, 18354.789
840.358, 18398.629
840.841, 18354.34
841.323, 18078.73
841.805, 17842.84
842.287, 17683.98
842.769, 17569.699
843.251, 17456.129
843.733, 17342.891
844.215, 17227.469
844.697, 17107.449
845.18, 16986.871
845.662, 16863.441
846.144, 16744.309
846.626, 16646.691
847.108, 16597.301
847.59, 16529.551
848.072, 16382.25
848.554, 16215.898
849.036, 16118.09
849.519, 16149.07
850.001, 16091.57
850.483, 15896.559
850.965, 15670.398
851.447, 15592.09
851.929, 15620.379
852.411, 15574.879
852.893, 15401.781
853.375, 15215.84
853.858, 15114.16
854.34, 15055.73
854.822, 14994.352
855.304, 14925.551
855.786, 14844.441
856.268, 14734.531
856.75, 14629.629
857.232, 14576.699
857.714, 14578.109
858.197, 14537.391
858.679, 14437.121
859.161, 14333.68
859.643, 14298.359
860.125, 14294.039
860.607, 14264.02
861.089, 14189.52
861.571, 14116.039
862.054, 14056.711
862.536, 14007.211
863.018, 13966.941
863.5, 13942.859
863.982, 13899.809
864.464, 13834.34
864.946, 13759.988
865.428, 13685.18
865.911, 13611.75
866.393, 13545.77
866.875, 13489.648
867.357, 13425.18
867.839, 13334.699
868.321, 13235.211
868.803, 13140.27
869.285, 13052.91
869.768, 12961.711
870.25, 12856.898
870.732, 12767.539
871.214, 12727.16
871.696, 12727.5
872.178, 12675.91
872.66, 12572.66
873.142, 12477.211
873.624, 12444.23
874.107, 12433.84
874.589, 12406.199
875.071, 12358.129
875.553, 12318.309
876.035, 12299.141
876.517, 12281.68
876.999, 12261.371
877.481, 12236.711
877.963, 12190.379
878.446, 12120.98
878.928, 12053.672
879.41, 12010.16
879.892, 11974.27
880.374, 11929.691
880.856, 11873.98
881.338, 11796.039
881.82, 11647.891
882.302, 11524.141
882.785, 11474.559
883.267, 11481.859
883.749, 11477.25
884.231, 11459.25
884.713, 11436.141
885.195, 11409.031
885.677, 11379.711
886.159, 11356.859
886.641, 11335.68
887.124, 11302.039
887.606, 11222.93
888.088, 11157.699
888.57, 11162.98
889.052, 11198.629
889.534, 11161.379
890.016, 11004.48
890.498, 10891.102
890.981, 10857.57
891.463, 10868.512
891.945, 10868.039
892.427, 10857.191
892.909, 10838.961
893.391, 10811.422
893.873, 10781.949
894.355, 10760.109
894.838, 10736.391
895.32, 10697.641
895.802, 10623.68
896.284, 10558.801
896.766, 10500.488
897.248, 10453.398
897.73, 10428.891
898.212, 10422.852
898.695, 10401.012
899.177, 10358.711
899.659, 10308.762
900.141, 10278.281
900.623, 10239.449
901.105, 10158.961
901.587, 10020.879
902.069, 9885.91
902.551, 9739.359
903.034, 9627.57
903.516, 9604.852
903.998, 9672.852
904.48, 9648.172
904.962, 9528.059
905.444, 9401.898
905.926, 9350.609
906.408, 9319.699
906.89, 9230.949
907.373, 9083.789
907.855, 8986.75
908.337, 9025.559
908.819, 9065.59
909.301, 9065.871
909.783, 9027.039
910.265, 8941.34
910.747, 8806.301
911.229, 8687.039
911.712, 8615.73
912.194, 8581.25
912.676, 8597.988
913.158, 8642.23
913.64, 8642.309
914.122, 8504.57
914.604, 8397.309
915.086, 8388.879
915.568, 8432.16
916.051, 8420.461
916.533, 8346.891
917.015, 8291.078
917.497, 8284.16
917.979, 8276.461
918.461, 8181.211
918.943, 8038.27
919.425, 7921.422
919.908, 7841.91
920.39, 7810.16
920.872, 7875.73
921.354, 7962.199
921.836, 7990.609
922.318, 7946.012
922.8, 7924.289
923.282, 7935.98
923.765, 7946.559
924.247, 7920.07
924.729, 7866.789
925.211, 7787.789
925.693, 7676.57
926.175, 7617.129
926.657, 7721.27
927.139, 7821.039
927.622, 7800.09
928.104, 7647.441
928.586, 7586.852
929.068, 7635.57
929.55, 7677.309
930.032, 7629.051
930.514, 7528.461
930.996, 7428.949
931.478, 7335.34
931.961, 7260.059
932.443, 7221.738
932.925, 7192.051
933.407, 7160.84
933.889, 7129.609
934.371, 7106.199
934.853, 7091.828
935.335, 7076.922
935.817, 7063.719
936.3, 7038.82
936.782, 6956.461
937.264, 6848.211
937.746, 6783.25
938.228, 6833.59
938.71, 6864.48
939.192, 6800.879
939.674, 6713.512
940.156, 6692.18
940.639, 6757.441
941.121, 6778.512
941.603, 6739.289
942.085, 6678.988
942.567, 6632.969
943.049, 6597.77
943.531, 6572.719
944.013, 6560.199
944.495, 6532.621
944.978, 6454.551
945.46, 6379.77
945.942, 6340.891
946.424, 6338.57
946.906, 6345.34
947.388, 6365.059
947.87, 6362.172
948.352, 6274.602
948.835, 6172.32
949.317, 6193.672
949.799, 6305.109
950.281, 6363.828
950.763, 6262.641
951.245, 6159.141
951.727, 6100.34
952.209, 6072.98
952.692, 6040.859
953.174, 6002.898
953.656, 5983.5
954.138, 5998.359
954.62, 6012.211
955.102, 5951.621
955.584, 5867.641
956.066, 5850.051
956.549, 6004.48
957.031, 6078.27
957.513, 5980.93
957.995, 5841.828
958.477, 5780.879
958.959, 5801.051
959.441, 5788.391
959.923, 5734.41
960.405, 5686.77
960.888, 5695.51
961.37, 5726.25
961.852, 5750.369
962.334, 5765.211
962.816, 5744.59
963.298, 5631.07
963.78, 5554.109
964.262, 5577.539
964.744, 5673.461
965.227, 5726.961
965.709, 5737.699
966.191, 5702.551
966.673, 5583.039
967.155, 5455.41
967.637, 5368.221
968.119, 5321.949
968.601, 5316.65
969.083, 5403.311
969.566, 5440.01
970.048, 5393.061
970.53, 5321.721
971.012, 5326.08
971.494, 5385.32
971.976, 5398.91
972.458, 5344.141
972.94, 5284.01
973.422, 5271.75
973.905, 5269.199
974.387, 5237.391
974.869, 5162.4
975.351, 5122.77
975.833, 5126.25
976.315, 5145.039
976.797, 5164.17
977.279, 5184.801
977.762, 5218.109
978.244, 5258.779
978.726, 5281.51
979.208, 5249.84
979.69, 5219.34
980.172, 5218.41
980.654, 5237.061
981.136, 5255.08
981.619, 5278.32
982.101, 5262.939
982.583, 5185.51
983.065, 5099.74
983.547, 5096.68
984.029, 5134.391
984.511, 5134.869
984.993, 5061
985.476, 4998.41
985.958, 4981.9
986.44, 4980.27
986.922, 4977.311
987.404, 4974.699
987.886, 4946.711
988.368, 4891.721
988.85, 4841.881
989.332, 4814.301
989.815, 4808.35
990.297, 4848.779
990.779, 4921.6
991.261, 4931.52
991.743, 4798.07
992.225, 4685.039
992.707, 4630.801
993.189, 4621.65
993.672, 4639.891
994.154, 4676.74
994.636, 4676.561
995.118, 4603.77
995.6, 4531.109
996.082, 4519.68
996.564, 4535.539
997.046, 4534.641
997.528, 4488.039
998.011, 4491.631
998.493, 4564.221
998.975, 4632.99
999.457, 4619.949
999.939, 4557.199
1000.421, 4525.57
1000.903, 4526.84
1001.385, 4531.25
1001.867, 4529.609
1002.35, 4520.34
1002.832, 4499.65
1003.314, 4470.539
1003.796, 4441.961
1004.278, 4413.449
1004.76, 4390.641
1005.242, 4378.27
1005.724, 4367.1
1006.207, 4337.16
1006.689, 4302.189
1007.171, 4286.43
1007.653, 4311.43
1008.135, 4330.461
1008.617, 4338.961
1009.099, 4339.539
1009.581, 4331.65
1010.063, 4316.619
1010.546, 4311.99
1011.028, 4318.279
1011.51, 4313.24
1011.992, 4253.75
1012.474, 4198.77
1012.956, 4192.039
1013.438, 4117.27
1013.92, 4176.842
1014.403, 4203.771
1014.885, 4199.875
1015.367, 4072.695
1015.849, 4104.711
1016.331, 4072.928
1016.813, 4038.529
1017.295, 4092.949
1017.777, 3983.701
1018.259, 4036.713
1018.742, 4024.922
1019.224, 4042.807
1019.706, 3983.24
1020.188, 4060.08
1020.67, 4066.381
1021.152, 3995.67
1021.634, 3925.051
1022.116, 3926.33
1022.599, 3953.539
1023.081, 3950.369
1023.563, 3920.58
1024.045, 3910.1
1024.527, 3941.211
1025.009, 3974.699
1025.491, 4010.91
1025.973, 4033.77
1026.455, 3978.869
1026.938, 3871.57
1027.42, 3843.83
1027.902, 3968.439
1028.384, 4061.391
1028.866, 3938.711
1029.348, 3767.391
1029.83, 3724.369
1030.312, 3852.77
1030.794, 3914.609
1031.277, 3900.619
1031.759, 3867.641
1032.241, 3838.471
1032.723, 3826.869
1033.205, 3883.061
1033.687, 3984.859
1034.169, 4035.25
1034.651, 3960.26
1035.134, 3872.16
1035.616, 3779.289
1036.098, 3703.48
1036.58, 3710.15
1037.062, 3786.381
1037.544, 3799.34
1038.026, 3705.9
1038.508, 3622.859
1038.99, 3663.381
1039.473, 3746.939
1039.955, 3807.301
1040.437, 3841.881
1040.919, 3808.631
1041.401, 3680.779
1041.883, 3573.16
1042.365, 3566.779
1042.847, 3614.59
1043.329, 3630
1043.812, 3618.34
1044.294, 3593.949
1044.776, 3548.721
1045.258, 3512.381
1045.74, 3504.869
1046.222, 3500.369
1046.704, 3452.539
1047.186, 3363.891
1047.669, 3321.74
1048.151, 3337.869
1048.633, 3369.619
1049.115, 3398.07
1049.597, 3413.131
1050.079, 3396.699
1050.561, 3346.35
1051.043, 3329.99
1051.526, 3365.949
1052.008, 3378.539
1052.49, 3318.119
1052.972, 3242.439
1053.454, 3287.25
1053.936, 3408.461
1054.418, 3504.18
1054.9, 3541.51
1055.382, 3543.311
1055.865, 3479.939
1056.347, 3413.23
1056.829, 3401.859
1057.311, 3444.67
1057.793, 3461.52
1058.275, 3450.01
1058.757, 3427.43
1059.239, 3384.721
1059.721, 3354.84
1060.204, 3393.26
1060.686, 3475.061
1061.168, 3463.801
1061.65, 3309.359
1062.132, 3222.74
1062.614, 3275.25
1063.096, 3355.49
1063.578, 3263.75
1064.061, 3085.971
1064.543, 2985.289
1065.025, 3008.039
1065.507, 3048.461
1065.989, 3108.75
1066.471, 3142.42
1066.953, 3114.369
1067.435, 3035.311
1067.917, 2980.58
1068.4, 2950.641
1068.882, 2946.57
1069.364, 3000.32
1069.846, 3047.4
1070.328, 3033.34
1070.81, 2989.51
1071.292, 2978.24
1071.774, 3015.789
1072.256, 3023.09
1072.739, 2986.84
1073.221, 2952.24
1073.703, 2980.82
1074.185, 3029.32
1074.667, 2996.16
1075.149, 2920.277
1075.631, 2987.115
1076.114, 3019.281
1076.596, 3018.693
1077.078, 2887.133
1077.56, 2924.691
1078.042, 2894.479
1078.524, 2861.484
1079.006, 2885.529
1079.488, 2881.949
1079.97, 2874.971
1080.453, 2825.9
1080.935, 2776.49
1081.417, 2766.33
1081.899, 2800.59
1082.381, 2810.779
1082.863, 2796.01
1083.345, 2775.461
1083.827, 2742.779
1084.309, 2724.811
1084.792, 2756.561
1085.274, 2823.061
1085.756, 2887.461
1086.238, 2969.01
1086.72, 2986.33
1087.202, 2911.15
1087.684, 2820.18
1088.166, 2818.141
1088.649, 2865.039
1089.131, 2879.141
1089.613, 2851.85
1090.095, 2816.07
1090.577, 2770.9
1091.059, 2737.52
1091.541, 2728.689
1092.023, 2735.279
1092.505, 2723.109
1092.988, 2696.381
1093.47, 2681.51
1093.952, 2687.311
1094.434, 2706.539
1094.916, 2743.539
1095.398, 2785.24
1095.88, 2822.199
1096.362, 2858.43
1096.844, 2847.48
1097.327, 2781.58
1097.809, 2728.561
1098.291, 2759.25
1098.773, 2805.131
1099.255, 2770.051
1099.737, 2684.789
1100.219, 2633.619
1100.701, 2666.07
1101.184, 2678.74
1101.666, 2660.51
1102.148, 2627.529
1102.63, 2574.461
1103.112, 2526.801
1103.594, 2568.619
1104.076, 2702.93
1104.558, 2797.641
1105.041, 2769.211
1105.523, 2716.539
1106.005, 2668.9
1106.487, 2626.539
1106.969, 2594.881
1107.451, 2571.711
1107.933, 2542.9
1108.415, 2500.09
1108.897, 2466.439
1109.38, 2472.1
1109.862, 2483.65
1110.344, 2468.029
1110.826, 2423
1111.308, 2399.23
1111.79, 2400.16
1112.272, 2386.07
1112.754, 2320.85
1113.236, 2244.75
1113.719, 2198.77
1114.201, 2175.949
1114.683, 2161.301
1115.165, 2133.109
1115.647, 2162.609
1116.129, 2276.369
1116.611, 2375.811
1117.093, 2335.641
1117.576, 2227.73
1118.058, 2200.84
1118.54, 2246.801
1119.022, 2256.5
1119.504, 2128.869
1119.986, 2043.279
1120.468, 2056.68
1120.95, 2110.6
1121.432, 2092.6
1121.915, 2022.18
1122.397, 1974.961
1122.879, 1966.48
1123.361, 1970.461
1123.843, 1980.381
1124.325, 1991.82
1124.807, 2003.961
1125.289, 2016.051
1125.771, 2021.939
1126.254, 2021.609
1126.736, 2011.721
1127.218, 1981.891
1127.7, 1959.24
1128.182, 1969.609
1128.664, 1996.9
1129.146, 2022.869
1129.628, 2046.051
1130.111, 2066.141
1130.593, 2083.211
1131.075, 2087.949
1131.557, 2061.811
1132.039, 2027.789
1132.521, 2012.221
1133.003, 2010.789
1133.485, 2012.279
1133.968, 2015
1134.45, 2025.301
1134.932, 2053.5
1135.414, 2065.01
1135.896, 2010.539
1136.378, 1918.961
1136.86, 1824.221
1137.342, 1735.01
1137.824, 1712.91
1138.307, 1859.74
1138.789, 1972.34
1139.271, 1999.25
1139.753, 1974.811
1140.235, 1956.82
1140.717, 1942.711
1141.199, 1921.67
1141.681, 1888.381
1142.163, 1864.619
1142.646, 1872.939
1143.128, 1879.73
1143.61, 1868.07
1144.092, 1839.711
1144.574, 1792.02
1145.056, 1731.34
1145.538, 1710.609
1146.02, 1784.26
1146.503, 1836.811
1146.985, 1768.439
1147.467, 1664.439
1147.949, 1612.6
1148.431, 1619.08
1148.913, 1638.029
1149.395, 1670.27
1149.877, 1691.48
1150.359, 1684.52
1150.842, 1660.73
1151.324, 1602.77
1151.806, 1540.391
1152.288, 1542.74
1152.77, 1637.65
1153.252, 1692.609
1153.734, 1696.02
1154.216, 1671.061
1154.698, 1612.4
1155.181, 1554.42
1155.663, 1550.689
1156.145, 1591.5
1156.627, 1594.881
1157.109, 1524.01
1157.591, 1500.609
1158.073, 1560.07
1158.555, 1638.16
1159.038, 1652.08
1159.52, 1625
1160.002, 1586.789
1160.484, 1540.369
1160.966, 1510.27
1161.448, 1502.789
1161.93, 1507.98
1162.412, 1530.1
1162.895, 1552.529
1163.377, 1532.34
1163.859, 1485.75
1164.341, 1452.789
1164.823, 1453.189
1165.305, 1432.711
1165.787, 1342.57
1166.269, 1276.061
1166.751, 1293.551
1167.234, 1369.59
1167.716, 1417.131
1168.198, 1436.109
1168.68, 1423.59
1169.162, 1336.689
1169.644, 1283.42
1170.126, 1303.73
1170.608, 1370.279
1171.09, 1496.23
1171.573, 1667.58
1172.055, 1676.199
1172.537, 1537.59
1173.019, 1409.17
1173.501, 1317.23
1173.983, 1330.289
1174.465, 1246.75
1174.947, 1355.66
1175.43, 1417.859
1175.912, 1435.848
1176.394, 1277.234
1176.876, 1346.666
1177.358, 1324.707
1177.84, 1299.002
1178.322, 1400.531
1178.804, 1267.604
1179.286, 1367.115
1179.769, 1373.846
1180.251, 1423.037
1180.733, 1380.273
1181.215, 1365.912
1181.697, 1443.535
1182.179, 1470.225
1182.661, 1416.877
1183.143, 1468.768
1183.625, 1332.627
1184.108, 1361.492
1184.59, 1461.541
1185.072, 1412.816
1185.554, 1383.41
1186.036, 1379.779
1186.518, 1349.84
1187, 1316.9
1187.482, 1245.279
1187.965, 1168.043
1188.447, 1241.631
1188.929, 1278.615
1189.411, 1280.957
1189.893, 1144.91
1190.375, 1187.564
1190.857, 1158.602
1191.339, 1126.705
1191.822, 1194.49
1192.304, 1145.039
1192.786, 1106.381
1193.268, 1090.76
1193.75, 1078.029
1194.232, 1054.24
1194.714, 1027.27
1195.196, 1006.369
1195.678, 990.02
1196.161, 975.82
1196.643, 960.48
1197.125, 953.49
1197.607, 956.301
1198.089, 960.76
1198.571, 956.42
1199.053, 952.109
1199.535, 973.199
1200.017, 1005.539
1200.5, 997.84
1200.982, 908.039
1201.464, 860.391
1201.946, 871.67
1202.428, 905.57
1202.91, 945.08
1203.392, 971.02
1203.874, 938.461
1204.357, 858.359
1204.839, 817.59
1205.321, 836.33
1205.803, 878.789
1206.285, 948.359
1206.767, 1013.52
1207.249, 1007.221
1207.731, 981.93
1208.214, 1042.301
1208.696, 1194.311
1209.178, 1245.57
1209.66, 1132.689
1210.142, 1023.789
1210.624, 959.939
1211.106, 920.641
1211.588, 869.84
1212.07, 822.34
1212.552, 809.471
1213.035, 841.59
1213.517, 840.971
1213.999, 769.25
1214.481, 743.801
1214.963, 823.641
1215.445, 939.789
1215.927, 969.949
1216.409, 950.859
1216.892, 943.25
1217.374, 961.891
1217.856, 991.52
1218.338, 1051.23
1218.82, 1063.26
1219.302, 950.471
1219.784, 815.32
1220.266, 915.93
1220.749, 1118.57
1221.231, 1159.66
1221.713, 868.49
1222.195, 666.24
1222.677, 584.971
1223.159, 684.826
1223.641, 740.717
1224.123, 755.002
1224.605, 603.076
1225.088, 665.777
1225.57, 642.465
1226.052, 615.627
1226.534, 708.537
1227.016, 580.787
1227.498, 671.797
1227.98, 675.482
1228.462, 719.135
1228.944, 676.242
1229.427, 660.08
1229.909, 657.24
1230.391, 675.869
1230.873, 669.5
1231.355, 624.98
1231.837, 584.211
1232.319, 589.58
1232.801, 618.881
1233.284, 646.949
1233.766, 671.01
1234.248, 685.59
1234.73, 693.199
1235.212, 677.699
1235.694, 627.58
1236.176, 593.43
1236.658, 660.52
1237.141, 747.75
1237.623, 733.869
1238.105, 637.221
1238.587, 578.109
1239.069, 562.609
1239.551, 608.369
1240.033, 735.9
1240.515, 837.26
1240.997, 748.061
1241.48, 606.35
1241.962, 585.561
1242.444, 673.43
1242.926, 677.199
1243.408, 564.67
1243.89, 477.65
1244.372, 434.221
1244.854, 467.811
1245.337, 403.021
1245.819, 498.803
1246.301, 555.605
1246.783, 575.52
1247.265, 448.07
1247.747, 510.91
1248.229, 497.492
1248.711, 480.947
1249.193, 528.58
1249.676, 563.039
1250.158, 598.92
1250.64, 571.891
1251.122, 490.109
1251.604, 427.199
1252.086, 382.65
1252.568, 386.529
1253.05, 465.301
1253.532, 524.699
1254.015, 450.01
1254.497, 347.199
1254.979, 304.289
1255.461, 316.49
1255.943, 356
1256.425, 419.85
1256.907, 445.07
1257.389, 398.301
1257.872, 350.369
1258.354, 348.52
1258.836, 366.32
1259.318, 388.789
1259.8, 411.279
1260.282, 401.971
1260.764, 364.689
1261.246, 329.01
1261.729, 302.801
1262.211, 286.43
1262.693, 274.801
1263.175, 283.119
1263.657, 337.17
1264.139, 418.289
1264.621, 417.869
1265.103, 351.08
1265.585, 272.359
1266.068, 181.16
1266.55, 129.301
1267.032, 172
1267.514, 214.57
1267.996, 194.43
1268.478, 134.9
1268.96, 118.68
1269.442, 136.381
1269.924, 162.801
1270.407, 198.75
1270.889, 218.061
1271.371, 208.24
1271.853, 196.631
1272.335, 197.949
1272.817, 210.369
1273.299, 229.43
1273.781, 256.811
1274.264, 299.699
1274.746, 391.18
1275.228, 432.301
1275.71, 411.6
1276.192, 367.35
1276.674, 318.09
1277.156, 268.461
1277.638, 221.98
1278.12, 182.961
1278.603, 161.039
1279.085, 160.35
1279.567, 182.77
1280.049, 238
1280.531, 260.73
1281.013, 168.93
1281.495, 54.109
1281.977, 9.039
1282.459, 12.609
1282.942, 26.711
1283.424, 49.91
1283.906, 76.34
1284.388, 105.859
1284.87, 122.98
1285.352, 102.26
1285.834, 80.01
1286.316, 79.461
1286.799, 95.119
1287.281, 121.461
1287.763, 159.07
1288.245, 184.16
1288.727, 196.24
1289.209, 191.83
1289.691, 143.16
1290.173, 109.029
1290.656, 147.311
1291.138, 185.23
1291.62, 127.26
1292.102, -3.27
1292.584, -49.789
1293.066, -17.6
1293.548, 30.57
1294.03, 101.311
1294.512, 135.779
1294.995, 108.061
1295.477, 57.971
1295.959, 13.48
##END=



