##NAMES=Danburite
##RRUFFID=R050602
##IDEAL CHEMISTRY=CaB_2_Si_2_O_8_
##LOCALITY=Mogok, Burma
##OWNER=RRUFF
##SOURCE=Bill Larson
##DESCRIPTION=Yellowish brown fragment
##STATUS=The identification of this mineral has been confirmed by X-ray diffraction and chemical analysis
##URL=rruff.info/R050602
##MEASURED CHEMISTRY=Ca_1.00_B_2.00_(Si_1.00_O_4_)_2_
149.9194, 0.0000000E+00
150.4015, 32.40625
150.8836, 79.26562
151.3657, 124.7969
151.8479, 159.4648
152.3300, 197.4961
152.8121, 212.9336
153.2942, 206.5938
153.7763, 141.6562
154.2584, 80.80469
154.7406, 97.33594
155.2227, 211.0391
155.7048, 345.0859
156.1869, 453.1016
156.6690, 537.5488
157.1511, 611.1211
157.6333, 687.3984
158.1154, 754.3984
158.5975, 829.9746
159.0796, 996.0273
159.5617, 1358.896
160.0438, 1721.922
160.5260, 1976.285
161.0081, 2050.705
161.4902, 2012.186
161.9723, 1915.203
162.4544, 1806.721
162.9365, 1680.076
163.4187, 1585.172
163.9008, 1601.645
164.3829, 1724.797
164.8650, 1829.768
165.3471, 1888.365
165.8292, 1887.867
166.3113, 1727.668
166.7935, 1259.900
167.2756, 735.3457
167.7577, 321.0820
168.2398, 26.01562
168.7219, 170.7305
169.2040, 274.1484
169.6862, 276.4961
170.1683, 240.2285
170.6504, 175.1641
171.1325, 74.13867
171.6146, 69.89648
172.0967, 258.1641
172.5789, 488.4121
173.0610, 759.8574
173.5431, 1081.244
174.0252, 1428.863
174.5073, 1776.053
174.9894, 2159.141
175.4716, 2614.477
175.9537, 3149.617
176.4358, 3742.664
176.9179, 4342.553
177.4000, 4931.322
177.8821, 5560.756
178.3643, 6226.164
178.8464, 6925.570
179.3285, 7660.701
179.8106, 8434.904
180.2927, 9232.035
180.7748, 10004.63
181.2570, 10762.78
181.7391, 11485.67
182.2212, 12200.07
182.7033, 12872.30
183.1854, 13439.02
183.6675, 13868.81
184.1497, 14189.87
184.6318, 14490.24
185.1139, 14767.14
185.5960, 15019.40
186.0781, 15246.53
186.5602, 15449.35
187.0423, 15633.57
187.5245, 15803.24
188.0066, 15950.24
188.4887, 16061.40
188.9708, 16132.21
189.4529, 16193.13
189.9350, 16250.86
190.4172, 16295.99
190.8993, 16348.50
191.3814, 16452.81
191.8635, 16557.03
192.3456, 16585.89
192.8277, 16510.43
193.3099, 16401.22
193.7920, 16338.22
194.2741, 16332.22
194.7562, 16291.07
195.2383, 16137.15
195.7204, 15946.04
196.2026, 15786.92
196.6847, 15687.93
197.1668, 15593.76
197.6489, 15418.70
198.1310, 15146.37
198.6131, 14836.89
199.0953, 14484.39
199.5774, 14116.52
200.0595, 13764.55
200.5416, 13440.90
201.0237, 13125.35
201.5058, 12777.99
201.9880, 12426.67
202.4701, 12123.65
202.9522, 11825.97
203.4343, 11538.99
203.9164, 11299.24
204.3985, 11109.52
204.8807, 10938.46
205.3628, 10732.18
205.8449, 10384.87
206.3270, 10110.64
206.8091, 9967.912
207.2912, 9882.344
207.7733, 9763.385
208.2555, 9620.871
208.7376, 9472.568
209.2197, 9368.930
209.7018, 9426.352
210.1839, 9394.838
210.6660, 9317.041
211.1482, 9133.273
211.6303, 8733.244
212.1124, 8046.221
212.5945, 7155.406
213.0766, 6379.758
213.5587, 5733.613
214.0409, 5172.035
214.5230, 4706.508
215.0051, 4317.809
215.4872, 3965.365
215.9693, 3625.941
216.4514, 3314.225
216.9336, 3097.432
217.4157, 3019.900
217.8978, 2950.867
218.3799, 2831.102
218.8620, 2686.750
219.3441, 2585.189
219.8263, 2567.891
220.3084, 2605.857
220.7905, 2616.711
221.2726, 2590.055
221.7547, 2558.688
222.2368, 2538.293
222.7190, 2526.645
223.2011, 2514.754
223.6832, 2499.102
224.1653, 2480.723
224.6474, 2457.658
225.1295, 2419.775
225.6117, 2392.475
226.0938, 2414.256
226.5759, 2469.803
227.0580, 2474.363
227.5401, 2381.283
228.0222, 2240.471
228.5043, 2106.869
228.9865, 1977.818
229.4686, 1891.408
229.9507, 1877.346
230.4328, 1933.953
230.9149, 2031.816
231.3970, 2181.068
231.8792, 2355.891
232.3613, 2521.928
232.8434, 2671.982
233.3255, 2858.145
233.8076, 3148.555
234.2897, 3552.955
234.7719, 3946.402
235.2540, 4257.031
235.7361, 4581.768
236.2182, 4986.039
236.7003, 5479.275
237.1824, 6016.715
237.6646, 6558.162
238.1467, 7107.547
238.6288, 7657.723
239.1109, 8205.750
239.5930, 8758.422
240.0751, 9310.117
240.5573, 9865.031
241.0394, 10451.19
241.5215, 11095.14
242.0036, 11801.80
242.4857, 12560.48
242.9678, 13461.48
243.4500, 14341.71
243.9321, 15250.54
244.4142, 16116.79
244.8963, 16695.36
245.3784, 16694.33
245.8605, 16035.00
246.3427, 15055.62
246.8248, 13531.35
247.3069, 11904.46
247.7890, 10293.48
248.2711, 8757.121
248.7532, 7380.883
249.2354, 6252.148
249.7175, 5420.414
250.1996, 4650.467
250.6817, 3953.645
251.1638, 3301.350
251.6459, 2683.363
252.1281, 2097.686
252.6102, 1549.557
253.0923, 1039.561
253.5744, 568.5195
254.0565, 147.3828
254.5386, 242.5098
255.0208, 578.2949
255.5029, 831.7617
255.9850, 1017.332
256.4671, 1181.867
256.9492, 1367.537
257.4313, 1578.549
257.9135, 1757.008
258.3956, 1915.389
258.8777, 2038.729
259.3598, 2117.242
259.8419, 2154.641
260.3240, 2162.738
260.8062, 2149.820
261.2883, 2115.635
261.7704, 2055.023
262.2525, 1960.168
262.7346, 1853.047
263.2167, 1750.174
263.6989, 1642.918
264.1810, 1508.238
264.6631, 1327.230
265.1452, 1105.084
265.6273, 889.6582
266.1094, 740.9102
266.5916, 536.4492
267.0737, 217.8008
267.5558, 189.7305
268.0379, 627.5117
268.5200, 1064.133
269.0021, 1507.582
269.4843, 1998.750
269.9664, 2533.555
270.4485, 3106.602
270.9306, 3689.301
271.4127, 4307.379
271.8948, 5023.988
272.3770, 5878.848
272.8591, 6825.980
273.3412, 7767.477
273.8233, 8662.125
274.3054, 9623.781
274.7875, 10714.10
275.2697, 11888.64
275.7518, 13084.00
276.2339, 14300.00
276.7160, 15470.39
277.1981, 16452.11
277.6802, 17271.10
278.1623, 17946.70
278.6444, 18477.92
279.1266, 18874.24
279.6087, 19135.02
280.0908, 19249.75
280.5729, 19270.48
281.0550, 19229.60
281.5371, 19123.91
282.0193, 19071.18
282.5014, 19092.69
282.9835, 19187.39
283.4656, 19355.46
283.9477, 19597.53
284.4298, 19911.03
284.9120, 20308.30
285.3941, 20780.09
285.8762, 21275.41
286.3583, 21773.73
286.8404, 22294.27
287.3225, 22878.95
287.8047, 23541.35
288.2868, 24194.66
288.7689, 24722.38
289.2510, 25176.54
289.7331, 25763.25
290.2152, 26575.03
290.6974, 27494.57
291.1795, 28387.76
291.6616, 29249.61
292.1437, 30172.45
292.6258, 31238.62
293.1079, 32417.12
293.5901, 33631.26
294.0722, 34889.23
294.5543, 36164.66
295.0364, 37439.56
295.5185, 38718.57
296.0006, 39988.53
296.4828, 41245.43
296.9649, 42488.25
297.4470, 43732.08
297.9291, 45011.21
298.4112, 46210.80
298.8933, 47289.07
299.3755, 48231.23
299.8576, 48977.98
300.3397, 49512.57
300.8218, 49811.44
301.3039, 49906.33
301.7860, 49801.59
302.2682, 49489.62
302.7503, 48949.93
303.2324, 48195.37
303.7145, 47257.39
304.1966, 46106.71
304.6787, 44816.46
305.1609, 43426.56
305.6430, 41946.05
306.1251, 40499.68
306.6072, 39135.64
307.0893, 37843.49
307.5714, 36600.42
308.0536, 35404.64
308.5357, 34261.54
309.0178, 33128.72
309.4999, 32041.79
309.9820, 31143.53
310.4641, 30537.92
310.9463, 30126.59
311.4284, 29770.77
311.9105, 29449.46
312.3926, 29195.27
312.8747, 29028.54
313.3568, 28962.34
313.8390, 29034.53
314.3211, 29302.02
314.8032, 29660.44
315.2853, 30002.80
315.7674, 30329.09
316.2495, 30712.20
316.7317, 31251.29
317.2138, 31840.52
317.6959, 32311.52
318.1780, 32629.24
318.6601, 32896.54
319.1422, 33184.62
319.6243, 33492.06
320.1064, 33782.79
320.5886, 34029.82
321.0707, 34273.56
321.5528, 34586.67
322.0349, 34980.88
322.5170, 35338.66
322.9991, 35564.83
323.4813, 35704.20
323.9634, 35896.99
324.4455, 36188.76
324.9276, 36502.66
325.4097, 36760.84
325.8918, 36960.16
326.3740, 37099.43
326.8561, 37213.95
327.3382, 37258.15
327.8203, 37156.44
328.3024, 36896.86
328.7845, 36523.77
329.2667, 36039.64
329.7488, 35464.56
330.2309, 34834.99
330.7130, 34136.47
331.1951, 33402.70
331.6772, 32662.27
332.1594, 31914.95
332.6415, 31157.48
333.1236, 30353.23
333.6057, 29553.07
334.0878, 28851.12
334.5699, 28277.99
335.0521, 27758.86
335.5342, 27235.59
336.0163, 26723.15
336.4984, 26276.01
336.9805, 25926.91
337.4626, 25637.98
337.9448, 25349.42
338.4269, 25053.24
338.9090, 24788.59
339.3911, 24603.95
339.8732, 24455.02
340.3553, 24264.94
340.8375, 24021.17
341.3196, 23726.21
341.8017, 23357.01
342.2838, 22922.22
342.7659, 22507.96
343.2480, 22142.27
343.7302, 21797.70
344.2123, 21453.23
344.6944, 21108.09
345.1765, 20748.82
345.6586, 20353.13
346.1407, 19933.79
346.6229, 19560.00
347.1050, 19236.34
347.5871, 18957.99
348.0692, 18741.04
348.5513, 18573.66
349.0334, 18408.27
349.5156, 18228.77
349.9977, 18031.06
350.4798, 17807.20
350.9619, 17565.24
351.4440, 17291.69
351.9261, 16969.57
352.4083, 16618.52
352.8904, 16273.08
353.3725, 15946.96
353.8546, 15614.21
354.3367, 15231.64
354.8188, 14789.93
355.3010, 14339.75
355.7831, 13879.43
356.2652, 13417.13
356.7473, 12949.26
357.2294, 12478.55
357.7115, 12024.13
358.1937, 11591.15
358.6758, 11181.80
359.1579, 10866.54
359.6400, 10687.90
360.1221, 10550.37
360.6042, 10399.62
361.0863, 10251.21
361.5685, 10151.64
362.0506, 10124.82
362.5327, 10168.56
363.0148, 10279.19
363.4969, 10485.42
363.9790, 10717.04
364.4612, 10954.30
364.9433, 11216.29
365.4254, 11526.70
365.9075, 11893.09
366.3896, 12299.84
366.8717, 12721.04
367.3539, 13144.90
367.8360, 13616.71
368.3181, 14150.83
368.8002, 14716.23
369.2823, 15329.17
369.7644, 15965.22
370.2466, 16555.58
370.7287, 17045.16
371.2108, 17436.78
371.6929, 17697.66
372.1750, 17665.29
372.6571, 17685.24
373.1393, 17916.38
373.6214, 18262.91
374.1035, 18553.48
374.5856, 18691.47
375.0677, 18717.18
375.5498, 18759.91
376.0320, 18816.48
376.5141, 18895.31
376.9962, 19005.51
377.4783, 19132.88
377.9604, 19260.43
378.4425, 19383.77
378.9247, 19515.50
379.4068, 19676.81
379.8889, 19876.87
380.3710, 20069.70
380.8531, 20223.96
381.3352, 20395.47
381.8174, 20596.14
382.2995, 20834.31
382.7816, 21125.93
383.2637, 21490.52
383.7458, 21918.83
384.2279, 22346.08
384.7101, 22797.88
385.1922, 23214.16
385.6743, 23574.61
386.1564, 23903.17
386.6385, 24230.89
387.1206, 24568.99
387.6028, 24905.92
388.0849, 25228.77
388.5670, 25537.41
389.0491, 25816.49
389.5312, 26102.29
390.0133, 26323.11
390.4955, 26429.05
390.9776, 26417.07
391.4597, 26316.73
391.9418, 26132.15
392.4239, 25869.82
392.9060, 25586.12
393.3882, 25303.35
393.8703, 24959.26
394.3524, 24508.39
394.8345, 23972.24
395.3166, 23386.37
395.7987, 22745.75
396.2809, 22078.03
396.7630, 21434.04
397.2451, 20811.79
397.7272, 20175.33
398.2093, 19487.97
398.6914, 18780.65
399.1736, 18098.94
399.6557, 17434.36
400.1378, 16808.95
400.6199, 16237.37
401.1020, 15715.06
401.5841, 15231.99
402.0662, 14792.00
402.5483, 14376.71
403.0305, 13972.74
403.5126, 13578.91
403.9947, 13192.51
404.4768, 12828.23
404.9589, 12460.66
405.4410, 12057.18
405.9232, 11622.97
406.4053, 11202.68
406.8874, 10831.19
407.3695, 10498.50
407.8516, 10133.79
408.3337, 9719.945
408.8159, 9301.047
409.2980, 8875.125
409.7801, 8454.758
410.2622, 8064.207
410.7443, 7707.992
411.2264, 7370.512
411.7086, 7027.223
412.1907, 6691.219
412.6728, 6312.230
413.1549, 5812.801
413.6370, 5332.445
414.1191, 4992.637
414.6013, 4772.426
415.0834, 4547.141
415.5655, 4212.482
416.0476, 3776.607
416.5297, 3411.480
417.0118, 3149.459
417.4940, 2927.123
417.9761, 2744.443
418.4582, 2591.637
418.9403, 2470.414
419.4224, 2378.633
419.9045, 2295.037
420.3867, 2175.971
420.8688, 2000.982
421.3509, 1848.568
421.8330, 1720.453
422.3151, 1616.930
422.7972, 1561.594
423.2794, 1538.299
423.7615, 1493.922
424.2436, 1379.014
424.7257, 1205.963
425.2078, 1058.682
425.6899, 958.5566
426.1721, 846.9199
426.6542, 710.2500
427.1363, 548.1387
427.6184, 347.7910
428.1005, 97.05078
428.5826, 151.5332
429.0648, 327.9824
429.5469, 433.2324
430.0290, 526.1758
430.5111, 614.9082
430.9932, 698.0078
431.4753, 780.4121
431.9575, 860.0312
432.4396, 919.9336
432.9217, 937.8965
433.4038, 935.0527
433.8859, 954.5879
434.3680, 1001.814
434.8502, 1033.842
435.3323, 1015.838
435.8144, 963.2168
436.2965, 924.9297
436.7786, 918.2773
437.2607, 902.2734
437.7429, 852.2012
438.2250, 776.4219
438.7071, 690.9395
439.1892, 598.9492
439.6713, 507.2051
440.1534, 425.1875
440.6356, 354.5547
441.1177, 287.0176
441.5998, 193.3184
442.0819, 125.0410
442.5640, 123.0176
443.0461, 182.5723
443.5282, 279.6855
444.0103, 402.7520
444.4925, 543.7754
444.9746, 655.2637
445.4567, 735.6855
445.9388, 786.6602
446.4209, 787.7246
446.9030, 769.0469
447.3852, 763.1367
447.8673, 777.1484
448.3494, 794.1309
448.8315, 793.7285
449.3136, 775.5820
449.7957, 742.0469
450.2779, 691.5215
450.7600, 626.8711
451.2421, 541.7480
451.7242, 443.7305
452.2063, 346.7441
452.6884, 259.4531
453.1706, 175.1836
453.6527, 75.24023
454.1348, 49.03125
454.6169, 161.4570
455.0990, 225.3438
455.5811, 293.1367
456.0633, 405.3320
456.5454, 564.4414
457.0275, 737.3379
457.5096, 905.4258
457.9917, 1068.572
458.4738, 1225.699
458.9560, 1373.713
459.4381, 1525.307
459.9202, 1697.059
460.4023, 1877.125
460.8844, 2043.246
461.3665, 2186.168
461.8487, 2321.203
462.3308, 2463.811
462.8129, 2608.668
463.2950, 2731.521
463.7771, 2817.559
464.2592, 2898.891
464.7414, 3029.492
465.2235, 3218.980
465.7056, 3385.537
466.1877, 3502.775
466.6698, 3607.963
467.1519, 3725.783
467.6341, 3858.598
468.1162, 4007.998
468.5983, 4180.320
469.0804, 4362.863
469.5625, 4491.443
470.0446, 4504.730
470.5268, 4541.568
471.0089, 4619.600
471.4910, 4721.566
471.9731, 4848.391
472.4552, 4990.748
472.9373, 5107.213
473.4195, 5140.732
473.9016, 5080.719
474.3837, 5081.395
474.8658, 5206.391
475.3479, 5324.412
475.8300, 5382.541
476.3122, 5415.621
476.7943, 5482.117
477.2764, 5610.031
477.7585, 5752.051
478.2406, 5819.412
478.7227, 5797.637
479.2049, 5833.238
479.6870, 5990.955
480.1691, 6176.100
480.6512, 6320.740
481.1333, 6430.223
481.6154, 6537.578
482.0976, 6659.766
482.5797, 6774.764
483.0618, 6909.568
483.5439, 7021.443
484.0260, 7141.740
484.5081, 7276.084
484.9902, 7427.740
485.4724, 7604.225
485.9545, 7814.490
486.4366, 8018.121
486.9187, 8195.246
487.4008, 8360.264
487.8829, 8529.100
488.3651, 8704.422
488.8472, 8884.732
489.3293, 9069.248
489.8114, 9258.443
490.2935, 9433.721
490.7756, 9590.037
491.2578, 9745.375
491.7399, 9908.373
492.2220, 10067.63
492.7041, 10207.81
493.1862, 10326.90
493.6683, 10441.53
494.1505, 10576.13
494.6326, 10741.00
495.1147, 10874.13
495.5968, 10950.50
496.0789, 11023.86
496.5610, 11106.50
497.0432, 11201.77
497.5253, 11314.59
498.0074, 11448.20
498.4895, 11591.74
498.9716, 11731.17
499.4537, 11871.68
499.9359, 11984.90
500.4180, 12048.90
500.9001, 12085.50
501.3822, 12099.39
501.8643, 12094.34
502.3464, 12109.61
502.8286, 12207.64
503.3107, 12322.84
503.7928, 12341.59
504.2749, 12263.47
504.7570, 12190.95
505.2391, 12180.81
505.7213, 12207.09
506.2034, 12203.74
506.6855, 12167.49
507.1676, 12119.09
507.6497, 12058.02
508.1318, 11993.12
508.6140, 11941.97
509.0961, 11904.18
509.5782, 11849.29
510.0603, 11744.03
510.5424, 11592.28
511.0245, 11488.86
511.5067, 11493.35
511.9888, 11478.01
512.4709, 11429.33
512.9530, 11341.26
513.4351, 11198.98
513.9172, 11005.76
514.3994, 10802.27
514.8815, 10636.02
515.3636, 10508.11
515.8457, 10380.55
516.3278, 10272.43
516.8099, 10132.77
517.2921, 9922.115
517.7742, 9675.436
518.2563, 9452.961
518.7384, 9283.068
519.2205, 9109.143
519.7026, 8853.275
520.1848, 8527.738
520.6669, 8232.455
521.1490, 7999.367
521.6311, 7778.258
522.1132, 7508.277
522.5953, 7201.121
523.0775, 6931.051
523.5596, 6754.273
524.0417, 6580.764
524.5238, 6336.979
525.0059, 6045.641
525.4880, 5767.592
525.9702, 5527.881
526.4523, 5319.305
526.9344, 5129.389
527.4165, 4973.232
527.8986, 4799.580
528.3807, 4606.936
528.8629, 4399.209
529.3450, 4162.115
529.8271, 3913.166
530.3092, 3689.094
530.7913, 3511.324
531.2734, 3367.061
531.7556, 3229.979
532.2377, 3114.910
532.7198, 2965.844
533.2019, 2724.701
533.6840, 2488.201
534.1661, 2305.031
534.6483, 2173.727
535.1304, 2071.180
535.6125, 1999.930
536.0946, 1938.559
536.5767, 1839.432
537.0588, 1700.012
537.5410, 1576.637
538.0231, 1502.242
538.5052, 1445.205
538.9873, 1347.639
539.4694, 1199.734
539.9515, 1086.148
540.4337, 1061.121
540.9158, 1060.191
541.3979, 1012.609
541.8800, 923.0977
542.3621, 843.9609
542.8442, 808.7129
543.3264, 805.3633
543.8085, 793.3281
544.2906, 783.5488
544.7726, 748.1270
545.2548, 632.3672
545.7369, 533.0605
546.2190, 545.7207
546.7011, 650.6875
547.1832, 747.4414
547.6653, 757.5234
548.1475, 701.7930
548.6296, 655.9297
549.1117, 607.0566
549.5938, 601.8984
550.0759, 690.1367
550.5580, 804.9180
551.0402, 901.0000
551.5223, 974.2109
552.0044, 1039.770
552.4865, 1091.172
552.9686, 1146.482
553.4507, 1237.951
553.9329, 1366.932
554.4150, 1523.996
554.8971, 1716.000
555.3792, 1923.475
555.8613, 2090.785
556.3434, 2198.510
556.8256, 2323.133
557.3077, 2484.008
557.7898, 2665.344
558.2719, 2861.998
558.7540, 3067.057
559.2361, 3257.824
559.7183, 3417.748
560.2004, 3554.709
560.6825, 3707.855
561.1646, 3900.039
561.6467, 4068.400
562.1288, 4182.047
562.6110, 4292.379
563.0931, 4446.281
563.5752, 4636.875
564.0573, 4815.764
564.5394, 4950.398
565.0215, 5049.836
565.5037, 5127.588
565.9858, 5177.508
566.4679, 5242.951
566.9500, 5361.529
567.4321, 5484.092
567.9142, 5539.908
568.3964, 5524.316
568.8785, 5514.104
569.3606, 5545.660
569.8427, 5586.885
570.3248, 5613.154
570.8069, 5620.432
571.2891, 5597.672
571.7712, 5535.902
572.2533, 5450.248
572.7354, 5379.592
573.2175, 5334.719
573.6996, 5287.564
574.1818, 5241.445
574.6639, 5200.346
575.1460, 5158.881
575.6281, 5117.393
576.1102, 5081.338
576.5923, 5053.576
577.0745, 5033.965
577.5566, 5024.963
578.0387, 5029.580
578.5208, 5028.969
579.0029, 5013.260
579.4850, 4999.760
579.9672, 5012.367
580.4493, 5038.865
580.9314, 5031.973
581.4135, 4951.957
581.8956, 4850.627
582.3777, 4762.977
582.8599, 4694.152
583.3420, 4668.670
583.8241, 4700.762
584.3062, 4752.832
584.7883, 4775.803
585.2704, 4765.383
585.7526, 4739.543
586.2347, 4709.250
586.7168, 4654.445
587.1989, 4537.510
587.6810, 4399.100
588.1631, 4309.523
588.6453, 4292.662
589.1274, 4297.240
589.6095, 4243.213
590.0916, 4120.363
590.5737, 4039.510
591.0558, 4032.779
591.5380, 4023.574
592.0201, 3974.828
592.5022, 3902.305
592.9843, 3827.926
593.4664, 3756.787
593.9485, 3686.768
594.4307, 3619.020
594.9128, 3552.029
595.3949, 3479.693
595.8770, 3401.084
596.3591, 3325.143
596.8412, 3258.018
597.3234, 3198.979
597.8055, 3144.836
598.2876, 3106.525
598.7697, 3058.492
599.2518, 2978.559
599.7339, 2898.287
600.2161, 2840.865
600.6982, 2812.545
601.1803, 2816.053
601.6624, 2855.064
602.1445, 2925.662
602.6266, 3011.463
603.1088, 3114.910
603.5909, 3225.977
604.0730, 3325.482
604.5551, 3444.441
605.0372, 3605.820
605.5193, 3809.824
606.0015, 4040.787
606.4836, 4292.074
606.9657, 4566.939
607.4478, 4889.223
607.9299, 5246.127
608.4120, 5579.242
608.8942, 5876.682
609.3763, 6099.971
609.8584, 6190.541
610.3405, 6130.734
610.8226, 5975.920
611.3047, 5724.086
611.7869, 5385.129
612.2690, 4922.211
612.7511, 4387.471
613.2332, 3845.371
613.7153, 3321.707
614.1974, 2840.566
614.6796, 2438.346
615.1617, 2115.545
615.6438, 1814.393
616.1259, 1530.594
616.6080, 1271.590
617.0901, 1039.590
617.5723, 832.4043
618.0544, 647.3066
618.5365, 479.4395
619.0186, 350.2930
619.5007, 278.6406
619.9828, 251.2227
620.4650, 266.2812
620.9471, 316.5410
621.4292, 335.7402
621.9113, 271.2695
622.3934, 151.2793
622.8755, 85.05664
623.3577, 90.00781
623.8398, 128.7734
624.3219, 240.0273
624.8040, 350.7949
625.2861, 403.5996
625.7682, 412.1230
626.2504, 430.6602
626.7325, 494.2441
627.2145, 574.7930
627.6967, 622.7461
628.1788, 637.5469
628.6609, 635.6211
629.1430, 630.5098
629.6251, 593.0938
630.1072, 476.7148
630.5894, 301.4434
631.0715, 135.4492
631.5536, 29.23242
632.0357, 163.8203
632.5178, 245.4297
632.9999, 291.3350
633.4821, 324.7412
633.9642, 352.2520
634.4463, 377.4072
634.9284, 403.0908
635.4105, 429.5342
635.8926, 459.0889
636.3748, 510.6865
636.8569, 533.4111
637.3390, 505.5820
637.8211, 458.4629
638.3032, 412.7676
638.7853, 371.9658
639.2675, 334.5703
639.7496, 299.1211
640.2317, 266.9609
640.7138, 244.7939
641.1959, 231.1094
641.6780, 204.3623
642.1602, 153.9629
642.6423, 95.93262
643.1244, 51.90820
643.6065, 25.42578
644.0886, 8.801758
644.5707, 63.21289
645.0529, 111.5098
645.5350, 130.7178
646.0171, 142.1064
646.4992, 178.3467
646.9813, 246.8662
647.4634, 326.5195
647.9456, 401.0146
648.4277, 468.2764
648.9098, 498.6416
649.3919, 476.3008
649.8740, 457.5430
650.3561, 460.3164
650.8383, 480.3916
651.3204, 517.6914
651.8025, 573.0967
652.2846, 624.6504
652.7667, 666.6699
653.2488, 698.8516
653.7310, 709.5762
654.2131, 708.8711
654.6952, 732.3193
655.1773, 795.7920
655.6594, 874.4404
656.1415, 932.2354
656.6237, 971.5918
657.1058, 978.3535
657.5879, 894.8340
658.0700, 842.4521
658.5521, 874.3691
659.0342, 946.3467
659.5164, 1003.021
659.9985, 1031.235
660.4806, 1054.408
660.9627, 1091.711
661.4448, 1137.774
661.9269, 1181.086
662.4091, 1220.978
662.8912, 1258.668
663.3733, 1295.038
663.8554, 1329.229
664.3375, 1358.611
664.8196, 1379.594
665.3018, 1406.499
665.7839, 1442.355
666.2660, 1481.684
666.7481, 1514.753
667.2302, 1551.183
667.7123, 1609.287
668.1945, 1695.823
668.6766, 1795.740
669.1587, 1897.255
669.6408, 1999.101
670.1229, 2074.600
670.6050, 2107.793
671.0872, 2159.893
671.5693, 2274.786
672.0514, 2419.885
672.5335, 2538.980
673.0156, 2627.702
673.4977, 2706.910
673.9799, 2782.815
674.4620, 2850.319
674.9441, 2895.438
675.4262, 2928.654
675.9083, 2980.582
676.3904, 3064.594
676.8726, 3160.222
677.3547, 3234.688
677.8368, 3284.977
678.3189, 3336.180
678.8010, 3394.321
679.2831, 3445.164
679.7653, 3479.849
680.2474, 3505.452
680.7295, 3532.274
681.2116, 3563.511
681.6937, 3589.275
682.1758, 3595.000
682.6580, 3597.893
683.1401, 3629.954
683.6222, 3684.229
684.1043, 3722.562
684.5864, 3727.894
685.0685, 3704.981
685.5507, 3654.995
686.0328, 3557.062
686.5149, 3514.887
686.9970, 3585.096
687.4791, 3648.065
687.9612, 3673.337
688.4434, 3668.955
688.9255, 3634.546
689.4076, 3567.694
689.8897, 3509.327
690.3718, 3509.108
690.8539, 3541.507
691.3361, 3552.719
691.8182, 3542.550
692.3003, 3533.627
692.7824, 3537.699
693.2645, 3542.306
693.7466, 3525.056
694.2288, 3474.326
694.7109, 3453.179
695.1930, 3476.176
695.6751, 3515.670
696.1572, 3577.951
696.6393, 3640.438
697.1215, 3671.994
697.6036, 3667.724
698.0857, 3658.373
698.5678, 3664.631
699.0499, 3686.875
699.5320, 3733.986
700.0142, 3807.899
700.4963, 3884.839
700.9784, 3959.675
701.4605, 4023.103
701.9426, 4066.275
702.4247, 4090.515
702.9069, 4085.900
703.3890, 4003.123
703.8711, 3945.150
704.3532, 3965.814
704.8353, 4028.144
705.3174, 4085.949
705.7996, 4129.588
706.2817, 4179.463
706.7638, 4262.516
707.2459, 4358.834
707.7280, 4398.472
708.2101, 4375.035
708.6923, 4353.006
709.1743, 4343.249
709.6564, 4352.295
710.1385, 4394.357
710.6207, 4466.451
711.1028, 4532.489
711.5849, 4581.062
712.0670, 4633.853
712.5491, 4715.446
713.0313, 4796.045
713.5134, 4829.635
713.9955, 4819.571
714.4776, 4817.584
714.9597, 4865.682
715.4418, 4943.641
715.9240, 4991.008
716.4061, 5000.734
716.8882, 5041.861
717.3703, 5140.729
717.8524, 5252.039
718.3345, 5332.971
718.8167, 5395.416
719.2988, 5483.604
719.7809, 5632.020
720.2630, 5759.157
720.7451, 5823.082
721.2272, 5862.715
721.7094, 5914.176
722.1915, 5980.150
722.6736, 6047.408
723.1557, 6107.262
723.6378, 6169.115
724.1199, 6259.772
724.6021, 6384.707
725.0842, 6471.194
725.5663, 6493.338
726.0484, 6513.973
726.5305, 6573.158
727.0126, 6656.360
727.4948, 6733.877
727.9769, 6804.361
728.4590, 6869.860
728.9411, 6943.865
729.4232, 7002.390
729.9053, 7011.420
730.3875, 6988.448
730.8696, 6989.797
731.3517, 7038.233
731.8338, 7073.450
732.3159, 6995.608
732.7980, 6805.138
733.2802, 6651.188
733.7623, 6551.472
734.2444, 6439.388
734.7265, 6295.706
735.2086, 6117.601
735.6907, 5890.898
736.1729, 5611.296
736.6550, 5359.176
737.1371, 5192.966
737.6192, 5014.052
738.1013, 4746.768
738.5834, 4431.729
739.0656, 4135.587
739.5477, 3872.295
740.0298, 3617.444
740.5119, 3341.780
740.9940, 3107.357
741.4761, 2819.994
741.9583, 2639.759
742.4404, 2450.709
742.9225, 2233.432
743.4046, 2006.311
743.8867, 1774.108
744.3688, 1542.902
744.8510, 1353.497
745.3331, 1243.678
745.8152, 1132.998
746.2973, 986.5869
746.7794, 832.8311
747.2615, 701.2646
747.7437, 592.3008
748.2258, 487.0176
748.7079, 373.6318
749.1900, 263.0312
749.6721, 177.1787
750.1542, 115.6562
750.6364, 59.13379
751.1185, 6.400391
751.6006, 45.60742
752.0827, 109.4072
752.5648, 170.2285
753.0469, 182.8184
753.5291, 120.2256
754.0112, 85.87500
754.4933, 119.0469
754.9754, 158.7793
755.4575, 168.6182
755.9396, 157.6387
756.4218, 148.8027
756.9039, 149.1025
757.3860, 142.5840
757.8681, 106.2607
758.3502, 49.48047
758.8323, 3.188477
759.3145, 32.66113
759.7966, 50.39551
760.2787, 40.25781
760.7608, 26.15332
761.2429, 36.67090
761.7250, 72.78711
762.2072, 126.5029
762.6893, 224.5723
763.1714, 304.4023
763.6535, 339.5430
764.1356, 358.6904
764.6177, 386.1250
765.0999, 423.8477
765.5820, 462.7070
766.0641, 496.9238
766.5462, 530.8945
767.0283, 562.1895
767.5104, 597.3838
767.9926, 670.1494
768.4747, 787.0625
768.9568, 895.6787
769.4389, 955.1797
769.9210, 982.8701
770.4031, 1035.502
770.8853, 1133.353
771.3674, 1216.820
771.8495, 1274.683
772.3316, 1331.094
772.8137, 1391.109
773.2958, 1457.850
773.7780, 1537.551
774.2601, 1632.229
774.7422, 1726.775
775.2243, 1799.146
775.7064, 1874.152
776.1885, 1994.679
776.6707, 2147.644
777.1528, 2282.486
777.6349, 2381.914
778.1170, 2464.610
778.5991, 2549.780
779.0812, 2638.077
779.5634, 2744.095
780.0455, 2878.015
780.5276, 3006.425
781.0097, 3112.222
781.4918, 3217.745
781.9739, 3343.759
782.4561, 3484.995
782.9382, 3616.078
783.4203, 3740.747
783.9024, 3839.979
784.3845, 3887.734
784.8666, 3916.343
785.3488, 3959.688
785.8309, 4020.773
786.3130, 4093.483
786.7951, 4175.447
787.2772, 4254.838
787.7593, 4314.410
788.2415, 4353.935
788.7236, 4359.990
789.2057, 4320.019
789.6878, 4293.088
790.1699, 4317.924
790.6520, 4363.130
791.1342, 4370.422
791.6162, 4330.133
792.0983, 4312.770
792.5804, 4335.279
793.0626, 4365.855
793.5447, 4394.062
794.0268, 4422.224
794.5089, 4453.387
794.9910, 4488.473
795.4731, 4528.367
795.9553, 4580.455
796.4374, 4627.492
796.9195, 4639.508
797.4016, 4622.344
797.8837, 4591.586
798.3658, 4549.111
798.8480, 4540.700
799.3301, 4606.139
799.8122, 4721.738
800.2943, 4806.805
800.7764, 4841.167
801.2585, 4890.097
801.7407, 4954.256
802.2228, 5032.042
802.7049, 5142.855
803.1870, 5259.822
803.6691, 5347.749
804.1512, 5397.408
804.6334, 5428.979
805.1155, 5431.723
805.5976, 5442.662
806.0797, 5505.470
806.5618, 5598.729
807.0439, 5681.414
807.5261, 5740.773
808.0082, 5776.863
808.4903, 5787.484
808.9724, 5775.062
809.4545, 5750.092
809.9366, 5711.688
810.4188, 5678.729
810.9009, 5669.813
811.3830, 5640.162
811.8651, 5541.775
812.3472, 5391.967
812.8293, 5259.783
813.3115, 5145.000
813.7936, 5055.246
814.2757, 5034.607
814.7578, 4994.000
815.2399, 4860.018
815.7220, 4678.010
816.2042, 4526.840
816.6863, 4426.511
817.1684, 4336.304
817.6505, 4226.277
818.1326, 4103.569
818.6147, 3979.449
819.0969, 3856.309
819.5790, 3746.385
820.0611, 3654.390
820.5432, 3541.682
821.0253, 3358.905
821.5074, 3122.880
821.9896, 2971.429
822.4717, 2952.178
822.9538, 2908.874
823.4359, 2819.496
823.9180, 2707.804
824.4001, 2572.812
824.8823, 2429.747
825.3644, 2306.087
825.8465, 2205.860
826.3286, 2125.427
826.8107, 2081.842
827.2928, 2040.584
827.7750, 1966.753
828.2571, 1875.957
828.7392, 1800.896
829.2213, 1750.217
829.7034, 1709.881
830.1855, 1664.638
830.6677, 1621.260
831.1498, 1602.732
831.6319, 1608.277
832.1140, 1609.888
832.5961, 1600.536
833.0782, 1588.609
833.5604, 1577.221
834.0425, 1570.209
834.5246, 1584.926
835.0067, 1652.552
835.4888, 1687.919
835.9709, 1664.883
836.4531, 1640.240
836.9352, 1640.687
837.4173, 1653.689
837.8994, 1654.362
838.3815, 1637.979
838.8636, 1642.158
839.3458, 1702.735
839.8279, 1777.304
840.3100, 1833.504
840.7921, 1872.532
841.2742, 1900.216
841.7563, 1917.378
842.2385, 1915.961
842.7206, 1884.394
843.2027, 1841.554
843.6848, 1843.197
844.1669, 1890.711
844.6490, 1920.031
845.1312, 1923.687
845.6133, 1905.942
846.0954, 1863.804
846.5775, 1806.445
847.0596, 1753.335
847.5417, 1704.528
848.0239, 1661.139
848.5060, 1648.409
848.9881, 1609.725
849.4702, 1500.570
849.9523, 1373.350
850.4344, 1294.043
850.9166, 1258.707
851.3987, 1195.463
851.8808, 1040.948
852.3629, 888.2607
852.8450, 829.3779
853.3271, 816.1455
853.8093, 779.9141
854.2914, 710.3438
854.7735, 606.4062
855.2556, 466.4082
855.7377, 321.1846
856.2198, 225.6436
856.7020, 177.6279
857.1841, 126.3037
857.6662, 68.21777
858.1483, 23.74512
858.6304, 3.494141
859.1125, 4.250977
859.5947, 5.197266
860.0768, 0.8310550
860.5589, 37.53418
861.0410, 178.3682
861.5231, 280.4629
862.0052, 296.2373
862.4874, 298.2578
862.9695, 345.3408
863.4516, 415.4922
863.9337, 449.9795
864.4158, 427.9570
864.8979, 397.9443
865.3801, 388.8340
865.8622, 387.2666
866.3443, 372.6611
866.8264, 354.5117
867.3085, 365.2119
867.7906, 409.7861
868.2728, 447.4395
868.7549, 437.0684
869.2370, 395.0801
869.7191, 366.5176
870.2012, 351.3584
870.6833, 344.9736
871.1655, 349.8857
871.6476, 346.1758
872.1297, 316.5889
872.6118, 273.7861
873.0939, 251.4648
873.5760, 263.7471
874.0581, 254.7852
874.5402, 210.1865
875.0223, 161.4297
875.5045, 103.6240
875.9866, 54.88867
876.4687, 36.07617
876.9508, 45.79297
877.4329, 59.79590
877.9150, 97.68359
878.3972, 102.2480
878.8793, 5.719727
879.3614, 114.5723
879.8435, 166.9629
880.3256, 161.1230
880.8077, 156.7930
881.2899, 180.7607
881.7720, 211.4062
882.2541, 213.5088
882.7362, 204.1533
883.2183, 241.1045
883.7004, 320.1572
884.1826, 393.7520
884.6647, 448.1113
885.1468, 478.0674
885.6289, 473.2100
886.1110, 443.3203
886.5931, 443.5273
887.0753, 488.2871
887.5574, 518.8320
888.0395, 518.2139
888.5216, 520.8115
889.0037, 550.0957
889.4858, 592.8750
889.9680, 628.5703
890.4501, 656.8955
890.9322, 677.6338
891.4143, 684.9590
891.8964, 691.7422
892.3785, 702.7734
892.8607, 716.3086
893.3428, 720.3955
893.8249, 723.7051
894.3070, 762.2080
894.7891, 865.2588
895.2712, 969.0156
895.7534, 1017.200
896.2355, 1028.409
896.7176, 1016.463
897.1997, 993.4736
897.6818, 994.6719
898.1639, 1032.838
898.6461, 1083.062
899.1282, 1114.040
899.6103, 1134.683
900.0924, 1192.618
900.5745, 1290.276
901.0566, 1365.655
901.5388, 1405.718
902.0209, 1424.543
902.5030, 1426.950
902.9851, 1421.092
903.4672, 1430.746
903.9493, 1465.520
904.4315, 1487.191
904.9136, 1473.077
905.3957, 1474.965
905.8778, 1518.585
906.3599, 1577.721
906.8420, 1631.291
907.3242, 1676.841
907.8063, 1710.127
908.2884, 1708.781
908.7705, 1723.239
909.2526, 1791.274
909.7347, 1867.222
910.2169, 1903.867
910.6990, 1917.059
911.1811, 1949.946
911.6632, 2016.388
912.1453, 2092.124
912.6274, 2163.458
913.1096, 2229.050
913.5917, 2271.577
914.0738, 2306.808
914.5559, 2388.527
915.0380, 2522.932
915.5201, 2660.587
916.0023, 2767.619
916.4844, 2852.005
916.9665, 2929.896
917.4486, 3001.606
917.9307, 3061.240
918.4128, 3099.542
918.8950, 3174.696
919.3771, 3337.502
919.8592, 3500.991
920.3413, 3538.092
920.8234, 3451.425
921.3055, 3444.281
921.7877, 3582.212
922.2698, 3692.988
922.7519, 3739.415
923.2340, 3773.119
923.7161, 3818.272
924.1982, 3869.856
924.6804, 3919.639
925.1625, 3967.178
925.6446, 3995.143
926.1267, 3983.809
926.6088, 3974.629
927.0909, 4002.601
927.5731, 4033.534
928.0552, 4034.165
928.5373, 4000.016
929.0194, 3931.877
929.5015, 3820.305
929.9836, 3715.627
930.4658, 3660.662
930.9479, 3637.162
931.4300, 3631.336
931.9121, 3632.925
932.3942, 3616.184
932.8763, 3573.777
933.3585, 3522.419
933.8406, 3474.637
934.3227, 3430.070
934.8048, 3393.992
935.2869, 3364.172
935.7690, 3317.023
936.2512, 3249.864
936.7333, 3185.242
937.2154, 3131.760
937.6975, 3089.636
938.1796, 3063.400
938.6617, 3054.325
939.1439, 3015.548
939.6260, 2933.434
940.1081, 2860.234
940.5902, 2815.211
941.0723, 2770.308
941.5544, 2698.629
942.0366, 2609.604
942.5187, 2536.637
943.0008, 2487.174
943.4829, 2435.179
943.9650, 2369.557
944.4471, 2312.708
944.9293, 2293.205
945.4114, 2273.643
945.8935, 2199.274
946.3756, 2080.018
946.8577, 1996.521
947.3398, 1992.166
947.8220, 1994.448
948.3041, 1962.512
948.7862, 1927.582
949.2683, 1926.275
949.7504, 1941.727
950.2325, 1939.270
950.7147, 1908.949
951.1968, 1859.067
951.6789, 1770.731
952.1610, 1692.928
952.6431, 1700.093
953.1252, 1761.350
953.6074, 1816.108
954.0895, 1854.494
954.5716, 1885.170
955.0537, 1912.832
955.5358, 1925.785
956.0179, 1898.994
956.5000, 1844.172
956.9821, 1811.509
957.4642, 1800.785
957.9464, 1813.886
958.4285, 1852.263
958.9106, 1906.814
959.3927, 1976.105
959.8748, 2044.132
960.3569, 2057.366
960.8391, 1997.690
961.3212, 1987.857
961.8033, 2041.054
962.2854, 2108.222
962.7675, 2183.350
963.2496, 2249.844
963.7318, 2287.975
964.2139, 2301.648
964.6960, 2318.973
965.1781, 2322.565
965.6602, 2359.142
966.1423, 2449.638
966.6245, 2547.815
967.1066, 2656.446
967.5887, 2749.568
968.0708, 2773.643
968.5529, 2732.654
969.0350, 2751.839
969.5172, 2920.003
969.9993, 3065.752
970.4814, 3111.212
970.9635, 3136.940
971.4456, 3198.869
971.9277, 3289.668
972.4099, 3393.821
972.8920, 3506.079
973.3741, 3595.795
973.8562, 3629.387
974.3383, 3651.625
974.8204, 3704.577
975.3026, 3765.209
975.7847, 3792.210
976.2668, 3793.869
976.7489, 3815.631
977.2310, 3878.367
977.7131, 3948.559
978.1953, 3994.152
978.6774, 4025.177
979.1595, 4051.514
979.6416, 4078.244
980.1237, 4120.215
980.6058, 4180.993
981.0880, 4256.334
981.5701, 4344.078
982.0522, 4434.445
982.5343, 4519.136
983.0164, 4593.902
983.4985, 4613.597
983.9807, 4579.625
984.4628, 4588.584
984.9449, 4671.471
985.4270, 4758.640
985.9091, 4787.068
986.3912, 4776.774
986.8734, 4792.746
987.3555, 4841.532
987.8376, 4882.056
988.3197, 4907.310
988.8018, 4949.480
989.2839, 5030.388
989.7661, 5102.664
990.2482, 5112.382
990.7303, 5070.381
991.2124, 5049.279
991.6945, 5058.422
992.1766, 5063.088
992.6588, 5068.576
993.1409, 5064.199
993.6230, 5048.308
994.1051, 5020.242
994.5872, 4964.438
995.0693, 4882.377
995.5515, 4852.307
996.0336, 4933.678
996.5157, 4980.602
996.9978, 4959.344
997.4799, 4918.236
997.9620, 4868.750
998.4442, 4822.604
998.9263, 4803.961
999.4084, 4814.338
999.8905, 4795.688
1000.373, 4698.770
1000.855, 4616.430
1001.337, 4609.449
1001.819, 4602.873
1002.301, 4520.396
1002.783, 4397.805
1003.265, 4311.580
1003.747, 4278.307
1004.230, 4249.953
1004.712, 4206.193
1005.194, 4159.604
1005.676, 4126.660
1006.158, 4086.705
1006.640, 4005.783
1007.122, 3898.732
1007.604, 3803.752
1008.086, 3734.461
1008.569, 3697.938
1009.051, 3751.008
1009.533, 3792.102
1010.015, 3679.475
1010.497, 3490.189
1010.979, 3352.654
1011.461, 3277.445
1011.943, 3224.547
1012.426, 3175.195
1012.908, 3113.771
1013.390, 3011.314
1013.872, 2892.254
1014.354, 2794.465
1014.836, 2719.971
1015.318, 2683.691
1015.800, 2681.021
1016.282, 2670.717
1016.765, 2629.955
1017.247, 2563.014
1017.729, 2462.551
1018.211, 2342.289
1018.693, 2249.354
1019.175, 2181.754
1019.657, 2132.785
1020.139, 2099.686
1020.622, 2061.904
1021.104, 2006.523
1021.586, 1935.998
1022.068, 1853.580
1022.550, 1759.990
1023.032, 1665.463
1023.514, 1570.248
1023.996, 1495.709
1024.478, 1449.148
1024.961, 1401.016
1025.443, 1327.467
1025.925, 1248.006
1026.407, 1213.422
1026.889, 1227.232
1027.371, 1197.580
1027.853, 1117.672
1028.335, 1035.961
1028.818, 962.9941
1029.300, 898.3301
1029.782, 841.8281
1030.264, 791.1719
1030.746, 736.9473
1031.228, 681.8379
1031.710, 605.4062
1032.192, 493.8320
1032.674, 403.2188
1033.156, 353.2871
1033.639, 321.1250
1034.121, 298.0879
1034.603, 272.6250
1035.085, 205.9766
1035.567, 70.38672
1036.049, 4.117188
1036.531, 45.81250
1037.013, 83.59766
1037.496, 97.10156
1037.978, 81.61328
1038.460, 15.46094
1038.942, 79.51953
1039.424, 128.1445
1039.906, 106.9844
1040.388, 116.9297
1040.870, 193.6289
1041.353, 252.9844
1041.835, 271.5352
1042.317, 268.4492
1042.799, 262.8203
1043.281, 246.0625
1043.763, 192.6992
1044.245, 78.85156
1044.727, 1.175781
1045.209, 16.22656
1045.692, 34.25000
1046.174, 50.40234
1046.656, 93.36328
1047.138, 194.6094
1047.620, 337.9375
1048.102, 479.1914
1048.584, 602.8086
1049.066, 767.0703
1049.548, 1040.879
1050.031, 1339.895
1050.513, 1616.332
1050.995, 1888.289
1051.477, 2165.969
1051.959, 2467.984
1052.441, 2838.031
1052.923, 3277.430
1053.405, 3794.195
1053.888, 4421.320
1054.370, 5071.301
1054.852, 5696.965
1055.334, 6348.723
1055.816, 7071.293
1056.298, 7852.145
1056.780, 8643.008
1057.262, 9427.355
1057.745, 10246.46
1058.227, 11106.48
1058.709, 12011.24
1059.191, 12989.25
1059.673, 13964.73
1060.155, 14834.05
1060.637, 15666.91
1061.119, 16627.04
1061.601, 17749.21
1062.083, 18891.72
1062.566, 19991.04
1063.048, 21109.77
1063.530, 22285.38
1064.012, 23494.30
1064.494, 24699.72
1064.976, 25922.27
1065.458, 27209.30
1065.940, 28590.38
1066.423, 30030.39
1066.905, 31458.23
1067.387, 33011.69
1067.869, 34716.73
1068.351, 36605.86
1068.833, 38727.65
1069.315, 41030.52
1069.797, 43427.09
1070.280, 45905.52
1070.762, 48579.20
1071.244, 51515.98
1071.726, 54647.42
1072.208, 58018.50
1072.690, 61510.56
1073.172, 64977.96
1073.654, 68566.46
1074.136, 72566.74
1074.619, 76993.24
1075.101, 81590.46
1075.583, 86293.16
1076.065, 91093.66
1076.547, 96091.63
1077.029, 101080.2
1077.511, 105955.3
1077.993, 110720.9
1078.475, 115474.7
1078.958, 120169.8
1079.440, 124444.2
1079.922, 128201.7
1080.404, 131494.1
1080.886, 134551.9
1081.368, 136969.5
1081.850, 138571.7
1082.332, 139305.9
1082.814, 139048.2
1083.297, 137864.0
1083.779, 136039.5
1084.261, 133617.1
1084.743, 130734.4
1085.225, 127414.6
1085.707, 123702.5
1086.189, 119510.6
1086.671, 115033.8
1087.154, 110385.6
1087.636, 105648.1
1088.118, 100950.8
1088.600, 96323.78
1089.082, 91749.40
1089.564, 87146.35
1090.046, 82624.11
1090.528, 78236.61
1091.010, 73979.58
1091.493, 69846.64
1091.975, 65849.37
1092.457, 62104.66
1092.939, 58633.80
1093.421, 55244.14
1093.903, 51856.15
1094.385, 48560.23
1094.867, 45404.05
1095.349, 42372.55
1095.832, 39431.51
1096.314, 36612.16
1096.796, 33997.25
1097.278, 31603.39
1097.760, 29211.16
1098.242, 26599.57
1098.724, 24186.23
1099.206, 22187.11
1099.689, 20339.88
1100.171, 18456.57
1100.653, 16614.53
1101.135, 14951.86
1101.617, 13470.83
1102.099, 12023.08
1102.581, 10514.08
1103.063, 9134.320
1103.546, 8014.117
1104.028, 6932.555
1104.510, 5766.859
1104.992, 4590.578
1105.474, 3482.633
1105.956, 2440.664
1106.438, 1420.438
1106.920, 333.0938
1107.402, 519.8828
1107.885, 911.4062
1108.367, 1301.438
1108.849, 1837.562
1109.331, 2459.539
1109.813, 3168.531
1110.295, 3910.203
1110.777, 4534.594
1111.259, 4999.438
1111.741, 5480.969
1112.224, 6027.547
1112.706, 6539.859
1113.188, 7061.805
1113.670, 7473.297
1114.152, 7637.289
1114.634, 7666.070
1115.116, 7776.719
1115.598, 7991.180
1116.081, 8037.062
1116.563, 7825.102
1117.045, 7598.820
1117.527, 7370.375
1118.009, 7150.805
1118.491, 7032.141
1118.973, 6842.320
1119.455, 6343.961
1119.938, 5572.492
1120.420, 4784.328
1120.902, 3984.016
1121.384, 3172.242
1121.866, 2387.797
1122.348, 1499.430
1122.830, 457.0156
1123.312, 710.7969
1123.794, 1985.750
1124.276, 3349.922
1124.759, 4742.547
1125.241, 6166.344
1125.723, 7637.031
1126.205, 9119.562
1126.687, 10792.23
1127.169, 12699.94
1127.651, 14784.56
1128.133, 16997.80
1128.616, 19360.58
1129.098, 21936.69
1129.580, 24696.58
1130.062, 27422.39
1130.544, 30081.02
1131.026, 32868.44
1131.508, 35789.86
1131.990, 38918.78
1132.473, 42289.27
1132.955, 45869.61
1133.437, 49612.39
1133.919, 53511.97
1134.401, 57542.91
1134.883, 61734.25
1135.365, 66013.11
1135.847, 70380.39
1136.329, 74911.52
1136.812, 79630.66
1137.294, 84513.91
1137.776, 89529.98
1138.258, 94769.36
1138.740, 100405.6
1139.222, 106396.3
1139.704, 112633.5
1140.186, 119107.1
1140.668, 125674.0
1141.151, 132369.7
1141.633, 139352.4
1142.115, 146775.3
1142.597, 154400.1
1143.079, 162471.8
1143.561, 170696.8
1144.043, 179317.9
1144.525, 188307.3
1145.008, 197650.1
1145.490, 207334.5
1145.972, 217333.7
1146.454, 227673.1
1146.936, 238311.0
1147.418, 249352.3
1147.900, 260415.0
1148.382, 271073.2
1148.865, 281607.3
1149.347, 292325.7
1149.829, 303192.6
1150.311, 314192.3
1150.793, 325202.6
1151.275, 335775.5
1151.757, 345763.4
1152.239, 355244.5
1152.721, 364466.1
1153.203, 372960.6
1153.686, 380420.1
1154.168, 386994.7
1154.650, 392910.5
1155.132, 398075.9
1155.614, 402201.2
1156.096, 405247.8
1156.578, 407623.1
1157.060, 409497.6
1157.543, 410634.8
1158.025, 410644.9
1158.507, 410269.9
1158.989, 410065.4
1159.471, 408983.3
1159.953, 408353.4
1160.435, 406307.1
1160.917, 404354.2
1161.400, 402527.4
1161.882, 400814.1
1162.364, 399312.6
1162.846, 397757.8
1163.328, 396142.3
1163.810, 394374.0
1164.292, 392399.2
1164.774, 390188.8
1165.256, 387758.0
1165.739, 385139.1
1166.221, 382109.6
1166.703, 378712.1
1167.185, 374752.5
1167.667, 370196.8
1168.149, 365006.6
1168.631, 359104.4
1169.113, 352784.2
1169.595, 346350.3
1170.078, 339712.2
1170.560, 332522.9
1171.042, 324812.7
1171.524, 316769.9
1172.006, 308470.0
1172.488, 300261.9
1172.970, 292227.0
1173.452, 284618.1
1173.934, 277625.3
1174.417, 270930.2
1174.899, 263916.0
1175.381, 256864.3
1175.863, 250401.8
1176.345, 244535.6
1176.827, 239364.9
1177.309, 234840.6
1177.791, 230802.7
1178.274, 227174.0
1178.756, 223983.4
1179.238, 221222.8
1179.720, 218970.0
1180.202, 217515.5
1180.684, 216448.8
1181.166, 215078.2
1181.648, 213776.1
1182.130, 213316.8
1182.613, 213656.7
1183.095, 214182.3
1183.577, 214666.3
1184.059, 215359.5
1184.541, 216530.7
1185.023, 217762.0
1185.505, 218733.4
1185.987, 219754.7
1186.469, 221121.0
1186.952, 222710.9
1187.434, 224357.4
1187.916, 226023.2
1188.398, 227465.5
1188.880, 228475.7
1189.362, 229557.7
1189.844, 230985.0
1190.326, 232188.9
1190.809, 233068.2
1191.291, 233565.3
1191.773, 233621.8
1192.255, 233252.5
1192.737, 232487.6
1193.219, 231324.5
1193.701, 229808.5
1194.183, 227976.5
1194.666, 225655.1
1195.148, 222807.0
1195.630, 219667.7
1196.112, 216386.9
1196.594, 212691.3
1197.076, 208271.9
1197.558, 203275.2
1198.040, 198059.1
1198.522, 192655.7
1199.005, 187095.3
1199.487, 181408.0
1199.969, 175523.2
1200.451, 169493.6
1200.933, 163934.2
1201.415, 159193.1
1201.897, 154773.6
1202.379, 150082.0
1202.861, 145325.8
1203.344, 140681.2
1203.826, 136284.3
1204.308, 132380.7
1204.790, 128928.5
1205.272, 125876.6
1205.754, 123205.8
1206.236, 120801.7
1206.718, 118557.6
1207.201, 116726.7
1207.683, 115650.3
1208.165, 114815.3
1208.647, 113676.8
1209.129, 112720.2
1209.611, 112596.2
1210.093, 113001.0
1210.575, 113100.2
1211.057, 112738.7
1211.540, 112830.1
1212.022, 113795.1
1212.504, 114892.5
1212.986, 116131.5
1213.468, 117389.8
1213.950, 118522.6
1214.432, 119788.7
1214.914, 121434.4
1215.396, 123085.0
1215.879, 124983.4
1216.361, 127096.5
1216.843, 129286.5
1217.325, 131857.3
1217.807, 134451.5
1218.289, 136992.6
1218.771, 139494.4
1219.253, 141940.3
1219.736, 144497.0
1220.218, 147364.1
1220.700, 150348.4
1221.182, 152965.3
1221.664, 155859.9
1222.146, 158646.4
1222.628, 161290.2
1223.110, 164077.6
1223.593, 166540.4
1224.075, 169017.3
1224.557, 171655.0
1225.039, 174301.4
1225.521, 176915.0
1226.003, 179357.3
1226.485, 181505.4
1226.967, 183382.2
1227.449, 184963.8
1227.932, 186270.0
1228.414, 187396.5
1228.896, 188330.7
1229.378, 193342.2
1229.860, 198484.1
1230.342, 203393.8
1230.824, 207922.8
1231.306, 212296.6
1231.788, 216589.2
1232.271, 220726.3
1232.753, 224698.1
1233.235, 228471.8
1233.717, 231956.3
1234.199, 235180.9
1234.681, 238283.3
1235.163, 241180.2
1235.645, 244486.0
1236.128, 248296.5
1236.610, 251990.0
1237.092, 255401.4
1237.574, 258912.1
1238.056, 262711.9
1238.538, 267117.0
1239.020, 272658.3
1239.502, 279002.2
1239.984, 285434.6
1240.467, 292047.8
1240.949, 299384.8
1241.431, 307168.2
1241.913, 314794.8
1242.395, 321942.4
1242.877, 328176.3
1243.359, 333409.6
1243.841, 336479.9
1244.323, 336939.4
1244.806, 334487.6
1245.288, 328628.1
1245.770, 320017.8
1246.252, 308982.2
1246.734, 295837.4
1247.216, 280741.2
1247.698, 263916.3
1248.180, 246313.9
1248.662, 227411.2
1249.145, 209242.8
1249.627, 191730.7
1250.109, 175247.5
1250.591, 159812.3
1251.073, 145532.1
1251.555, 132452.7
1252.037, 120476.1
1252.519, 109527.2
1253.002, 99469.03
1253.484, 89581.59
1253.966, 79859.78
1254.448, 71340.25
1254.930, 64020.28
1255.412, 57206.94
1255.894, 50761.06
1256.376, 44538.19
1256.859, 38521.84
1257.341, 32942.50
1257.823, 28083.31
1258.305, 23717.59
1258.787, 19728.59
1259.269, 16101.25
1259.751, 12829.88
1260.233, 9882.000
1260.715, 7215.188
1261.198, 4798.562
1261.680, 2537.562
1262.162, 393.6250
1262.644, 1504.969
1263.126, 3180.562
1263.608, 4529.938
1264.090, 5494.844
1264.572, 6161.500
1265.054, 6595.125
1265.537, 6742.688
1266.019, 6535.875
1266.501, 5997.500
1266.983, 5227.875
1267.465, 4256.312
1267.947, 2715.000
1268.429, 580.3438
1268.911, 1914.938
1269.394, 4654.500
1269.876, 7414.125
1270.358, 10251.47
1270.840, 12990.22
1271.322, 15445.56
1271.804, 17947.91
1272.286, 21044.09
1272.768, 24319.34
1273.250, 27245.69
1273.733, 29983.75
1274.215, 32707.59
1274.697, 34891.78
1275.179, 34865.16
1275.661, 32863.38
1276.143, 29678.88
1276.625, 25950.72
1277.107, 22430.12
1277.589, 20381.25
1278.072, 20143.41
1278.554, 19707.16
1279.036, 19579.06
1279.518, 19516.19
1280.000, 19662.00
1280.482, 20116.50
1280.964, 20621.94
1281.446, 22061.50
1281.929, 24570.75
1282.411, 28157.50
1282.893, 32089.25
1283.375, 34614.88
1283.857, 36040.31
1284.339, 35283.00
1284.821, 33245.00
1285.303, 28587.12
1285.786, 16984.25
1286.268, 0.0000000E+00
##END=



