##NAMES=Fernandinite
##RRUFFID=R070694
##IDEAL CHEMISTRY=(Ca,Na,K)_0.9_(V^5+^,V^4+^,Fe^2+^,Ti^4+^)_8_O_20_&#183;4H_2_O
##LOCALITY=Ragra mine, Junin, Cerro de Pasco, Pasco, Peru
##OWNER=RRUFF
##SOURCE=James Shigley
##DESCRIPTION=Yellowish green to dark green submetallic granules (some platy)
##STATUS=The identification of this mineral is not yet confirmed.
##URL=rruff.info/R070694
141.7394, 0.0000000E+00
142.2215, 13.33191
142.7036, 26.96979
143.1857, 15.97821
143.6679, 1.065674
144.1500, 3.426208
144.6321, 20.44879
145.1142, 46.49011
145.5963, 96.53394
146.0784, 174.6618
146.5606, 200.2005
147.0427, 181.0447
147.5248, 157.6110
148.0069, 141.7939
148.4890, 145.1332
148.9711, 132.9220
149.4533, 80.02966
149.9354, 10.74115
150.4175, 14.35376
150.8996, 53.17950
151.3817, 123.8811
151.8638, 172.4254
152.3460, 176.0923
152.8281, 178.0209
153.3102, 188.7491
153.7923, 203.9789
154.2744, 202.4189
154.7565, 164.8387
155.2386, 119.4160
155.7208, 82.03046
156.2029, 54.38715
156.6850, 39.32440
157.1671, 44.79144
157.6492, 69.96783
158.1313, 82.50427
158.6135, 57.44574
159.0956, 20.02277
159.5777, 2.960144
160.0598, 11.35748
160.5419, 30.69550
161.0240, 36.74341
161.5062, 24.04022
161.9883, 19.27872
162.4704, 47.77573
162.9525, 91.37436
163.4346, 118.5578
163.9167, 97.70230
164.3989, 66.11859
164.8810, 51.95941
165.3631, 65.25919
165.8452, 83.63016
166.3273, 98.98630
166.8094, 109.5381
167.2916, 109.2840
167.7737, 78.38623
168.2558, 41.83997
168.7379, 27.89264
169.2200, 58.04514
169.7021, 93.05774
170.1843, 96.26294
170.6664, 71.53369
171.1485, 45.05255
171.6306, 30.61148
172.1127, 26.41434
172.5948, 31.16559
173.0770, 51.38565
173.5591, 75.73355
174.0412, 93.95587
174.5233, 106.0864
175.0054, 109.3911
175.4875, 90.04733
175.9697, 57.77316
176.4518, 39.82846
176.9339, 64.02332
177.4160, 102.5371
177.8981, 129.8936
178.3802, 147.6807
178.8624, 154.2827
179.3445, 138.6483
179.8266, 106.8167
180.3087, 82.44260
180.7908, 86.58948
181.2729, 108.1780
181.7551, 118.4323
182.2372, 112.2733
182.7193, 97.96436
183.2014, 87.32080
183.6835, 80.40192
184.1656, 78.70197
184.6478, 90.61951
185.1299, 111.3300
185.6120, 115.2815
186.0941, 92.16986
186.5762, 57.63940
187.0583, 46.76712
187.5405, 61.36887
188.0226, 80.53333
188.5047, 78.62103
188.9868, 60.34317
189.4689, 51.62140
189.9510, 63.83856
190.4332, 88.38571
190.9153, 93.91977
191.3974, 77.60223
191.8795, 56.76251
192.3616, 52.27118
192.8437, 64.27679
193.3259, 69.94324
193.8080, 58.23685
194.2901, 32.54309
194.7722, 16.54819
195.2543, 9.763000
195.7364, 14.27850
196.2186, 42.66977
196.7007, 99.32581
197.1828, 137.6090
197.6649, 130.1804
198.1470, 75.81683
198.6291, 38.89661
199.1112, 22.40903
199.5934, 19.96591
200.0755, 17.60706
200.5576, 15.88971
201.0397, 18.19061
201.5218, 27.99142
202.0039, 47.52042
202.4861, 56.57974
202.9682, 50.45215
203.4503, 36.51874
203.9324, 35.18079
204.4145, 51.03854
204.8966, 65.72711
205.3788, 66.85788
205.8609, 51.25565
206.3430, 38.80075
206.8251, 31.63483
207.3072, 28.72403
207.7893, 24.58917
208.2715, 15.88675
208.7536, 13.55518
209.2357, 27.42715
209.7178, 67.59113
210.1999, 84.28824
210.6820, 61.52856
211.1642, 6.830872
211.6463, 23.54800
212.1284, 22.73288
212.6105, 8.940918
213.0926, 3.636292
213.5747, 16.81091
214.0569, 23.49396
214.5390, 19.07779
215.0211, 3.958405
215.5032, 1.203766
215.9853, 17.61450
216.4674, 37.92615
216.9496, 43.21881
217.4317, 22.28702
217.9138, 12.06323
218.3959, 25.37015
218.8780, 65.49365
219.3601, 90.01257
219.8423, 96.55414
220.3244, 89.86646
220.8065, 73.01221
221.2886, 36.28842
221.7707, 8.747955
222.2528, 0.9826350
222.7349, 17.63556
223.2171, 31.61948
223.6992, 42.68164
224.1813, 51.29218
224.6634, 59.08301
225.1455, 68.80939
225.6276, 72.84195
226.1098, 67.01938
226.5919, 47.17239
227.0740, 30.41122
227.5561, 15.38135
228.0382, 3.871674
228.5203, 0.9649350
229.0025, 10.99826
229.4846, 22.82159
229.9667, 31.22922
230.4488, 33.20602
230.9309, 40.06146
231.4130, 58.96875
231.8952, 81.67673
232.3773, 80.55713
232.8594, 36.61044
233.3415, 5.161652
233.8236, 20.99594
234.3057, 2.339355
234.7879, 23.21524
235.2700, 40.64062
235.7521, 54.44550
236.2342, 64.34766
236.7163, 70.76611
237.1984, 72.76013
237.6806, 68.86008
238.1627, 54.80109
238.6448, 43.91071
239.1269, 37.35736
239.6090, 34.92184
240.0911, 35.60977
240.5733, 41.63919
241.0554, 48.14102
241.5375, 51.53308
242.0196, 49.53012
242.5017, 49.09900
242.9838, 51.79233
243.4660, 57.26569
243.9481, 60.58859
244.4302, 60.99231
244.9123, 60.21854
245.3944, 59.27939
245.8765, 56.27298
246.3586, 57.11963
246.8408, 65.25986
247.3229, 80.06241
247.8050, 85.68103
248.2871, 77.72882
248.7692, 65.42209
249.2513, 56.07315
249.7335, 48.27652
250.2156, 47.00916
250.6977, 56.87589
251.1798, 78.11536
251.6619, 86.09863
252.1440, 75.74069
252.6262, 57.57388
253.1083, 39.88824
253.5904, 16.90958
254.0725, 7.827850
254.5546, 21.94955
255.0367, 61.08218
255.5189, 83.63702
256.0010, 87.37979
256.4831, 77.30487
256.9652, 55.45477
257.4473, 50.77295
257.9294, 20.33411
258.4116, 28.53940
258.8937, 12.32608
259.3758, 8.839630
259.8579, 40.52350
260.3400, 70.90472
260.8221, 83.36191
261.3043, 69.21918
261.7864, 60.02670
262.2685, 67.14703
262.7506, 91.23367
263.2327, 104.6986
263.7148, 107.0877
264.1970, 99.60016
264.6791, 79.76663
265.1612, 40.14191
265.6433, 11.11734
266.1254, 4.372162
266.6075, 21.31201
267.0897, 40.47263
267.5718, 66.21375
268.0539, 87.94916
268.5360, 85.91339
269.0181, 52.06158
269.5002, 21.36133
269.9824, 8.848633
270.4645, 16.25708
270.9466, 28.91971
271.4287, 50.06870
271.9108, 70.11411
272.3929, 71.10654
272.8751, 47.78073
273.3572, 30.98843
273.8393, 35.11057
274.3214, 59.86835
274.8035, 78.87589
275.2856, 93.01678
275.7678, 99.82932
276.2499, 90.29932
276.7320, 60.94675
277.2141, 40.01041
277.6962, 44.75873
278.1783, 74.92862
278.6604, 85.64972
279.1425, 72.61911
279.6247, 50.05927
280.1068, 39.04715
280.5889, 40.53998
281.0710, 44.44824
281.5531, 44.33212
282.0352, 41.07629
282.5174, 50.11029
282.9995, 74.40817
283.4816, 102.5437
283.9637, 121.1142
284.4458, 130.1154
284.9279, 126.7312
285.4101, 100.7298
285.8922, 57.37921
286.3743, 31.97562
286.8564, 27.47403
287.3385, 33.84711
287.8206, 39.48898
288.3028, 44.46573
288.7849, 49.54782
289.2670, 57.83792
289.7491, 66.99548
290.2312, 66.87250
290.7133, 56.00845
291.1955, 40.30072
291.6776, 22.45697
292.1597, 6.556335
292.6418, 1.977722
293.1239, 23.44626
293.6060, 58.89285
294.0882, 74.64026
294.5703, 67.77911
295.0524, 52.60175
295.5345, 41.23413
296.0166, 34.20187
296.4987, 33.72131
296.9809, 44.55701
297.4630, 61.78680
297.9451, 80.33224
298.4272, 101.3982
298.9093, 112.2817
299.3914, 89.77631
299.8736, 45.30258
300.3557, 9.526489
300.8378, 1.895264
301.3199, 2.340668
301.8020, 14.63129
302.2841, 35.60641
302.7663, 53.93637
303.2484, 57.27783
303.7305, 50.99091
304.2126, 45.56839
304.6947, 41.11859
305.1768, 42.25192
305.6590, 58.70206
306.1411, 92.27869
306.6232, 119.6987
307.1053, 122.5146
307.5874, 109.0799
308.0695, 92.29483
308.5517, 66.98480
309.0338, 46.25327
309.5159, 42.51929
309.9980, 56.71869
310.4801, 71.56427
310.9622, 79.79941
311.4444, 82.14545
311.9265, 79.54651
312.4086, 66.33743
312.8907, 54.48218
313.3728, 48.89944
313.8549, 50.12988
314.3371, 52.42261
314.8192, 50.79816
315.3013, 49.64899
315.7834, 52.18869
316.2655, 72.73224
316.7477, 88.44867
317.2298, 88.51758
317.7119, 72.03906
318.1940, 51.91550
318.6761, 17.66406
319.1582, 11.48306
319.6404, 19.37393
320.1225, 28.02405
320.6046, 29.06848
321.0867, 28.43624
321.5688, 44.03204
322.0509, 48.34145
322.5330, 45.63010
323.0151, 69.63458
323.4973, 86.44357
323.9794, 98.76923
324.4615, 99.36621
324.9436, 79.84906
325.4257, 42.22513
325.9078, 16.02182
326.3900, 3.373901
326.8721, 1.428070
327.3542, 9.165833
327.8363, 40.29599
328.3184, 62.43704
328.8005, 74.20724
329.2827, 75.47879
329.7648, 64.03458
330.2469, 22.58371
330.7290, 12.89914
331.2111, 18.67471
331.6932, 27.51193
332.1754, 55.17017
332.6575, 54.80698
333.1396, 33.91959
333.6217, 17.14075
334.1038, 3.095306
334.5859, 4.385620
335.0681, 1.981934
335.5502, 13.17172
336.0323, 28.06244
336.5144, 44.33972
336.9965, 58.50595
337.4786, 59.83401
337.9608, 44.36655
338.4429, 30.68448
338.9250, 29.17410
339.4071, 40.51239
339.8892, 53.52026
340.3713, 69.49319
340.8535, 83.97534
341.3356, 87.59109
341.8177, 79.88132
342.2998, 69.49765
342.7819, 56.51685
343.2640, 42.72208
343.7462, 44.90701
344.2283, 67.71582
344.7104, 91.40967
345.1925, 81.48721
345.6746, 43.15210
346.1567, 16.26230
346.6389, 30.74689
347.1210, 68.66931
347.6031, 83.69559
348.0852, 74.10635
348.5673, 53.93655
349.0494, 28.98889
349.5316, 4.000031
350.0137, 8.383484
350.4958, 5.901825
350.9779, 31.97040
351.4600, 51.58401
351.9421, 64.70740
352.4243, 73.82034
352.9064, 81.70236
353.3885, 86.55771
353.8706, 85.45654
354.3527, 72.34351
354.8348, 57.04938
355.3170, 45.25052
355.7991, 37.16034
356.2812, 33.96863
356.7633, 43.19556
357.2454, 54.72607
357.7275, 58.31781
358.2097, 44.55093
358.6918, 29.71024
359.1739, 19.67477
359.6560, 15.09662
360.1381, 15.64319
360.6202, 28.39047
361.1024, 43.95642
361.5845, 56.49875
362.0666, 65.33228
362.5487, 70.48923
363.0308, 74.22946
363.5129, 74.56918
363.9951, 65.79520
364.4772, 27.98068
364.9593, 3.898499
365.4414, 13.84180
365.9235, 13.90888
366.4056, 36.30847
366.8878, 51.48297
367.3698, 60.17358
367.8520, 63.74936
368.3341, 64.13486
368.8162, 56.95679
369.2983, 36.38617
369.7804, 6.619324
370.2625, 26.06055
370.7447, 12.09348
371.2268, 18.12830
371.7089, 45.05237
372.1910, 73.61343
372.6731, 86.98248
373.1552, 75.30902
373.6374, 38.11572
374.1195, 15.60776
374.6016, 10.67203
375.0837, 14.30411
375.5658, 18.06216
376.0479, 22.00323
376.5301, 25.87521
377.0122, 29.47382
377.4943, 32.51257
377.9764, 34.26144
378.4585, 34.11935
378.9406, 34.54529
379.4228, 37.53513
379.9049, 43.06528
380.3870, 48.97119
380.8691, 55.28287
381.3512, 61.00162
381.8333, 64.39536
382.3155, 65.52124
382.7976, 65.19354
383.2797, 62.97495
383.7618, 59.85898
384.2439, 57.40991
384.7260, 55.50085
385.2082, 55.42883
385.6903, 61.27399
386.1724, 70.57306
386.6545, 76.33273
387.1366, 69.80469
387.6187, 60.75528
388.1009, 61.35391
388.5830, 74.54355
389.0651, 82.01166
389.5472, 59.98569
390.0293, 27.62244
390.5114, 14.31213
390.9936, 59.63702
391.4757, 103.8353
391.9578, 113.1067
392.4399, 84.51837
392.9220, 57.57169
393.4041, 41.64212
393.8863, 34.44785
394.3684, 34.23697
394.8505, 56.78156
395.3326, 69.16568
395.8147, 55.95688
396.2968, 20.17456
396.7790, 0.9654540
397.2611, 19.79446
397.7432, 42.38440
398.2253, 49.96768
398.7074, 23.39532
399.1895, 11.07858
399.6717, 20.84186
400.1538, 45.21490
400.6359, 61.50146
401.1180, 67.26880
401.6001, 68.99072
402.0822, 68.82059
402.5644, 65.93909
403.0465, 65.09213
403.5286, 68.24768
404.0107, 70.99716
404.4928, 63.45065
404.9749, 43.13040
405.4571, 27.98260
405.9392, 24.62350
406.4213, 32.47815
406.9034, 51.17838
407.3855, 83.91583
407.8676, 111.1122
408.3498, 105.6748
408.8319, 72.75751
409.3140, 43.60504
409.7961, 26.20840
410.2782, 19.22699
410.7603, 24.45062
411.2425, 40.98862
411.7246, 55.11932
412.2067, 53.57327
412.6888, 43.21930
413.1709, 35.48822
413.6530, 32.49124
414.1351, 33.55756
414.6172, 45.27829
415.0994, 61.90686
415.5815, 66.55508
416.0636, 31.82544
416.5457, 6.773254
417.0278, 20.16968
417.5099, 2.471405
417.9921, 27.41443
418.4742, 41.04230
418.9563, 47.59744
419.4384, 53.43051
419.9205, 65.19571
420.4026, 72.02206
420.8848, 67.82217
421.3669, 50.64755
421.8490, 36.70099
422.3311, 25.65506
422.8132, 19.70358
423.2953, 20.79102
423.7775, 43.23254
424.2596, 54.89725
424.7417, 44.65292
425.2238, 18.53860
425.7059, 14.27884
426.1880, 44.15857
426.6702, 74.98087
427.1523, 85.44617
427.6344, 70.23743
428.1165, 52.90549
428.5986, 35.11902
429.0807, 18.82431
429.5629, 7.463623
430.0450, 1.090637
430.5271, 0.1293640
431.0092, 4.815399
431.4913, 15.42297
431.9734, 27.84668
432.4556, 42.16818
432.9377, 59.76645
433.4198, 90.06076
433.9019, 126.0966
434.3840, 136.0601
434.8661, 89.22452
435.3483, 21.94977
435.8304, 12.28168
436.3125, 15.01950
436.7946, 4.635956
437.2767, 13.89948
437.7589, 35.72552
438.2410, 53.42847
438.7231, 63.95068
439.2052, 68.17703
439.6873, 65.93530
440.1694, 58.54800
440.6516, 49.07175
441.1337, 31.03183
441.6158, 17.16721
442.0979, 17.20465
442.5800, 38.53818
443.0621, 53.41110
443.5443, 48.10355
444.0264, 35.13290
444.5085, 31.27878
444.9906, 49.31686
445.4727, 64.98026
445.9548, 73.25696
446.4370, 73.93491
446.9191, 75.50171
447.4012, 80.35663
447.8833, 82.35519
448.3654, 75.34439
448.8475, 52.16971
449.3297, 43.30057
449.8118, 59.28915
450.2939, 88.45749
450.7760, 90.78723
451.2581, 60.89615
451.7402, 32.40302
452.2224, 26.74878
452.7045, 40.92374
453.1866, 43.96201
453.6687, 31.87952
454.1508, 18.64658
454.6329, 26.63193
455.1151, 51.49835
455.5972, 72.49261
456.0793, 80.81497
456.5614, 80.44672
457.0435, 72.34174
457.5256, 57.30801
458.0077, 50.89212
458.4898, 77.86746
458.9720, 115.8449
459.4541, 136.9836
459.9362, 126.3160
460.4183, 107.4586
460.9004, 89.45447
461.3825, 73.52545
461.8647, 62.89636
462.3468, 61.05707
462.8289, 63.29318
463.3110, 69.10800
463.7931, 82.77676
464.2752, 87.06213
464.7574, 69.23199
465.2395, 43.98041
465.7216, 30.65649
466.2037, 35.80801
466.6858, 44.85736
467.1679, 55.92343
467.6501, 68.94641
468.1322, 84.99789
468.6143, 110.4035
469.0964, 128.7021
469.5785, 124.5240
470.0606, 92.06696
470.5428, 67.62866
471.0249, 55.84927
471.5070, 52.31686
471.9891, 46.75073
472.4712, 39.07437
472.9533, 36.04880
473.4355, 46.13358
473.9176, 64.13528
474.3997, 71.01556
474.8818, 64.91138
475.3639, 56.63611
475.8460, 51.35187
476.3282, 49.71384
476.8103, 53.47406
477.2924, 69.38052
477.7745, 85.42783
478.2566, 91.25714
478.7387, 87.77588
479.2209, 79.22565
479.7030, 61.59979
480.1851, 43.61612
480.6672, 32.54688
481.1493, 22.44670
481.6314, 15.70379
482.1136, 13.71234
482.5957, 10.45270
483.0778, 16.20480
483.5599, 18.24432
484.0420, 52.54483
484.5241, 78.90701
485.0063, 97.36337
485.4884, 104.4661
485.9705, 94.35849
486.4526, 79.25345
486.9347, 68.74680
487.4168, 64.17368
487.8990, 60.32907
488.3811, 58.28787
488.8632, 55.42996
489.3453, 39.78946
489.8274, 8.773102
490.3095, 11.96695
490.7917, 9.3535997E-02
491.2738, 36.07230
491.7559, 57.22787
492.2380, 60.82556
492.7201, 57.15683
493.2022, 59.57352
493.6844, 63.02365
494.1665, 56.41074
494.6486, 46.92651
495.1307, 8.778717
495.6128, 19.80106
496.0949, 11.20691
496.5771, 2.159454
497.0592, 16.03171
497.5413, 29.29236
498.0234, 40.78464
498.5055, 49.84937
498.9876, 58.62802
499.4698, 72.13229
499.9519, 84.54160
500.4340, 88.58664
500.9161, 78.69006
501.3982, 65.02594
501.8803, 48.25305
502.3624, 28.32135
502.8445, 12.13358
503.3267, 0.8870540
503.8088, 9.230347
504.2909, 12.12119
504.7730, 9.994110
505.2551, 24.23672
505.7372, 22.83649
506.2194, 50.33078
506.7015, 73.19986
507.1836, 91.62604
507.6657, 95.25305
508.1478, 66.52957
508.6299, 18.63303
509.1121, 6.426910
509.5942, 7.058289
510.0763, 1.863861
510.5584, 11.67783
511.0405, 20.65692
511.5226, 25.19202
512.0048, 18.89056
512.4869, 14.38934
512.9690, 25.77057
513.4511, 47.73099
513.9332, 62.23953
514.4153, 49.77237
514.8975, 37.07803
515.3796, 42.07013
515.8617, 75.56293
516.3438, 96.68964
516.8259, 89.16513
517.3080, 70.16019
517.7902, 60.73389
518.2723, 67.61670
518.7544, 70.00922
519.2365, 65.18652
519.7186, 54.44980
520.2007, 43.32748
520.6829, 30.23016
521.1650, 20.68689
521.6471, 18.75543
522.1292, 24.51135
522.6113, 31.52060
523.0934, 39.94131
523.5756, 47.93454
524.0577, 53.66632
524.5398, 56.94498
525.0219, 56.87372
525.5040, 49.85956
525.9861, 41.57693
526.4683, 40.60626
526.9504, 46.13455
527.4325, 51.80328
527.9146, 57.26108
528.3967, 58.99329
528.8788, 51.61984
529.3610, 27.50064
529.8431, 10.71722
530.3252, 15.16995
530.8073, 31.57437
531.2894, 45.40237
531.7715, 51.38449
532.2537, 56.91248
532.7358, 67.11670
533.2179, 81.89609
533.7000, 80.78366
534.1821, 49.00632
534.6642, 20.45316
535.1464, 21.34781
535.6285, 62.32065
536.1106, 83.39130
536.5927, 75.16339
537.0748, 54.76126
537.5569, 54.24966
538.0391, 73.16513
538.5212, 89.49124
539.0033, 94.58118
539.4854, 90.90546
539.9675, 80.13083
540.4496, 61.77985
540.9318, 47.58200
541.4139, 56.94193
541.8960, 72.60229
542.3781, 70.95782
542.8602, 37.56577
543.3423, 9.050354
543.8245, 12.65152
544.3066, 34.59558
544.7887, 49.85397
545.2708, 43.90237
545.7529, 36.33282
546.2350, 32.90305
546.7172, 33.98822
547.1993, 38.22705
547.6814, 49.12216
548.1635, 58.70993
548.6456, 64.04138
549.1277, 63.15131
549.6099, 65.34711
550.0920, 69.23141
550.5741, 74.79538
551.0562, 87.17828
551.5383, 108.3995
552.0204, 120.2440
552.5026, 111.6648
552.9847, 88.39172
553.4668, 69.96390
553.9489, 57.38699
554.4310, 50.04700
554.9131, 52.65048
555.3953, 57.44101
555.8774, 49.69553
556.3595, 19.33826
556.8416, 3.484711
557.3237, 10.35797
557.8058, 44.47131
558.2880, 71.76505
558.7701, 85.81827
559.2522, 88.90738
559.7343, 76.23276
560.2164, 47.90991
560.6985, 29.64630
561.1807, 30.74603
561.6628, 34.27768
562.1449, 30.31204
562.6270, 10.95798
563.1091, 8.938965
563.5912, 33.09592
564.0734, 63.24506
564.5555, 62.28281
565.0376, 27.33676
565.5197, 7.370239
566.0018, 27.10318
566.4839, 67.03589
566.9661, 71.56915
567.4482, 43.90256
567.9303, 21.90610
568.4124, 45.88687
568.8945, 85.49869
569.3766, 95.84473
569.8587, 64.62286
570.3408, 32.62189
570.8229, 25.08878
571.3051, 32.68985
571.7872, 43.21683
572.2693, 63.33405
572.7514, 75.00162
573.2335, 70.71729
573.7156, 52.25848
574.1978, 32.43610
574.6799, 3.442871
575.1620, 17.12585
575.6441, 20.25018
576.1262, 2.369019
576.6083, 16.64627
577.0905, 39.93472
577.5726, 57.73627
578.0547, 53.81607
578.5368, 29.01505
579.0189, 13.41708
579.5010, 15.99307
579.9832, 28.36868
580.4653, 38.64029
580.9474, 46.51273
581.4295, 50.58902
581.9116, 46.60403
582.3937, 40.48148
582.8759, 38.18759
583.3580, 40.21042
583.8401, 43.47382
584.3222, 47.45520
584.8043, 51.42523
585.2864, 54.79059
585.7686, 57.01212
586.2507, 59.16483
586.7328, 65.22672
587.2149, 70.66571
587.6970, 64.40958
588.1791, 35.12268
588.6613, 15.87103
589.1434, 19.55554
589.6255, 43.86600
590.1076, 58.06796
590.5897, 60.66919
591.0718, 60.45511
591.5540, 68.96899
592.0361, 81.77789
592.5182, 75.50751
593.0003, 42.73206
593.4824, 9.034790
593.9645, 3.088043
594.4467, 17.02505
594.9288, 34.89450
595.4109, 57.52811
595.8930, 75.34366
596.3751, 79.14621
596.8572, 71.55746
597.3394, 66.49036
597.8215, 76.59100
598.3036, 83.19443
598.7857, 73.48904
599.2678, 36.00372
599.7499, 20.18619
600.2321, 39.35391
600.7142, 66.92999
601.1963, 74.25861
601.6784, 56.54654
602.1605, 42.66812
602.6426, 38.06247
603.1248, 38.58676
603.6069, 34.69827
604.0890, 26.69647
604.5711, 19.50266
605.0532, 19.08926
605.5353, 19.53403
606.0175, 7.249542
606.4996, 16.66586
606.9817, 33.92136
607.4638, 30.29756
607.9459, 14.23642
608.4280, 7.521423
608.9102, 38.65085
609.3923, 64.85648
609.8744, 79.15240
610.3565, 86.88336
610.8386, 96.50751
611.3207, 112.3880
611.8029, 124.4755
612.2850, 131.8771
612.7671, 134.1997
613.2492, 128.5750
613.7313, 114.5714
614.2134, 94.36520
614.6956, 61.22836
615.1777, 20.45917
615.6598, 1.704224
616.1419, 7.216339
616.6240, 23.27646
617.1061, 43.40915
617.5883, 63.23093
618.0704, 73.87225
618.5525, 68.71432
619.0346, 61.00278
619.5167, 61.86447
619.9988, 66.71609
620.4810, 65.66928
620.9631, 43.29230
621.4452, 26.62915
621.9273, 28.78345
622.4094, 50.26270
622.8915, 64.11362
623.3737, 68.31360
623.8558, 67.36371
624.3379, 62.35251
624.8200, 51.95999
625.3021, 47.32635
625.7842, 50.72232
626.2664, 54.69730
626.7485, 45.66061
627.2306, 27.03833
627.7127, 16.88293
628.1948, 22.99908
628.6769, 36.18723
629.1591, 49.73300
629.6412, 61.96213
630.1233, 67.86346
630.6054, 57.51300
631.0875, 44.83066
631.5696, 40.03323
632.0518, 44.34949
632.5339, 44.08273
633.0160, 30.51761
633.4981, 14.93222
633.9802, 4.376770
634.4623, 5.272980
634.9445, 2.116486
635.4266, 20.29715
635.9087, 47.76141
636.3908, 59.37161
636.8729, 54.71713
637.3550, 44.58972
637.8372, 29.09442
638.3193, 12.77133
638.8014, 4.215271
639.2835, 2.974762
639.7656, 7.548492
640.2477, 20.17874
640.7299, 36.25458
641.2120, 53.84042
641.6941, 73.21335
642.1762, 84.84747
642.6583, 74.90912
643.1404, 62.02234
643.6226, 60.53958
644.1047, 90.83160
644.5868, 103.4681
645.0689, 89.89194
645.5510, 64.14709
646.0331, 47.90488
646.5153, 43.25760
646.9974, 38.09586
647.4795, 27.71945
647.9616, 16.13770
648.4437, 15.91843
648.9258, 26.27261
649.4080, 38.38492
649.8901, 51.21973
650.3722, 60.53458
650.8543, 56.85315
651.3364, 39.71994
651.8185, 26.95203
652.3007, 33.40439
652.7828, 46.00134
653.2649, 53.44717
653.7470, 49.58295
654.2291, 47.76187
654.7112, 55.36105
655.1934, 63.29047
655.6755, 57.74234
656.1576, 29.40140
656.6397, 12.09341
657.1218, 15.59320
657.6039, 32.71982
658.0861, 41.04318
658.5682, 40.49023
659.0502, 37.04141
659.5323, 32.32944
660.0145, 27.48389
660.4966, 24.67490
660.9787, 23.91919
661.4608, 24.26376
661.9429, 29.42853
662.4250, 32.90622
662.9072, 26.97739
663.3893, 2.954773
663.8714, 12.42773
664.3535, 8.283661
664.8356, 4.586334
665.3177, 14.25601
665.7999, 21.07568
666.2820, 26.08340
666.7641, 28.45657
667.2462, 28.36429
667.7283, 25.35913
668.2104, 19.18719
668.6926, 15.37582
669.1747, 13.86630
669.6568, 14.51306
670.1389, 18.24582
670.6210, 24.73102
671.1031, 30.22116
671.5853, 29.30972
672.0674, 27.84384
672.5495, 33.23355
673.0316, 49.49420
673.5137, 60.78741
673.9958, 54.47025
674.4780, 40.14261
674.9601, 29.57712
675.4422, 22.89224
675.9243, 20.24753
676.4064, 22.44467
676.8885, 28.09442
677.3707, 36.32346
677.8528, 47.89148
678.3349, 53.45230
678.8170, 47.59637
679.2991, 36.24335
679.7813, 30.22485
680.2634, 29.72012
680.7455, 36.18106
681.2276, 54.65070
681.7097, 77.72476
682.1918, 105.9321
682.6740, 140.4135
683.1561, 152.0253
683.6382, 100.8684
684.1203, 43.09741
684.6024, 22.15729
685.0845, 70.85324
685.5667, 90.52600
686.0488, 70.22668
686.5309, 33.62137
687.0130, 7.579315
687.4951, 8.575256
687.9772, 3.489685
688.4594, 34.20847
688.9415, 81.53464
689.4236, 91.76523
689.9057, 71.76904
690.3878, 47.75461
690.8699, 24.36591
691.3521, 8.301636
691.8342, 9.884918
692.3163, 26.46860
692.7984, 37.60452
693.2805, 30.24490
693.7626, 20.59946
694.2448, 16.78033
694.7269, 19.85416
695.2090, 24.25452
695.6911, 31.26642
696.1732, 38.85001
696.6553, 40.75540
697.1375, 38.21848
697.6196, 37.58145
698.1017, 40.08255
698.5838, 42.68835
699.0659, 40.39209
699.5480, 35.18576
700.0302, 31.83005
700.5123, 32.93250
700.9944, 35.28619
701.4765, 36.55072
701.9586, 37.44800
702.4407, 39.86212
702.9229, 45.91858
703.4050, 51.90466
703.8871, 57.10583
704.3692, 61.46811
704.8513, 63.48569
705.3334, 62.07999
705.8156, 61.07990
706.2977, 62.63336
706.7798, 66.57300
707.2619, 73.31610
707.7440, 83.41254
708.2261, 89.34094
708.7083, 79.37305
709.1904, 62.31198
709.6725, 52.14410
710.1546, 54.61243
710.6367, 55.27054
711.1188, 39.76825
711.6010, 23.78552
712.0831, 19.64471
712.5652, 45.66998
713.0473, 64.65576
713.5294, 74.42551
714.0115, 74.95871
714.4937, 61.83337
714.9758, 30.36710
715.4579, 11.17255
715.9400, 19.78458
716.4221, 44.68765
716.9042, 55.54187
717.3864, 53.88165
717.8685, 50.61975
718.3506, 55.99088
718.8327, 60.92337
719.3148, 53.40701
719.7969, 32.30984
720.2791, 18.29645
720.7612, 25.35721
721.2433, 36.84161
721.7254, 40.63882
722.2075, 32.21179
722.6896, 32.12851
723.1718, 43.52768
723.6539, 57.89438
724.1360, 69.90610
724.6181, 79.08884
725.1002, 67.85480
725.5823, 25.04153
726.0645, 16.77069
726.5466, 6.123779
727.0287, 38.37375
727.5108, 75.85934
727.9929, 87.09598
728.4750, 88.44373
728.9572, 90.02853
729.4393, 88.47995
729.9214, 73.74713
730.4035, 14.70471
730.8856, 24.47102
731.3677, 20.79695
731.8499, 19.91275
732.3320, 44.27127
732.8141, 50.96231
733.2962, 47.64960
733.7783, 33.11066
734.2604, 12.20990
734.7426, 7.8156002E-02
735.2247, 2.925751
735.7068, 3.153564
736.1889, 31.34821
736.6710, 61.44019
737.1531, 70.26300
737.6353, 46.37039
738.1174, 26.80719
738.5995, 22.59860
739.0816, 27.29596
739.5637, 34.66806
740.0458, 46.82294
740.5280, 56.81873
741.0101, 64.28888
741.4922, 69.36139
741.9743, 73.18069
742.4564, 75.41119
742.9385, 71.53104
743.4207, 57.05310
743.9028, 40.48557
744.3849, 34.72141
744.8670, 22.97801
745.3491, 32.05322
745.8312, 8.106659
746.3134, 9.971832
746.7955, 5.049866
747.2776, 20.17245
747.7597, 35.09183
748.2418, 32.88297
748.7239, 29.40921
749.2060, 30.91803
749.6881, 37.08371
750.1702, 40.92459
750.6523, 41.93198
751.1345, 45.28302
751.6166, 65.46317
752.0987, 87.85306
752.5808, 75.68341
753.0629, 22.19217
753.5450, 17.21651
754.0272, 10.38644
754.5093, 59.26874
754.9914, 87.25528
755.4735, 75.06534
755.9556, 65.67899
756.4377, 65.09372
756.9199, 65.40628
757.4020, 55.55402
757.8841, 32.83295
758.3662, 18.28656
758.8483, 15.85599
759.3304, 21.56198
759.8126, 34.71701
760.2947, 51.54059
760.7768, 59.87897
761.2589, 46.67047
761.7410, 32.63000
762.2231, 36.46619
762.7053, 51.32938
763.1874, 59.32358
763.6695, 33.31516
764.1516, 26.23608
764.6337, 65.48749
765.1158, 138.2817
765.5980, 159.3488
766.0801, 115.7850
766.5622, 71.33749
767.0443, 64.74265
767.5264, 80.55975
768.0085, 57.41342
768.4907, 1.399933
768.9728, 46.05923
769.4549, 26.95764
769.9370, 13.29083
770.4191, 35.70435
770.9012, 34.80954
771.3834, 31.25784
771.8655, 23.97525
772.3476, 20.97720
772.8297, 29.86166
773.3118, 60.52853
773.7939, 66.03656
774.2761, 37.05676
774.7582, 6.444244
775.2403, 17.57941
775.7224, 58.89871
776.2045, 79.76178
776.6866, 67.57822
777.1688, 48.77292
777.6509, 48.68457
778.1330, 56.88110
778.6151, 58.88989
779.0972, 39.88483
779.5793, 27.32336
780.0615, 32.08911
780.5436, 44.72339
781.0257, 50.06616
781.5078, 44.49838
781.9899, 45.33716
782.4720, 58.01459
782.9542, 71.91147
783.4363, 67.37805
783.9184, 46.84366
784.4005, 31.71362
784.8826, 36.38196
785.3647, 45.53937
785.8469, 44.80029
786.3290, 37.07547
786.8111, 33.18634
787.2932, 40.98782
787.7753, 48.76776
788.2574, 51.26587
788.7396, 47.60986
789.2217, 51.32489
789.7038, 67.84793
790.1859, 76.96017
790.6680, 59.99432
791.1501, 26.31189
791.6323, 19.22971
792.1144, 37.52396
792.5965, 55.07181
793.0786, 51.83862
793.5607, 40.15253
794.0428, 27.48267
794.5250, 13.56009
795.0071, 9.056549
795.4892, 27.29526
795.9713, 47.23828
796.4534, 55.62451
796.9355, 48.37280
797.4177, 47.51041
797.8998, 54.76642
798.3819, 62.67087
798.8640, 62.55331
799.3461, 56.85870
799.8282, 52.94165
800.3104, 52.22961
800.7925, 52.16156
801.2746, 53.62897
801.7567, 53.35709
802.2388, 47.35645
802.7209, 24.72632
803.2031, 11.36450
803.6852, 12.61765
804.1673, 20.61682
804.6494, 27.86295
805.1315, 34.49506
805.6136, 40.65231
806.0958, 45.49307
806.5779, 50.97339
807.0600, 63.66617
807.5421, 79.35110
808.0242, 86.44104
808.5063, 73.85168
808.9885, 60.01245
809.4706, 56.66730
809.9527, 59.44888
810.4348, 58.50635
810.9169, 41.48773
811.3990, 36.23975
811.8812, 59.49594
812.3633, 94.92950
812.8454, 93.57895
813.3275, 54.47928
813.8096, 20.61197
814.2917, 11.78845
814.7739, 16.56177
815.2560, 18.35654
815.7381, 18.43372
816.2202, 21.59766
816.7023, 38.14331
817.1844, 50.70050
817.6666, 47.90399
818.1487, 31.04202
818.6308, 19.22986
819.1129, 11.17761
819.5950, 11.46118
820.0771, 26.43036
820.5593, 51.45444
821.0414, 61.06711
821.5235, 55.67657
822.0056, 46.17886
822.4877, 34.78003
822.9698, 26.22861
823.4520, 29.10159
823.9341, 43.08090
824.4162, 50.37396
824.8983, 36.35333
825.3804, 21.81262
825.8625, 17.88275
826.3447, 25.57031
826.8268, 26.38858
827.3089, 23.52731
827.7910, 20.77643
828.2731, 14.65744
828.7552, 8.619446
829.2374, 17.41409
829.7195, 42.27567
830.2016, 63.77792
830.6837, 63.77856
831.1658, 54.76459
831.6479, 48.19418
832.1301, 47.52057
832.6122, 44.59299
833.0943, 36.85028
833.5764, 29.04175
834.0585, 24.61145
834.5406, 23.72632
835.0228, 24.12054
835.5049, 25.79523
835.9870, 28.43369
836.4691, 31.97754
836.9512, 36.19467
837.4333, 43.19492
837.9155, 56.55463
838.3975, 58.28726
838.8796, 19.17203
839.3618, 23.32678
839.8439, 32.16412
840.3260, 17.58963
840.8081, 46.23880
841.2902, 49.18112
841.7723, 41.53967
842.2545, 39.45615
842.7366, 42.03534
843.2187, 43.24707
843.7008, 41.77267
844.1829, 40.62421
844.6650, 43.12784
845.1472, 47.39346
845.6293, 51.25021
846.1114, 57.94308
846.5935, 57.66934
847.0756, 43.61911
847.5577, 26.91895
848.0399, 20.60538
848.5220, 26.75555
849.0041, 29.88123
849.4862, 26.23615
849.9683, 23.93335
850.4504, 38.35144
850.9326, 61.79004
851.4147, 77.73267
851.8968, 78.27255
852.3789, 75.89877
852.8610, 78.09055
853.3431, 80.42914
853.8253, 75.52423
854.3074, 54.20593
854.7895, 44.09799
855.2716, 52.13202
855.7537, 68.03833
856.2358, 77.77921
856.7180, 80.98685
857.2001, 74.51978
857.6822, 53.44370
858.1643, 31.48404
858.6464, 21.09900
859.1285, 18.27057
859.6107, 16.34088
860.0928, 8.734314
860.5749, 8.815491
861.0570, 26.08377
861.5391, 46.84897
862.0212, 43.50723
862.5034, 12.45029
862.9855, 1.955688
863.4676, 14.66534
863.9497, 41.17633
864.4318, 49.09866
864.9139, 43.32477
865.3961, 34.38034
865.8782, 17.25104
866.3603, 8.791351
866.8424, 25.46890
867.3245, 52.48065
867.8066, 59.90222
868.2888, 35.64828
868.7709, 24.02258
869.2530, 36.68219
869.7351, 58.19070
870.2172, 60.48749
870.6993, 47.10809
871.1815, 32.32355
871.6636, 19.06415
872.1457, 9.053070
872.6278, 3.779877
873.1099, 2.651337
873.5920, 4.693726
874.0742, 11.94452
874.5563, 20.02457
875.0384, 31.30341
875.5205, 41.04276
876.0026, 35.85931
876.4847, 16.10944
876.9669, 6.014740
877.4490, 15.30356
877.9311, 29.86731
878.4132, 33.14267
878.8953, 29.71069
879.3774, 27.93890
879.8596, 34.02325
880.3417, 38.03384
880.8238, 32.78625
881.3059, 26.26566
881.7880, 35.49878
882.2701, 66.60120
882.7523, 76.48834
883.2344, 50.12421
883.7165, 12.87943
884.1986, 5.400330
884.6807, 17.82962
885.1628, 28.07724
885.6450, 29.73572
886.1271, 25.81290
886.6092, 12.14349
887.0913, 4.530579
887.5734, 13.87997
888.0555, 17.63608
888.5377, 7.026733
889.0198, 25.24808
889.5019, 61.20444
889.9840, 69.10391
890.4661, 55.08304
890.9482, 41.11353
891.4304, 32.99557
891.9125, 27.22711
892.3946, 19.15210
892.8767, 12.67911
893.3588, 13.28488
893.8409, 32.54501
894.3231, 42.66907
894.8052, 39.68253
895.2873, 30.68851
895.7694, 26.16971
896.2515, 25.42432
896.7336, 18.52264
897.2158, 1.031372
897.6979, 15.97021
898.1800, 2.543213
898.6621, 32.44781
899.1442, 46.03174
899.6263, 20.23004
900.1085, 5.994324
900.5906, 16.79443
901.0727, 33.47501
901.5548, 33.48611
902.0369, 15.57901
902.5190, 5.882721
903.0012, 8.451141
903.4833, 13.24829
903.9654, 6.481506
904.4475, 3.971191
904.9296, 6.942810
905.4117, 4.2206001E-02
905.8939, 14.28607
906.3760, 48.24753
906.8581, 79.27979
907.3402, 87.65527
907.8223, 68.01349
908.3044, 53.88895
908.7866, 47.12247
909.2687, 41.69476
909.7508, 30.80319
910.2329, 17.16873
910.7150, 4.583221
911.1971, 7.327148
911.6793, 11.56726
912.1614, 1.548462
912.6435, 18.89386
913.1256, 30.19492
913.6077, 32.97690
914.0898, 42.94046
914.5720, 63.52625
915.0541, 79.16562
915.5362, 74.03381
916.0183, 55.22852
916.5004, 36.79163
916.9825, 19.83554
917.4647, 10.62363
917.9468, 19.47064
918.4289, 31.97806
918.9110, 37.62045
919.3931, 35.00110
919.8752, 40.34204
920.3574, 58.92941
920.8395, 70.59750
921.3216, 57.40927
921.8037, 27.90036
922.2858, 13.24460
922.7679, 12.32263
923.2501, 17.71140
923.7322, 33.13184
924.2143, 46.17841
924.6964, 46.39224
925.1785, 34.13037
925.6606, 30.37250
926.1428, 41.05884
926.6249, 46.81494
927.1070, 37.24194
927.5891, 18.59644
928.0712, 12.21594
928.5533, 16.46521
929.0354, 20.23865
929.5175, 11.93652
929.9996, 6.305023
930.4818, 19.50497
930.9639, 44.46384
931.4460, 51.48724
931.9281, 30.07239
932.4102, 12.93350
932.8923, 3.108490
933.3745, 2.002472
933.8566, 21.11118
934.3387, 55.13980
934.8208, 75.95554
935.3029, 66.27582
935.7850, 48.69458
936.2672, 36.69501
936.7493, 28.51517
937.2314, 21.07043
937.7135, 10.65558
938.1956, 7.314331
938.6777, 15.10376
939.1599, 26.26199
939.6420, 24.98489
940.1241, 14.71951
940.6062, 15.86401
941.0883, 37.39902
941.5704, 57.01498
942.0526, 52.03986
942.5347, 37.31943
943.0168, 30.01874
943.4989, 37.32114
943.9810, 45.87610
944.4631, 59.18817
944.9453, 67.55984
945.4274, 55.96710
945.9095, 29.74182
946.3916, 18.80920
946.8737, 27.07828
947.3558, 36.03491
947.8380, 28.45551
948.3201, 17.36722
948.8022, 14.93060
949.2843, 25.92389
949.7664, 31.85721
950.2485, 30.36652
950.7307, 27.74213
951.2128, 27.79791
951.6949, 30.23779
952.1770, 33.35153
952.6591, 37.09930
953.1412, 41.55435
953.6234, 48.68005
954.1055, 54.93738
954.5876, 58.41129
955.0697, 59.57828
955.5518, 55.24591
956.0339, 43.79529
956.5161, 35.04559
956.9982, 34.21448
957.4803, 38.12790
957.9624, 36.36566
958.4445, 29.94418
958.9266, 23.35229
959.4088, 15.95306
959.8909, 12.06155
960.3730, 16.43286
960.8551, 26.27139
961.3372, 33.64215
961.8193, 39.71042
962.3015, 38.37622
962.7836, 25.84552
963.2657, 10.44415
963.7478, 4.279999
964.2299, 6.778625
964.7120, 17.68491
965.1942, 43.54675
965.6763, 63.87674
966.1584, 62.30682
966.6405, 50.56076
967.1226, 44.27664
967.6047, 47.29245
968.0869, 46.82544
968.5690, 41.87836
969.0511, 34.08768
969.5332, 21.50229
970.0153, 9.726868
970.4974, 11.89407
970.9796, 31.62872
971.4617, 46.99753
971.9438, 40.62717
972.4259, 30.06607
972.9080, 26.51535
973.3901, 30.08755
973.8723, 43.60474
974.3544, 70.16943
974.8365, 92.91220
975.3186, 101.6060
975.8007, 98.52017
976.2828, 79.10110
976.7650, 47.40863
977.2471, 31.43594
977.7292, 66.66998
978.2113, 95.83792
978.6934, 88.60828
979.1755, 56.20261
979.6577, 48.16827
980.1398, 66.67126
980.6219, 84.78598
981.1040, 94.63748
981.5861, 95.78912
982.0682, 84.06943
982.5504, 63.52927
983.0325, 42.96674
983.5146, 20.54770
983.9967, 4.883728
984.4788, 2.755768
984.9609, 3.470886
985.4431, 3.648224
985.9252, 18.57245
986.4073, 28.60706
986.8894, 31.39526
987.3715, 30.62967
987.8536, 33.49799
988.3358, 33.40271
988.8179, 18.95950
989.3000, 25.94995
989.7821, 42.73315
990.2642, 15.99286
990.7463, 20.19946
991.2285, 45.24219
991.7106, 59.01788
992.1927, 55.13895
992.6748, 34.14688
993.1569, 18.28189
993.6390, 27.60657
994.1212, 44.27203
994.6033, 59.94836
995.0854, 72.88174
995.5675, 68.66208
996.0496, 37.39963
996.5317, 14.42590
997.0139, 14.57748
997.4960, 27.24591
997.9781, 28.22217
998.4602, 20.74408
998.9423, 15.98599
999.4244, 22.99646
999.9066, 29.42273
1000.389, 28.74240
1000.871, 24.33521
1001.353, 22.35907
1001.835, 23.37982
1002.317, 24.83536
1002.799, 26.95688
1003.281, 27.50806
1003.763, 18.71320
1004.246, 7.904541
1004.728, 9.479584
1005.210, 30.12881
1005.692, 48.42062
1006.174, 52.64926
1006.656, 54.93140
1007.138, 65.30057
1007.620, 84.40298
1008.103, 95.17499
1008.585, 97.35208
1009.067, 94.01138
1009.549, 84.30066
1010.031, 72.41586
1010.513, 64.44421
1010.995, 59.35999
1011.477, 46.24106
1011.959, 9.519440
1012.442, 12.88324
1012.924, 8.094116
1013.406, 15.27805
1013.888, 38.83771
1014.370, 61.21930
1014.852, 75.95282
1015.334, 76.96805
1015.816, 74.95547
1016.299, 77.88544
1016.781, 81.38815
1017.263, 77.85004
1017.745, 61.68643
1018.227, 56.24789
1018.709, 66.76096
1019.191, 76.53836
1019.673, 58.81784
1020.155, 28.94141
1020.638, 19.23920
1021.120, 35.83569
1021.602, 48.65152
1022.084, 40.20587
1022.566, 29.11929
1023.048, 24.57196
1023.530, 26.43896
1024.012, 33.56110
1024.495, 46.11359
1024.977, 57.80533
1025.459, 67.92120
1025.941, 72.79553
1026.423, 63.41095
1026.905, 44.94211
1027.387, 34.56915
1027.869, 46.92111
1028.351, 49.81940
1028.833, 33.57843
1029.316, 11.30554
1029.798, 9.176270
1030.280, 23.12979
1030.762, 36.00006
1031.244, 43.34329
1031.726, 49.92502
1032.208, 59.45026
1032.690, 69.21960
1033.173, 77.30447
1033.655, 85.05176
1034.137, 83.50876
1034.619, 69.72897
1035.101, 59.96466
1035.583, 74.34778
1036.065, 97.58801
1036.547, 103.6909
1037.030, 93.17957
1037.512, 80.67352
1037.994, 70.34341
1038.476, 60.40662
1038.958, 49.08533
1039.440, 38.33267
1039.922, 34.27829
1040.404, 36.85187
1040.886, 47.21463
1041.369, 73.16907
1041.851, 92.72318
1042.333, 79.33841
1042.815, 50.29898
1043.297, 30.19800
1043.779, 23.94772
1044.261, 23.50699
1044.743, 31.10391
1045.225, 38.96719
1045.708, 33.17557
1046.190, 22.85626
1046.672, 35.32132
1047.154, 70.68539
1047.636, 94.67020
1048.118, 89.81851
1048.600, 73.45029
1049.082, 48.28961
1049.565, 17.78094
1050.047, 8.742737
1050.529, 21.75046
1051.011, 30.42822
1051.493, 19.53793
1051.975, 3.830139
1052.457, 0.9808350
1052.939, 0.7794190
1053.422, 0.5993650
1053.904, 13.59961
1054.386, 10.69705
1054.868, 18.50760
1055.350, 28.31187
1055.832, 30.49652
1056.314, 38.08581
1056.796, 41.90414
1057.278, 46.74277
1057.760, 52.03473
1058.243, 52.83984
1058.725, 52.47549
1059.207, 52.92886
1059.689, 54.28354
1060.171, 46.93533
1060.653, 30.18686
1061.135, 16.23096
1061.617, 14.26782
1062.100, 15.42169
1062.582, 5.779419
1063.064, 8.446381
1063.546, 12.76895
1064.028, 3.534485
1064.510, 20.44745
1064.992, 38.66995
1065.474, 53.23032
1065.956, 57.38605
1066.439, 52.47638
1066.921, 39.26712
1067.403, 15.98950
1067.885, 2.974304
1068.367, 25.21103
1068.849, 50.09937
1069.331, 54.95111
1069.813, 40.43268
1070.296, 29.16803
1070.778, 22.27963
1071.260, 22.20288
1071.742, 33.36066
1072.224, 47.55164
1072.706, 59.66336
1073.188, 67.50586
1073.670, 65.49536
1074.152, 39.52380
1074.635, 25.25476
1075.117, 29.57419
1075.599, 41.57800
1076.081, 48.88199
1076.563, 51.25360
1077.045, 43.86508
1077.527, 24.22083
1078.009, 10.77151
1078.491, 17.61292
1078.974, 30.06549
1079.456, 39.69302
1079.938, 46.58578
1080.420, 50.62778
1080.902, 51.84039
1081.384, 51.08826
1081.866, 45.91064
1082.348, 41.74402
1082.831, 49.45667
1083.313, 61.43280
1083.795, 58.56677
1084.277, 25.90469
1084.759, 5.102203
1085.241, 1.082184
1085.723, 7.410522
1086.205, 20.90057
1086.688, 37.15393
1087.170, 48.09113
1087.652, 52.69135
1088.134, 53.56824
1088.616, 48.14325
1089.098, 42.80750
1089.580, 41.39825
1090.062, 42.78809
1090.544, 38.16931
1091.026, 28.41370
1091.509, 24.29059
1091.991, 36.97736
1092.473, 48.81824
1092.955, 50.10785
1093.437, 43.69977
1093.919, 33.76788
1094.401, 16.61578
1094.883, 10.36169
1095.366, 18.10175
1095.848, 29.78198
1096.330, 35.27863
1096.812, 37.24902
1097.294, 41.29407
1097.776, 48.14301
1098.258, 49.81281
1098.740, 35.65234
1099.223, 29.24402
1099.705, 43.72070
1100.187, 68.44598
1100.669, 69.43591
1101.151, 50.96045
1101.633, 30.95654
1102.115, 12.09491
1102.597, 0.2427370
1103.079, 4.1016001E-02
1103.562, 6.327881
1104.044, 11.38251
1104.526, 14.72754
1105.008, 23.24933
1105.490, 38.15985
1105.972, 47.85162
1106.454, 32.00690
1106.936, 15.15179
1107.418, 28.94360
1107.901, 70.24756
1108.383, 82.23383
1108.865, 49.32367
1109.347, 21.79919
1109.829, 14.32776
1110.311, 17.37939
1110.793, 11.30566
1111.275, 3.371094
1111.758, 10.62268
1112.240, 52.26801
1112.722, 78.09406
1113.204, 68.12115
1113.686, 48.57745
1114.168, 36.97589
1114.650, 32.28510
1115.132, 19.59296
1115.615, 0.4624630
1116.097, 8.818054
1116.579, 10.82330
1117.061, 34.32025
1117.543, 51.94122
1118.025, 62.22156
1118.507, 59.62640
1118.989, 42.00610
1119.471, 31.78021
1119.953, 34.84229
1120.436, 39.93842
1120.918, 32.74579
1121.400, 21.14697
1121.882, 15.40735
1122.364, 17.01855
1122.846, 22.23663
1123.328, 34.03284
1123.810, 40.11249
1124.293, 30.83698
1124.775, 13.88904
1125.257, 0.2396850
1125.739, 8.070068
1126.221, 4.998047
1126.703, 28.51807
1127.185, 49.10565
1127.667, 47.53961
1128.150, 36.20209
1128.632, 26.71588
1129.114, 19.89203
1129.596, 20.91083
1130.078, 30.30627
1130.560, 41.98016
1131.042, 65.76813
1131.524, 76.72003
1132.006, 50.05505
1132.489, 0.6839600
1132.971, 7.079773
1133.453, 30.95233
1133.935, 60.00494
1134.417, 59.01581
1134.899, 45.73682
1135.381, 25.09863
1135.863, 6.794922
1136.345, 6.383423
1136.828, 32.89874
1137.310, 45.73065
1137.792, 42.26416
1138.274, 35.87952
1138.756, 34.58026
1139.238, 37.75842
1139.720, 48.30389
1140.202, 63.39612
1140.685, 70.63855
1141.167, 65.54010
1141.649, 54.59766
1142.131, 36.06494
1142.613, 16.47095
1143.095, 2.483948
1143.577, 4.023560
1144.059, 5.410034
1144.542, 35.54498
1145.024, 56.74615
1145.506, 52.11682
1145.988, 40.53168
1146.470, 27.24878
1146.952, 14.08020
1147.434, 12.53607
1147.916, 5.392914
1148.398, 21.95148
1148.880, 5.146240
1149.363, 17.85913
1149.845, 27.19269
1150.327, 85.63477
1150.809, 102.9987
1151.291, 75.39288
1151.773, 50.39990
1152.255, 29.55731
1152.737, 14.22198
1153.219, 1.714050
1153.702, 1.964539
1154.184, 16.77527
1154.666, 51.42822
1155.148, 61.15552
1155.630, 40.05957
1156.112, 19.54895
1156.594, 5.056091
1157.076, 0.6008910
1157.559, 15.84772
1158.041, 38.51642
1158.523, 44.88354
1159.005, 26.28418
1159.487, 15.79138
1159.969, 12.79327
1160.451, 19.07831
1160.933, 44.68182
1161.416, 73.75897
1161.898, 61.94495
1162.380, 24.55975
1162.862, 1.511841
1163.344, 25.67120
1163.826, 37.86523
1164.308, 26.51581
1164.790, 9.070984
1165.272, 4.619263
1165.755, 9.635498
1166.237, 12.83447
1166.719, 13.44440
1167.201, 13.53674
1167.683, 10.87701
1168.165, 12.18549
1168.647, 21.58801
1169.129, 34.97424
1169.611, 40.87329
1170.094, 40.84839
1170.576, 44.13861
1171.058, 56.05707
1171.540, 60.58740
1172.022, 34.44293
1172.504, 8.004272
1172.986, 5.578613
1173.468, 26.73285
1173.951, 46.20184
1174.433, 63.55359
1174.915, 74.37592
1175.397, 75.51660
1175.879, 70.75836
1176.361, 61.49988
1176.843, 48.39893
1177.325, 30.00037
1177.807, 0.1537480
1178.290, 2.686951
1178.772, 27.44501
1179.254, 58.00861
1179.736, 57.32520
1180.218, 45.25323
1180.700, 37.88623
1181.182, 36.58582
1181.664, 43.78094
1182.146, 65.74969
1182.629, 69.99042
1183.111, 42.29364
1183.593, 11.46021
1184.075, 21.68970
1184.557, 49.17480
1185.039, 60.33966
1185.521, 45.00964
1186.003, 38.75555
1186.486, 45.57050
1186.968, 54.70770
1187.450, 64.16266
1187.932, 70.92554
1188.414, 63.13092
1188.896, 46.13721
1189.378, 32.72247
1189.860, 31.59735
1190.343, 23.91223
1190.825, 7.036560
1191.307, 6.230042
1191.789, 2.143982
1192.271, 22.50269
1192.753, 32.47235
1193.235, 31.77789
1193.717, 26.34052
1194.199, 8.959167
1194.682, 1.759094
1195.164, 9.428284
1195.646, 27.00415
1196.128, 54.62677
1196.610, 84.56287
1197.092, 91.97363
1197.574, 71.91785
1198.056, 49.74213
1198.538, 31.48199
1199.021, 21.22992
1199.503, 20.03717
1199.985, 28.43835
1200.467, 56.74738
1200.949, 97.06769
1201.431, 113.1057
1201.913, 80.84918
1202.395, 48.84100
1202.878, 31.68262
1203.360, 29.08276
1203.842, 48.32111
1204.324, 85.59338
1204.806, 92.17889
1205.288, 73.12836
1205.770, 56.90845
1206.252, 66.40387
1206.734, 76.21417
1207.217, 71.10834
1207.699, 60.91681
1208.181, 57.18463
1208.663, 59.46802
1209.145, 63.35791
1209.627, 68.47290
1210.109, 73.99554
1210.591, 85.22375
1211.073, 88.86890
1211.556, 76.26410
1212.038, 54.81439
1212.520, 47.49884
1213.002, 53.69922
1213.484, 60.60760
1213.966, 63.55676
1214.448, 65.85016
1214.930, 79.94727
1215.413, 85.87854
1215.895, 56.05096
1216.377, 5.622681
1216.859, 10.04987
1217.341, 43.26703
1217.823, 78.13440
1218.305, 42.49982
1218.787, 5.889893
1219.270, 35.94635
1219.752, 88.94861
1220.234, 107.0772
1220.716, 80.39172
1221.198, 72.45312
1221.680, 84.11053
1222.162, 92.66187
1222.644, 77.54712
1223.126, 58.12018
1223.609, 38.97461
1224.091, 24.06506
1224.573, 26.32391
1225.055, 33.81110
1225.537, 40.31830
1226.019, 40.33899
1226.501, 35.06586
1226.983, 15.88239
1227.465, 0.5018310
1227.948, 7.308228
1228.430, 34.96265
1228.912, 47.24707
1229.394, 30.15930
1229.876, 14.82104
1230.358, 0.0000000E+00
##END=



