##NAMES=Gersdorffite
##RRUFFID=R070341
##IDEAL CHEMISTRY=Ni^3+^(AsS)^3-^
##LOCALITY=Lubietová (Libethen), Banská Bystrica (Neusohl) District, Banskobystrický kraj, Slovak Republic
##OWNER=RRUFF
##SOURCE=Michael Scott
##DESCRIPTION=Grey metallic massive vein associated with siderite. Structure refined to determine space group.
##STATUS=The identification of this mineral has been confirmed only by single crystal X-ray diffraction.
##URL=rruff.info/R070341
165.8563, 0.0000000E+00
166.3384, 17.16113
166.8205, 27.81677
167.3026, 34.79895
167.7847, 30.40295
168.2668, 12.72583
168.7490, 1.012207
169.2311, 0.3282470
169.7132, 2.610168
170.1953, 13.02960
170.6774, 28.47198
171.1595, 43.34570
171.6417, 39.17310
172.1238, 28.85144
172.6059, 26.51001
173.0880, 36.37463
173.5701, 40.52966
174.0522, 36.15015
174.5344, 27.00330
175.0165, 16.54346
175.4986, 6.004883
175.9807, 2.363403
176.4628, 0.4930420
176.9449, 24.42780
177.4271, 42.54669
177.9092, 41.65588
178.3913, 29.85956
178.8734, 17.69019
179.3555, 7.855835
179.8376, 0.4464720
180.3197, 3.0456999E-02
180.8019, 12.07483
181.2840, 23.11475
181.7661, 27.06348
182.2482, 28.07574
182.7303, 32.00903
183.2124, 42.79211
183.6946, 56.43201
184.1767, 62.23383
184.6588, 54.82343
185.1409, 49.58160
185.6230, 50.88483
186.1051, 55.81824
186.5873, 61.73529
187.0694, 67.74915
187.5515, 72.60638
188.0336, 73.61322
188.5157, 67.55414
188.9978, 65.02283
189.4800, 72.77545
189.9621, 82.25214
190.4442, 83.58142
190.9263, 72.38922
191.4084, 55.13318
191.8905, 40.79626
192.3727, 27.65649
192.8548, 23.69476
193.3369, 31.38092
193.8190, 43.25397
194.3011, 55.95648
194.7832, 69.59216
195.2654, 82.82306
195.7475, 89.01959
196.2296, 85.56683
196.7117, 83.14337
197.1938, 79.82355
197.6759, 75.98407
198.1581, 71.52768
198.6402, 66.50647
199.1223, 60.86337
199.6044, 54.08640
200.0865, 43.43384
200.5686, 37.71515
201.0508, 38.80139
201.5329, 42.96832
202.0150, 48.24472
202.4971, 53.66443
202.9792, 58.12057
203.4613, 59.79758
203.9435, 55.92929
204.4256, 55.12848
204.9077, 61.96820
205.3898, 68.81976
205.8719, 70.39902
206.3540, 65.71796
206.8362, 57.51422
207.3183, 48.70853
207.8004, 37.72049
208.2825, 31.44592
208.7646, 32.73389
209.2467, 35.56662
209.7289, 37.62347
210.2110, 38.07788
210.6931, 36.25504
211.1752, 30.54825
211.6573, 19.31424
212.1395, 10.96518
212.6216, 5.974121
213.1037, 2.950500
213.5858, 1.926270
214.0679, 2.743896
214.5500, 5.038513
215.0322, 9.181305
215.5143, 16.31613
215.9964, 18.64542
216.4785, 8.317291
216.9606, 0.3712460
217.4427, 3.708801
217.9249, 15.10858
218.4070, 24.08438
218.8891, 20.84067
219.3712, 4.888550
219.8533, 6.044525
220.3354, 8.539215
220.8176, 8.824829
221.2997, 7.074524
221.7818, 4.434326
222.2639, 2.566132
222.7460, 2.627197
223.2281, 4.563965
223.7103, 4.458954
224.1924, 7.554047
224.6745, 8.866425
225.1566, 5.477081
225.6387, 2.4658000E-02
226.1208, 3.112274
226.6030, 1.016357
227.0851, 4.446381
227.5672, 5.350555
228.0493, 2.160126
228.5314, 9.434723
229.0135, 16.18512
229.4957, 21.45206
229.9778, 23.82999
230.4599, 22.64203
230.9420, 19.31076
231.4241, 17.21301
231.9062, 16.95544
232.3884, 16.89999
232.8705, 17.23938
233.3526, 17.35419
233.8347, 15.94830
234.3168, 13.22598
234.7989, 11.05804
235.2811, 12.88977
235.7632, 21.43051
236.2453, 27.11835
236.7274, 27.48193
237.2095, 26.21533
237.6916, 25.05322
238.1738, 24.73856
238.6559, 26.02966
239.1380, 30.58020
239.6201, 40.52100
240.1022, 45.34729
240.5843, 38.03806
241.0665, 31.00455
241.5486, 30.65472
242.0307, 36.82358
242.5128, 44.95947
242.9949, 51.21451
243.4770, 55.56165
243.9592, 58.70062
244.4413, 60.14444
244.9234, 60.66141
245.4055, 59.63196
245.8876, 57.81332
246.3697, 56.89249
246.8519, 58.24054
247.3340, 61.67590
247.8161, 65.52750
248.2982, 72.28220
248.7803, 75.72308
249.2624, 70.92223
249.7446, 62.17065
250.2267, 56.47519
250.7088, 58.05350
251.1909, 64.68765
251.6730, 69.84946
252.1551, 72.97354
252.6373, 75.71884
253.1194, 79.02039
253.6015, 82.10835
254.0836, 83.82581
254.5657, 83.50185
255.0478, 82.66582
255.5300, 84.41022
256.0121, 90.00250
256.4942, 93.30652
256.9763, 90.92966
257.4584, 86.47571
257.9406, 81.27728
258.4227, 75.50006
258.9048, 72.11926
259.3869, 76.48772
259.8690, 89.14725
260.3511, 96.49512
260.8333, 92.46820
261.3154, 85.15819
261.7975, 79.31393
262.2796, 75.35965
262.7617, 73.83865
263.2438, 77.24657
263.7260, 84.23535
264.2081, 86.57672
264.6902, 81.21176
265.1723, 74.36514
265.6544, 70.23138
266.1365, 68.34207
266.6187, 67.45013
267.1008, 66.32169
267.5829, 65.86510
268.0650, 69.16766
268.5471, 77.96762
269.0292, 85.04233
269.5114, 83.16864
269.9935, 76.24985
270.4756, 70.63770
270.9577, 68.29654
271.4398, 67.71400
271.9219, 67.36961
272.4041, 67.29221
272.8862, 67.88739
273.3683, 70.35934
273.8504, 73.03864
274.3325, 72.72885
274.8146, 67.84631
275.2968, 62.71057
275.7789, 60.00621
276.2610, 59.18069
276.7431, 58.51953
277.2252, 57.56837
277.7073, 55.65439
278.1895, 52.35138
278.6716, 47.42009
279.1537, 43.35139
279.6358, 41.13608
280.1179, 40.31895
280.6000, 40.43504
281.0822, 41.44725
281.5643, 42.42070
282.0464, 41.99031
282.5285, 40.25258
283.0106, 37.74710
283.4927, 32.65582
283.9749, 27.95935
284.4570, 27.18904
284.9391, 30.06046
285.4212, 32.93962
285.9033, 33.13972
286.3854, 30.33296
286.8676, 27.73332
287.3497, 25.29492
287.8318, 23.00119
288.3139, 20.01744
288.7960, 17.04286
289.2781, 16.13051
289.7603, 18.61847
290.2424, 23.71133
290.7245, 28.05580
291.2066, 32.52306
291.6887, 35.24887
292.1708, 33.87607
292.6530, 31.31960
293.1351, 31.79860
293.6172, 36.76750
294.0993, 43.50131
294.5814, 47.18004
295.0635, 46.46606
295.5457, 44.86360
296.0278, 41.62759
296.5099, 38.11922
296.9920, 34.51195
297.4741, 31.31071
297.9562, 30.21190
298.4384, 33.67398
298.9205, 43.07635
299.4026, 47.35045
299.8847, 42.08777
300.3668, 36.34116
300.8489, 31.68910
301.3310, 28.98250
301.8131, 29.66760
302.2953, 35.28580
302.7774, 44.45940
303.2595, 49.85863
303.7416, 49.41386
304.2237, 47.76802
304.7058, 43.99240
305.1880, 40.49339
305.6701, 40.21904
306.1522, 44.36952
306.6343, 50.66827
307.1164, 56.30835
307.5985, 62.30809
308.0807, 63.28120
308.5628, 51.63988
309.0449, 39.34193
309.5270, 33.85898
310.0091, 35.66800
310.4912, 39.76065
310.9734, 42.09142
311.4555, 42.85410
311.9376, 44.29607
312.4197, 47.51524
312.9018, 49.98439
313.3839, 49.51218
313.8661, 47.12019
314.3482, 45.46513
314.8303, 47.05602
315.3124, 49.52359
315.7945, 48.07047
316.2766, 42.00108
316.7588, 36.16757
317.2409, 32.73222
317.7230, 31.55609
318.2051, 32.43655
318.6872, 36.22470
319.1693, 40.46617
319.6515, 44.13190
320.1336, 46.93367
320.6157, 47.49724
321.0978, 45.10605
321.5799, 40.70078
322.0620, 35.02887
322.5442, 27.64989
323.0263, 21.73271
323.5084, 17.75925
323.9905, 15.92621
324.4726, 17.01891
324.9547, 21.15532
325.4369, 26.46198
325.9190, 31.67819
326.4011, 36.85808
326.8832, 39.30797
327.3653, 36.64339
327.8474, 33.51884
328.3296, 33.12613
328.8117, 34.58774
329.2938, 34.56285
329.7759, 30.76945
330.2580, 24.52591
330.7401, 21.94820
331.2223, 29.28386
331.7044, 32.53822
332.1865, 25.81485
332.6686, 16.30528
333.1507, 12.19257
333.6328, 15.82317
334.1150, 23.05840
334.5971, 28.10426
335.0792, 31.12592
335.5613, 31.20461
336.0434, 24.24637
336.5255, 18.31255
337.0077, 17.91982
337.4898, 22.44908
337.9719, 28.80641
338.4540, 35.26445
338.9361, 41.47903
339.4182, 44.02213
339.9004, 40.34142
340.3825, 36.92261
340.8646, 36.30853
341.3467, 36.62852
341.8288, 35.14012
342.3109, 30.53749
342.7931, 25.21152
343.2752, 22.57922
343.7573, 22.71330
344.2394, 24.87354
344.7215, 30.98640
345.2036, 37.58374
345.6858, 42.59737
346.1679, 45.82001
346.6500, 45.86884
347.1321, 39.38431
347.6142, 29.17592
348.0963, 23.07114
348.5785, 22.39957
349.0606, 23.73047
349.5427, 25.62608
350.0248, 27.61319
350.5069, 28.02356
350.9890, 25.61938
351.4712, 22.06804
351.9533, 18.14168
352.4354, 14.15494
352.9175, 11.85431
353.3996, 12.44597
353.8817, 14.78935
354.3639, 15.92081
354.8460, 15.49315
355.3281, 15.27409
355.8102, 16.05124
356.2923, 16.76794
356.7744, 16.52904
357.2566, 15.10439
357.7387, 13.09439
358.2208, 11.21519
358.7029, 9.647415
359.1850, 7.118362
359.6671, 1.599136
360.1493, 2.555023
360.6314, 3.086578
361.1135, 1.133209
361.5956, 2.091766
362.0777, 6.289124
362.5598, 10.45735
363.0420, 10.68271
363.5241, 3.219696
364.0062, 2.249390
364.4883, 4.321869
364.9704, 4.329712
365.4525, 2.736374
365.9347, 9.6771002E-02
366.4168, 2.820709
366.8989, 3.498154
367.3810, 1.923569
367.8631, 1.740952
368.3452, 4.673416
368.8274, 7.082336
369.3095, 6.700272
369.7916, 4.421005
370.2737, 2.439163
370.7558, 1.867096
371.2379, 2.081161
371.7201, 1.595886
372.2022, 0.1467440
372.6843, 0.8151090
373.1664, 7.610046
373.6485, 15.53505
374.1306, 16.40926
374.6128, 7.795486
375.0949, 4.9270999E-02
375.5770, 0.5333560
376.0591, 3.412155
376.5412, 6.733307
377.0233, 8.346222
377.5055, 9.708084
377.9876, 12.82082
378.4697, 17.95515
378.9518, 19.96709
379.4339, 14.96979
379.9160, 10.22261
380.3982, 11.16234
380.8803, 16.04160
381.3624, 19.43683
381.8445, 18.27141
382.3266, 14.16255
382.8087, 11.96983
383.2909, 13.85117
383.7730, 14.92270
384.2551, 14.77577
384.7372, 13.98965
385.2193, 12.68011
385.7014, 11.07280
386.1836, 9.909760
386.6657, 10.20242
387.1478, 12.08057
387.6299, 12.73502
388.1120, 10.79105
388.5941, 9.177383
389.0763, 8.766907
389.5584, 9.322571
390.0405, 10.63615
390.5226, 12.84625
391.0047, 15.03438
391.4868, 15.93176
391.9690, 15.54297
392.4511, 13.68982
392.9332, 8.674911
393.4153, 3.619232
393.8974, 1.508698
394.3795, 2.347931
394.8617, 4.071762
395.3438, 7.386658
395.8259, 10.36212
396.3080, 8.549301
396.7901, 1.251236
397.2722, 5.098068
397.7544, 5.826492
398.2365, 1.714645
398.7186, 1.962799
399.2007, 7.362396
399.6828, 9.938065
400.1649, 4.888458
400.6471, 3.447266
401.1292, 7.535629
401.6113, 4.895370
402.0934, 1.090591
402.5755, 5.747192
403.0576, 9.396851
403.5398, 10.32918
404.0219, 6.496674
404.5040, 2.251984
404.9861, 0.6717680
405.4682, 2.131973
405.9503, 2.190063
406.4325, 0.6873930
406.9146, 1.729736
407.3967, 2.375809
407.8788, 0.8595580
408.3609, 1.441986
408.8430, 4.838501
409.3252, 12.10294
409.8073, 15.99490
410.2894, 15.78935
410.7715, 13.11319
411.2536, 7.943054
411.7357, 1.083389
412.2179, 3.223312
412.7000, 4.570389
413.1821, 3.642609
413.6642, 1.413391
414.1463, 8.287460
414.6284, 12.02878
415.1106, 10.08047
415.5927, 6.789902
416.0748, 5.470139
416.5569, 5.425537
417.0390, 3.699844
417.5211, 1.192184
418.0033, 5.144135
418.4854, 1.240707
418.9675, 14.83003
419.4496, 23.14090
419.9317, 15.66042
420.4138, 6.372803
420.8960, 5.193878
421.3781, 10.79114
421.8602, 16.33125
422.3423, 17.39464
422.8244, 15.11163
423.3065, 14.23416
423.7887, 16.78336
424.2708, 17.48706
424.7529, 13.91759
425.2350, 9.705582
425.7171, 8.201630
426.1992, 9.667725
426.6814, 11.44928
427.1635, 10.15532
427.6456, 6.254166
428.1277, 6.101532
428.6098, 11.98021
429.0919, 17.24080
429.5741, 17.45485
430.0562, 15.16354
430.5383, 14.15163
431.0204, 15.74370
431.5025, 17.78419
431.9846, 18.27266
432.4668, 17.74152
432.9489, 18.51727
433.4310, 21.72473
433.9131, 24.75020
434.3952, 24.18007
434.8773, 19.61572
435.3595, 15.36436
435.8416, 7.536346
436.3237, 3.793549
436.8058, 13.54115
437.2879, 31.31987
437.7701, 43.13451
438.2522, 41.61691
438.7343, 31.07130
439.2164, 22.09978
439.6985, 14.01509
440.1806, 9.028656
440.6628, 8.561829
441.1449, 9.579819
441.6270, 10.90060
442.1091, 11.99799
442.5912, 12.02495
443.0733, 9.422577
443.5555, 5.473145
444.0376, 5.815186
444.5197, 12.68907
445.0018, 17.55278
445.4839, 14.48834
445.9660, 9.197525
446.4482, 7.460709
446.9303, 10.30736
447.4124, 14.24080
447.8945, 18.72136
448.3766, 22.20120
448.8587, 20.08281
449.3409, 11.49803
449.8230, 4.859741
450.3051, 7.972336
450.7872, 19.53624
451.2693, 25.54883
451.7514, 21.41733
452.2336, 17.57466
452.7157, 19.00438
453.1978, 22.21455
453.6799, 21.31270
454.1620, 14.94920
454.6441, 7.943451
455.1263, 6.799957
455.6084, 13.49446
456.0905, 16.89398
456.5726, 12.57681
457.0547, 9.069992
457.5368, 9.730682
458.0190, 12.69585
458.5011, 14.51686
458.9832, 13.65732
459.4653, 12.21291
459.9474, 13.42818
460.4295, 17.13063
460.9117, 18.58711
461.3938, 15.32030
461.8759, 11.68539
462.3580, 12.35104
462.8401, 16.34558
463.3222, 18.73669
463.8044, 16.45946
464.2865, 13.57529
464.7686, 13.33910
465.2507, 15.48584
465.7328, 19.73720
466.2149, 26.78954
466.6971, 33.44920
467.1792, 32.63808
467.6613, 18.39082
468.1434, 9.095291
468.6255, 7.299942
469.1076, 8.123749
469.5898, 9.289078
470.0719, 10.25667
470.5540, 11.22351
471.0361, 12.33194
471.5182, 13.82428
472.0003, 16.30392
472.4825, 21.12706
472.9646, 23.07248
473.4467, 19.24893
473.9288, 13.34764
474.4109, 6.089905
474.8930, 1.817352
475.3752, 6.813614
475.8573, 5.385010
476.3394, 2.4277000E-02
476.8215, 5.042007
477.3036, 9.395615
477.7857, 12.57684
478.2679, 14.03160
478.7500, 14.37662
479.2321, 15.27007
479.7142, 17.50618
480.1963, 18.25450
480.6784, 15.80104
481.1606, 12.41905
481.6427, 9.894196
482.1248, 8.483459
482.6069, 7.987335
483.0890, 8.372620
483.5711, 9.407455
484.0533, 9.721054
484.5354, 8.250809
485.0175, 7.846390
485.4996, 10.66115
485.9817, 13.34410
486.4638, 12.64543
486.9460, 8.546600
487.4281, 4.317032
487.9102, 1.887573
488.3923, 1.310547
488.8744, 3.788940
489.3565, 10.21342
489.8387, 14.27846
490.3208, 10.61865
490.8029, 3.715988
491.2850, 3.394287
491.7671, 12.52159
492.2492, 19.81752
492.7314, 20.34668
493.2135, 17.66322
493.6956, 15.46172
494.1777, 14.19696
494.6598, 12.74034
495.1419, 9.947220
495.6241, 6.358887
496.1062, 5.465942
496.5883, 9.008118
497.0704, 12.97917
497.5525, 20.06696
498.0346, 25.32320
498.5168, 22.92480
498.9989, 13.35017
499.4810, 3.880112
499.9631, 0.9064030
500.4452, 2.813843
500.9273, 3.571838
501.4095, 2.889877
501.8916, 2.293274
502.3737, 2.995300
502.8558, 3.802887
503.3379, 2.632980
503.8200, 1.172592
504.3022, 4.295776
504.7843, 6.053955
505.2664, 6.149353
505.7485, 3.359116
506.2306, 1.918137
506.7127, 6.965317
507.1949, 10.01752
507.6770, 11.34489
508.1591, 12.17058
508.6412, 11.59973
509.1233, 12.47818
509.6054, 17.26131
510.0876, 20.88586
510.5697, 17.77136
511.0518, 9.059875
511.5339, 1.547165
512.0161, 0.5726170
512.4982, 3.997955
512.9803, 6.093506
513.4624, 6.638611
513.9445, 7.226257
514.4266, 8.981918
514.9088, 10.50969
515.3909, 9.413971
515.8730, 5.347412
516.3551, 3.128860
516.8372, 6.052734
517.3193, 10.11012
517.8015, 11.49747
518.2836, 10.50279
518.7657, 9.212814
519.2478, 8.695465
519.7299, 8.718292
520.2120, 8.632141
520.6942, 7.442337
521.1763, 8.128754
521.6584, 12.14813
522.1405, 16.44078
522.6226, 20.76569
523.1047, 23.98863
523.5869, 23.30498
524.0690, 16.05280
524.5511, 6.843903
525.0332, 3.773407
525.5153, 6.799362
525.9974, 9.295120
526.4796, 9.847641
526.9617, 9.147018
527.4438, 6.989029
527.9259, 3.667221
528.4080, 2.430466
528.8901, 5.483948
529.3723, 9.013855
529.8544, 10.92395
530.3365, 11.65433
530.8186, 11.73981
531.3007, 11.42848
531.7828, 11.89951
532.2650, 15.30196
532.7471, 22.45398
533.2292, 25.75124
533.7113, 22.59778
534.1934, 19.50371
534.6755, 18.37048
535.1577, 18.04105
535.6398, 16.94238
536.1219, 14.57524
536.6040, 11.84569
537.0861, 9.290085
537.5682, 7.045334
538.0504, 5.521790
538.5325, 4.750732
539.0146, 4.977158
539.4967, 6.921371
539.9788, 9.983978
540.4609, 11.15216
540.9431, 8.031357
541.4252, 6.519638
541.9073, 9.485031
542.3894, 13.50182
542.8715, 15.22388
543.3536, 14.45720
543.8358, 13.14064
544.3179, 13.05724
544.8000, 13.79062
545.2821, 12.56355
545.7642, 8.794418
546.2463, 5.923065
546.7285, 5.436264
547.2106, 5.815247
547.6926, 5.366211
548.1747, 4.291580
548.6569, 5.268265
549.1390, 12.86925
549.6211, 20.72972
550.1032, 20.35657
550.5853, 13.51195
551.0674, 8.338242
551.5496, 8.134521
552.0317, 10.62080
552.5138, 12.14238
552.9959, 12.26428
553.4780, 12.91054
553.9601, 15.28154
554.4423, 16.82893
554.9244, 15.90210
555.4065, 13.66403
555.8886, 11.74620
556.3707, 10.71780
556.8528, 10.77762
557.3350, 13.33867
557.8171, 17.78723
558.2992, 18.65887
558.7813, 13.97372
559.2634, 9.082581
559.7455, 8.361954
560.2277, 10.49820
560.7098, 10.86450
561.1919, 7.830276
561.6740, 5.639542
562.1561, 6.382065
562.6382, 8.227982
563.1204, 9.661575
563.6025, 10.47607
564.0846, 10.69647
564.5667, 10.08261
565.0488, 8.479874
565.5309, 4.666962
566.0131, 4.084427
566.4952, 8.132538
566.9773, 1.034531
567.4594, 7.502182
567.9415, 12.02623
568.4236, 12.62927
568.9058, 11.29898
569.3879, 7.109192
569.8700, 2.854034
570.3521, 1.742798
570.8342, 3.005676
571.3163, 4.205185
571.7985, 4.570511
572.2806, 5.089569
572.7627, 7.349869
573.2448, 11.90961
573.7269, 12.90028
574.2090, 5.010254
574.6912, 8.7981999E-02
575.1733, 4.376572
575.6554, 11.41988
576.1375, 12.99222
576.6196, 7.712173
577.1017, 2.475266
577.5839, 5.122772
578.0660, 12.80011
578.5481, 15.46677
579.0302, 12.50215
579.5123, 8.640579
579.9944, 5.425705
580.4766, 3.094254
580.9587, 2.348816
581.4408, 3.431122
581.9229, 4.658035
582.4050, 5.631989
582.8871, 6.825485
583.3693, 8.540039
583.8514, 10.73151
584.3335, 13.72722
584.8156, 17.68010
585.2977, 21.05701
585.7798, 20.87524
586.2620, 16.72508
586.7441, 13.78798
587.2262, 12.38364
587.7083, 12.02234
588.1904, 12.97878
588.6725, 14.63834
589.1547, 16.27974
589.6368, 18.48367
590.1189, 18.87677
590.6010, 14.78386
591.0831, 9.067444
591.5652, 5.211731
592.0474, 3.493561
592.5295, 2.740356
593.0116, 2.206558
593.4937, 2.044006
593.9758, 2.704651
594.4579, 4.181061
594.9401, 6.492035
595.4222, 11.93349
595.9043, 16.07860
596.3864, 15.85452
596.8685, 12.54860
597.3506, 9.528275
597.8328, 8.013092
598.3149, 7.225937
598.7970, 6.232712
599.2791, 5.435440
599.7612, 6.755783
600.2433, 10.58165
600.7255, 12.42914
601.2076, 7.451584
601.6897, 2.828140
602.1718, 5.897400
602.6539, 5.932800
603.1360, 14.64204
603.6182, 17.21170
604.1003, 17.55914
604.5824, 19.09966
605.0645, 21.36488
605.5466, 20.94995
606.0287, 14.32317
606.5109, 6.108536
606.9930, 4.137802
607.4751, 7.536499
607.9572, 9.007050
608.4393, 6.274414
608.9214, 3.101028
609.4036, 3.559784
609.8857, 7.668869
610.3678, 9.874146
610.8499, 8.259628
611.3320, 8.780594
611.8141, 14.87787
612.2963, 20.98859
612.7784, 21.47534
613.2605, 16.52274
613.7426, 10.41808
614.2247, 6.087585
614.7068, 3.143066
615.1890, 0.1392210
615.6711, 3.049805
616.1532, 2.953995
616.6353, 2.884552
617.1174, 9.745880
617.5995, 12.03401
618.0817, 9.637680
618.5638, 8.115738
619.0459, 7.596863
619.5280, 8.077194
620.0101, 10.63496
620.4922, 13.66107
620.9744, 15.10829
621.4565, 14.65704
621.9386, 13.36794
622.4207, 11.53717
622.9028, 9.909668
623.3849, 12.63106
623.8671, 20.80849
624.3492, 24.77715
624.8313, 19.90965
625.3134, 12.66432
625.7955, 11.58989
626.2776, 16.27426
626.7598, 20.17706
627.2419, 23.89499
627.7240, 25.02069
628.2061, 19.32426
628.6882, 11.45604
629.1703, 9.193192
629.6525, 13.69818
630.1346, 18.55818
630.6167, 17.08510
631.0988, 10.63052
631.5809, 6.673050
632.0630, 5.437561
632.5452, 5.857819
633.0273, 8.503448
633.5094, 11.89429
633.9915, 14.75264
634.4736, 17.06590
634.9557, 18.12679
635.4379, 16.87259
635.9200, 15.28166
636.4021, 14.15297
636.8842, 13.52988
637.3663, 13.54362
637.8484, 14.15888
638.3306, 14.96791
638.8127, 15.60748
639.2948, 16.08139
639.7769, 16.58397
640.2590, 17.51056
640.7411, 16.91817
641.2233, 12.68971
641.7054, 8.228378
642.1875, 7.467484
642.6696, 10.07658
643.1517, 12.02560
643.6339, 11.02850
644.1160, 10.72433
644.5981, 14.43880
645.0802, 19.61612
645.5623, 22.24403
646.0444, 21.55905
646.5266, 19.57800
647.0087, 18.05437
647.4908, 16.87561
647.9729, 15.19531
648.4550, 12.46005
648.9371, 11.63243
649.4193, 14.73738
649.9014, 18.64180
650.3835, 20.85132
650.8656, 21.37912
651.3477, 20.05316
651.8298, 13.75943
652.3120, 9.109756
652.7941, 11.35477
653.2762, 16.04143
653.7583, 16.28667
654.2404, 11.69267
654.7225, 8.110291
655.2047, 10.76768
655.6868, 17.33665
656.1689, 19.53889
656.6510, 16.39201
657.1331, 15.09381
657.6152, 18.12369
658.0974, 21.98953
658.5795, 24.15634
659.0616, 24.62970
659.5437, 22.90692
660.0258, 14.97615
660.5079, 10.27020
660.9901, 14.14656
661.4722, 20.66573
661.9543, 23.62587
662.4364, 22.71252
662.9185, 20.87279
663.4006, 19.84634
663.8828, 19.70909
664.3649, 21.75925
664.8470, 26.19139
665.3291, 25.74265
665.8112, 17.46040
666.2933, 8.558411
666.7755, 5.182556
667.2576, 5.631210
667.7397, 2.092117
668.2218, 11.60591
668.7039, 19.25844
669.1860, 14.26787
669.6682, 4.959198
670.1503, 3.528564
670.6324, 10.48973
671.1145, 16.68785
671.5966, 22.48003
672.0787, 26.66882
672.5609, 27.05772
673.0430, 23.99951
673.5251, 19.71950
674.0072, 14.19835
674.4893, 10.60881
674.9714, 10.95036
675.4536, 13.75104
675.9357, 15.26914
676.4178, 15.11319
676.8999, 14.50687
677.3820, 13.23589
677.8641, 11.76584
678.3463, 9.247498
678.8284, 7.065079
679.3105, 7.650101
679.7926, 11.77010
680.2747, 17.11452
680.7568, 23.26953
681.2390, 28.58109
681.7211, 27.81354
682.2032, 21.13094
682.6853, 15.04778
683.1674, 12.26804
683.6495, 11.77309
684.1317, 12.19746
684.6138, 13.87828
685.0959, 14.67880
685.5780, 13.59676
686.0601, 12.84024
686.5422, 12.67882
687.0244, 13.25946
687.5065, 15.32729
687.9886, 18.70224
688.4707, 20.97324
688.9528, 20.30066
689.4349, 18.19298
689.9171, 16.01682
690.3992, 13.84036
690.8813, 11.65546
691.3634, 9.480148
691.8455, 7.917877
692.3276, 7.684860
692.8098, 8.606934
693.2919, 9.180862
693.7740, 9.406525
694.2561, 9.255310
694.7382, 7.392044
695.2203, 6.376785
695.7025, 8.820374
696.1846, 13.92465
696.6667, 17.88448
697.1488, 18.49783
697.6309, 18.53987
698.1130, 20.25000
698.5952, 22.21092
699.0773, 22.14561
699.5594, 20.05307
700.0415, 17.70775
700.5236, 16.05798
701.0057, 15.10811
701.4879, 15.09302
701.9700, 16.07913
702.4521, 16.40077
702.9342, 14.90778
703.4163, 14.92567
703.8984, 20.31306
704.3806, 27.73126
704.8627, 28.40895
705.3448, 18.47455
705.8269, 13.37631
706.3090, 20.49820
706.7911, 27.73320
707.2733, 26.68547
707.7554, 21.11856
708.2375, 18.68054
708.7196, 21.48906
709.2017, 23.67146
709.6838, 17.70467
710.1660, 7.356506
710.6481, 2.129929
711.1302, 1.992966
711.6123, 4.492188
712.0944, 9.233688
712.5765, 14.29942
713.0587, 17.25104
713.5408, 17.98091
714.0229, 18.88048
714.5050, 19.51556
714.9871, 20.93944
715.4692, 25.03844
715.9514, 28.62965
716.4335, 28.42429
716.9156, 25.09171
717.3977, 22.45160
717.8798, 21.93506
718.3619, 22.77553
718.8441, 25.87044
719.3262, 29.32286
719.8083, 28.72250
720.2904, 24.33527
720.7725, 21.85699
721.2546, 25.46391
721.7368, 31.98630
722.2189, 33.33229
722.7010, 28.55830
723.1831, 25.37074
723.6652, 25.75336
724.1473, 25.06885
724.6295, 18.35139
725.1116, 9.661148
725.5937, 7.579483
726.0758, 14.07646
726.5579, 17.22664
727.0400, 14.37141
727.5222, 10.22986
728.0043, 3.997025
728.4864, 1.265793
728.9685, 0.4889220
729.4506, 10.15273
729.9327, 19.66508
730.4149, 21.07303
730.8970, 17.61786
731.3791, 15.53232
731.8612, 14.90413
732.3433, 14.31999
732.8254, 13.42273
733.3076, 11.97575
733.7897, 9.368362
734.2718, 5.867050
734.7539, 4.966568
735.2360, 8.181061
735.7181, 11.50014
736.2003, 15.30894
736.6824, 18.32774
737.1645, 19.73782
737.6466, 19.72733
738.1287, 18.78540
738.6108, 16.65439
739.0930, 14.56387
739.5751, 12.57837
740.0572, 11.41628
740.5393, 12.40504
741.0214, 15.04453
741.5035, 18.03130
741.9857, 20.75075
742.4678, 21.97200
742.9499, 18.89645
743.4320, 11.98839
743.9141, 7.670654
744.3962, 6.141312
744.8784, 6.696976
745.3605, 9.824234
745.8426, 13.78308
746.3247, 16.08542
746.8068, 16.46429
747.2889, 17.76605
747.7711, 22.37210
748.2532, 24.79007
748.7353, 22.06375
749.2174, 17.85904
749.6995, 14.99196
750.1816, 13.73285
750.6638, 13.95493
751.1459, 16.76445
751.6280, 18.77567
752.1101, 16.50208
752.5922, 11.33861
753.0743, 4.436249
753.5565, 3.196121
754.0386, 6.915421
754.5207, 3.258316
755.0028, 3.085663
755.4849, 4.019547
755.9670, 1.516953
756.4492, 1.725357
756.9313, 5.993561
757.4134, 13.14078
757.8955, 16.97440
758.3776, 17.56903
758.8597, 13.25557
759.3419, 3.059296
759.8240, 1.369690
760.3061, 7.140839
760.7882, 14.09798
761.2703, 11.73854
761.7524, 6.613205
762.2346, 6.193054
762.7167, 10.61533
763.1988, 14.88550
763.6809, 16.61499
764.1630, 16.17738
764.6451, 12.18538
765.1273, 6.685196
765.6094, 5.157135
766.0915, 8.085480
766.5736, 12.31126
767.0557, 16.12454
767.5378, 18.94276
768.0200, 18.99408
768.5021, 15.50490
768.9842, 14.04060
769.4663, 15.76155
769.9484, 17.27617
770.4305, 17.73065
770.9127, 16.75505
771.3948, 12.89687
771.8769, 5.708298
772.3590, 1.700012
772.8411, 4.283249
773.3232, 7.015778
773.8054, 6.795624
774.2875, 5.816269
774.7696, 7.571091
775.2517, 11.62169
775.7338, 14.19559
776.2159, 12.65219
776.6981, 10.01506
777.1802, 9.315231
777.6623, 10.19582
778.1444, 12.70464
778.6265, 16.38948
779.1086, 18.33786
779.5908, 16.88005
780.0729, 12.98207
780.5550, 7.213638
781.0371, 1.228165
781.5192, 2.226105
782.0013, 7.973114
782.4835, 15.59479
782.9656, 14.66008
783.4477, 9.332031
783.9298, 3.349060
784.4119, 3.435745
784.8940, 5.040771
785.3762, 3.849808
785.8583, 11.40335
786.3404, 15.57961
786.8225, 16.24141
787.3046, 9.728271
787.7867, 0.5869290
788.2689, 3.974976
788.7510, 6.254578
789.2331, 17.23256
789.7152, 16.72475
790.1973, 10.66820
790.6794, 8.057175
791.1616, 9.143555
791.6437, 11.43318
792.1258, 13.86441
792.6079, 15.45573
793.0900, 14.25432
793.5721, 10.76492
794.0543, 10.63176
794.5364, 14.63025
795.0185, 16.92455
795.5006, 15.25858
795.9827, 12.61404
796.4648, 11.88164
796.9470, 12.86568
797.4291, 13.47890
797.9112, 14.67354
798.3933, 14.07832
798.8754, 8.700333
799.3575, 4.368561
799.8397, 5.777924
800.3218, 10.25473
800.8039, 12.51360
801.2860, 11.15034
801.7681, 8.983582
802.2502, 5.783737
802.7324, 3.848038
803.2145, 6.778885
803.6966, 12.07057
804.1787, 14.63512
804.6608, 13.43690
805.1429, 11.76183
805.6251, 12.89777
806.1072, 14.67209
806.5893, 9.550934
807.0714, 0.5760960
807.5535, 1.638123
808.0356, 20.08519
808.5178, 34.82190
808.9999, 31.78093
809.4820, 17.96143
809.9641, 11.48494
810.4462, 15.64833
810.9283, 14.48552
811.4105, 1.774933
811.8926, 6.644211
812.3747, 0.3233640
812.8568, 11.29619
813.3389, 17.53914
813.8210, 18.17979
814.3032, 17.67126
814.7853, 16.63092
815.2674, 14.70726
815.7495, 10.70470
816.2316, 7.128342
816.7137, 5.890518
817.1959, 6.687164
817.6780, 7.318451
818.1601, 6.636505
818.6422, 7.435623
819.1243, 14.44368
819.6064, 23.24742
820.0886, 27.08058
820.5707, 26.32581
821.0528, 23.65759
821.5349, 20.09502
822.0170, 16.00653
822.4991, 11.27451
822.9813, 6.595612
823.4634, 5.446091
823.9455, 8.016312
824.4276, 10.15768
824.9097, 11.16562
825.3918, 10.84721
825.8740, 8.418839
826.3561, 5.034103
826.8382, 4.922165
827.3203, 11.31149
827.8024, 13.45256
828.2845, 6.847519
828.7667, 1.504013
829.2488, 2.804672
829.7309, 6.211197
830.2130, 5.344559
830.6951, 9.5444001E-02
831.1772, 2.030640
831.6594, 4.938248
832.1415, 11.53970
832.6236, 13.99338
833.1057, 13.97722
833.5878, 12.34248
834.0699, 9.942734
834.5521, 8.525833
835.0342, 9.029968
835.5163, 9.783173
835.9984, 9.058731
836.4805, 7.670135
836.9626, 6.853287
837.4448, 6.615082
837.9269, 6.611053
838.4090, 6.733353
838.8911, 7.165176
839.3732, 8.280350
839.8553, 10.06732
840.3375, 11.76920
840.8196, 13.48886
841.3017, 14.35234
841.7838, 14.24055
842.2659, 13.56546
842.7480, 12.83705
843.2302, 12.39331
843.7123, 11.57330
844.1944, 9.748505
844.6765, 9.713837
845.1586, 12.52748
845.6407, 15.51944
846.1229, 19.57179
846.6050, 22.32515
847.0871, 19.24274
847.5692, 10.97406
848.0513, 5.832932
848.5334, 8.071930
849.0156, 9.760300
849.4977, 6.641266
849.9798, 3.899994
850.4619, 7.619614
850.9440, 14.45901
851.4261, 15.82394
851.9083, 8.652542
852.3904, 2.880386
852.8725, 7.342667
853.3546, 14.48425
853.8367, 16.43275
854.3188, 14.80489
854.8010, 13.37123
855.2831, 12.77657
855.7652, 11.81293
856.2473, 9.105148
856.7294, 7.022034
857.2115, 11.77754
857.6937, 21.08119
858.1758, 23.60114
858.6579, 18.51784
859.1400, 14.77527
859.6221, 16.83292
860.1042, 19.78018
860.5864, 15.69612
861.0685, 5.068192
861.5506, 1.675766
862.0327, 7.774643
862.5148, 12.19994
862.9969, 11.91025
863.4791, 10.66104
863.9612, 11.60545
864.4433, 13.87698
864.9254, 14.16507
865.4075, 10.48531
865.8896, 9.178848
866.3718, 12.86639
866.8539, 15.69186
867.3360, 13.87285
867.8181, 11.24121
868.3002, 13.59219
868.7823, 20.59879
869.2645, 23.25275
869.7466, 13.26776
870.2287, 6.176804
870.7108, 10.89824
871.1929, 17.47499
871.6750, 17.04266
872.1572, 11.01831
872.6393, 3.528564
873.1214, 4.264526
873.6035, 8.475540
874.0856, 3.242050
874.5677, 4.476288
875.0499, 6.266632
875.5320, 4.621277
876.0141, 5.536102
876.4962, 9.703079
876.9783, 13.22156
877.4604, 13.46576
877.9426, 11.65068
878.4247, 8.051147
878.9068, 4.069199
879.3889, 6.852051
879.8710, 15.98807
880.3531, 21.47455
880.8353, 19.33568
881.3174, 13.88937
881.7995, 9.575974
882.2816, 6.758102
882.7637, 8.936722
883.2458, 17.31772
883.7280, 21.18883
884.2101, 17.72415
884.6922, 13.01286
885.1743, 10.52699
885.6564, 9.893250
886.1385, 10.69479
886.6207, 13.43584
887.1028, 14.03889
887.5849, 9.853439
888.0670, 7.847702
888.5491, 11.92828
889.0313, 16.94337
889.5134, 19.49533
889.9955, 19.48570
890.4776, 16.95857
890.9597, 9.553070
891.4418, 3.936554
891.9240, 1.569550
892.4061, 0.5720370
892.8882, 0.3846440
893.3703, 0.7056430
893.8524, 1.227753
894.3345, 1.916580
894.8167, 2.953903
895.2988, 4.577225
895.7809, 6.471497
896.2630, 9.706238
896.7451, 11.83849
897.2272, 7.832626
897.7094, 0.7176060
898.1915, 1.286209
898.6736, 4.775223
899.1557, 13.12808
899.6378, 21.41753
900.1199, 27.63724
900.6021, 28.67592
901.0842, 25.90009
901.5663, 21.38217
902.0484, 16.06865
902.5305, 11.58604
903.0126, 8.890839
903.4948, 7.973709
903.9769, 10.91039
904.4590, 15.32831
904.9411, 11.85094
905.4232, 1.506561
905.9053, 5.267426
906.3875, 5.076950
906.8696, 1.253845
907.3517, 3.645203
907.8338, 8.655365
908.3159, 10.02075
908.7980, 7.703522
909.2802, 7.635483
909.7623, 10.92921
910.2444, 12.41821
910.7265, 9.220718
911.2086, 4.065704
911.6907, 0.5169220
912.1729, 1.398193
912.6550, 0.3039550
913.1371, 4.523651
913.6192, 10.48055
914.1013, 19.18231
914.5834, 24.84167
915.0656, 21.65587
915.5477, 14.23814
916.0298, 13.45491
916.5119, 22.32214
916.9940, 25.54701
917.4761, 19.31456
917.9583, 13.22456
918.4404, 8.825836
918.9225, 5.941879
919.4046, 5.109467
919.8867, 5.725555
920.3688, 5.573975
920.8510, 3.950165
921.3331, 2.755630
921.8152, 1.948563
922.2973, 1.987335
922.7794, 3.583405
923.2615, 5.814514
923.7437, 7.675919
924.2258, 9.101349
924.7079, 10.48218
925.1900, 12.42154
925.6721, 13.54398
926.1542, 12.20135
926.6364, 10.83830
927.1185, 12.39401
927.6006, 14.94759
928.0827, 13.98360
928.5648, 9.034637
929.0469, 6.605621
929.5291, 13.35495
930.0112, 20.42650
930.4933, 21.37630
930.9754, 18.46416
931.4575, 13.16293
931.9396, 7.691925
932.4218, 5.386459
932.9039, 7.224609
933.3860, 9.598312
933.8681, 8.682205
934.3502, 7.135086
934.8323, 10.08478
935.3145, 14.45393
935.7966, 12.53127
936.2787, 4.776184
936.7608, 1.375412
937.2429, 1.964081
937.7250, 0.3241880
938.2072, 3.181198
938.6893, 6.092621
939.1714, 8.074890
939.6535, 9.051331
940.1356, 7.995407
940.6177, 5.101913
941.0999, 4.523483
941.5820, 9.832809
942.0641, 16.07832
942.5462, 11.96111
943.0283, 0.4415440
943.5104, 1.657623
943.9926, 5.541458
944.4747, 11.07501
944.9568, 11.56912
945.4389, 9.559311
945.9210, 6.961487
946.4031, 4.391724
946.8853, 3.665710
947.3674, 4.777649
947.8495, 6.525894
948.3316, 8.916290
948.8137, 11.18005
949.2958, 13.22537
949.7780, 13.85976
950.2601, 11.28423
950.7422, 6.451355
951.2243, 4.990662
951.7064, 7.809921
952.1885, 7.370453
952.6707, 1.356155
953.1528, 1.608963
953.6349, 3.202484
954.1170, 11.63605
954.5991, 18.68686
955.0812, 24.25294
955.5634, 26.79033
956.0455, 25.53967
956.5276, 23.30692
957.0097, 20.00716
957.4918, 16.06514
957.9739, 10.51871
958.4561, 5.822998
958.9382, 6.889755
959.4203, 14.47487
959.9024, 16.63161
960.3845, 8.082825
960.8666, 4.928177
961.3488, 13.71364
961.8309, 22.64845
962.3130, 24.33270
962.7951, 21.42038
963.2772, 18.52692
963.7593, 14.69916
964.2415, 14.22032
964.7236, 21.89169
965.2057, 26.33958
965.6878, 23.45619
966.1699, 19.02881
966.6520, 15.76564
967.1342, 13.60104
967.6163, 12.28035
968.0984, 11.59068
968.5805, 12.12714
969.0626, 15.20468
969.5447, 17.76663
970.0269, 19.31206
970.5090, 19.80727
970.9911, 19.43631
971.4732, 17.78635
971.9553, 13.31372
972.4374, 4.235947
972.9196, 1.767181
973.4017, 3.289200
973.8838, 2.104263
974.3659, 3.693359
974.8480, 9.828491
975.3301, 12.53709
975.8123, 12.40742
976.2944, 11.45343
976.7765, 8.944962
977.2586, 9.138000
977.7407, 15.54065
978.2228, 21.72200
978.7050, 26.73895
979.1871, 28.71989
979.6692, 23.91335
980.1513, 14.50909
980.6334, 8.151962
981.1155, 7.147614
981.5977, 7.182373
982.0798, 8.046921
982.5619, 8.389984
983.0440, 6.039047
983.5261, 3.880219
984.0082, 5.912964
984.4904, 11.16884
984.9725, 14.77722
985.4546, 14.78639
985.9367, 15.10646
986.4188, 17.37602
986.9009, 20.10332
987.3831, 24.31267
987.8652, 27.19931
988.3473, 24.25508
988.8294, 16.70158
989.3115, 10.88715
989.7936, 9.063995
990.2758, 8.097610
990.7579, 5.566757
991.2400, 4.748001
991.7221, 11.08983
992.2042, 18.14984
992.6863, 15.91685
993.1685, 6.257599
993.6506, 1.739990
994.1327, 8.389236
994.6148, 14.97418
995.0969, 17.02957
995.5790, 17.11620
996.0612, 16.65686
996.5433, 15.10542
997.0254, 10.21500
997.5075, 3.439316
997.9896, 0.1562040
998.4717, 3.458939
998.9539, 6.638565
999.4360, 5.513397
999.9181, 4.233887
1000.400, 5.424484
1000.882, 8.354691
1001.364, 13.46825
1001.847, 19.53604
1002.329, 20.98222
1002.811, 14.32361
1003.293, 7.930389
1003.775, 5.152451
1004.257, 4.579727
1004.739, 6.660919
1005.221, 9.483795
1005.703, 10.91666
1006.186, 10.84633
1006.668, 9.893707
1007.150, 7.589188
1007.632, 6.732361
1008.114, 9.747437
1008.596, 13.35602
1009.078, 16.29320
1009.560, 18.00998
1010.043, 17.38536
1010.525, 15.37816
1011.007, 13.97299
1011.489, 14.53227
1011.971, 13.92010
1012.453, 8.809906
1012.935, 4.297089
1013.417, 4.094330
1013.899, 5.743790
1014.382, 6.359146
1014.864, 6.135376
1015.346, 7.017059
1015.828, 9.850647
1016.310, 12.40503
1016.792, 15.04169
1017.274, 15.73460
1017.756, 11.71863
1018.239, 6.522247
1018.721, 2.823257
1019.203, 1.088608
1019.685, 3.700287
1020.167, 12.83632
1020.649, 17.68834
1021.131, 10.85481
1021.613, 3.803162
1022.095, 2.427826
1022.578, 2.722397
1023.060, 0.5890200
1023.542, 3.033081
1024.024, 5.515747
1024.506, 6.779190
1024.988, 4.223328
1025.470, 8.359070
1025.952, 17.62573
1026.435, 16.08691
1026.917, 11.55737
1027.399, 9.160995
1027.881, 9.029312
1028.363, 11.23029
1028.845, 16.36786
1029.327, 18.54834
1029.809, 14.63316
1030.292, 10.51456
1030.774, 5.111359
1031.256, 2.422394
1031.738, 8.468781
1032.220, 18.00511
1032.702, 19.55801
1033.184, 11.24265
1033.666, 11.28848
1034.148, 34.14449
1034.630, 45.90358
1035.113, 28.61580
1035.595, 12.62318
1036.077, 19.66508
1036.559, 35.71124
1037.041, 38.76955
1037.523, 28.08200
1038.005, 21.18047
1038.487, 20.31601
1038.970, 19.86569
1039.452, 19.51875
1039.934, 19.50676
1040.416, 19.42871
1040.898, 20.22929
1041.380, 24.57088
1041.862, 31.61182
1042.344, 31.48021
1042.826, 18.30637
1043.309, 11.09169
1043.791, 13.36517
1044.273, 16.27493
1044.755, 16.93639
1045.237, 16.34708
1045.719, 14.90326
1046.201, 13.22993
1046.683, 14.53476
1047.166, 20.41486
1047.648, 24.16821
1048.130, 26.50134
1048.612, 23.57413
1049.094, 11.49699
1049.576, 1.035324
1050.058, 2.199142
1050.540, 10.51981
1051.022, 13.41995
1051.505, 9.938492
1051.987, 11.50842
1052.469, 19.52417
1052.951, 23.71080
1053.433, 21.49211
1053.915, 15.24660
1054.397, 5.350616
1054.879, 3.703384
1055.361, 2.638840
1055.844, 7.422791
1056.326, 14.06537
1056.808, 17.29985
1057.290, 15.35793
1057.772, 7.850693
1058.254, 3.756409
1058.736, 7.983765
1059.218, 15.55101
1059.701, 20.75658
1060.183, 23.27229
1060.665, 20.38629
1061.147, 13.47682
1061.629, 10.59518
1062.111, 12.16817
1062.593, 13.64305
1063.075, 13.24139
1063.557, 12.31624
1064.040, 11.93794
1064.522, 12.32007
1065.004, 14.90094
1065.486, 18.17915
1065.968, 18.85780
1066.450, 16.69980
1066.932, 10.54285
1067.414, 1.067612
1067.896, 5.395462
1068.379, 3.992081
1068.861, 0.1766970
1069.343, 1.310913
1069.825, 1.668106
1070.307, 4.804962
1070.789, 9.494171
1071.271, 13.34914
1071.753, 15.86609
1072.236, 17.56453
1072.718, 18.83003
1073.200, 18.21461
1073.682, 12.60400
1074.164, 6.894318
1074.646, 6.145355
1075.128, 6.969452
1075.610, 2.837845
1076.093, 3.113861
1076.575, 0.4278110
1077.057, 16.91226
1077.539, 27.26051
1078.021, 16.34196
1078.503, 6.496841
1078.985, 9.702209
1079.467, 16.01439
1079.949, 18.52415
1080.432, 18.30254
1080.914, 17.69890
1081.396, 16.83759
1081.878, 16.01506
1082.360, 13.96991
1082.842, 14.40222
1083.324, 20.33408
1083.806, 25.87733
1084.288, 29.63232
1084.771, 30.89926
1085.253, 27.88832
1085.735, 21.58154
1086.217, 16.60527
1086.699, 13.06522
1087.181, 10.63374
1087.663, 9.407120
1088.145, 9.279709
1088.628, 11.23587
1089.110, 12.39897
1089.592, 10.50920
1090.074, 6.463593
1090.556, 1.278015
1091.038, 5.318710
1091.520, 2.357895
1092.002, 12.57642
1092.484, 21.37340
1092.967, 20.49443
1093.449, 17.49890
1093.931, 16.09093
1094.413, 14.85519
1094.895, 11.51793
1095.377, 7.414017
1095.859, 8.688904
1096.341, 14.31654
1096.823, 15.09393
1097.306, 11.02161
1097.788, 10.30698
1098.270, 15.27512
1098.752, 18.62663
1099.234, 13.94547
1099.716, 7.143372
1100.198, 8.993683
1100.680, 14.40689
1101.163, 10.78493
1101.645, 2.381058
1102.127, 2.471817
1102.609, 11.00195
1103.091, 16.41405
1103.573, 13.14693
1104.055, 8.271851
1104.537, 7.754654
1105.020, 8.130142
1105.502, 4.028397
1105.984, 0.6410370
1106.466, 7.174057
1106.948, 18.84003
1107.430, 23.68262
1107.912, 19.44365
1108.394, 14.84056
1108.876, 12.68484
1109.359, 11.91107
1109.841, 12.89230
1110.323, 14.28314
1110.805, 15.76587
1111.287, 16.84215
1111.769, 16.59299
1112.251, 15.34949
1112.733, 14.82301
1113.215, 16.77563
1113.698, 16.69232
1114.180, 12.57068
1114.662, 8.784134
1115.144, 4.446701
1115.626, 3.705429
1116.108, 11.46031
1116.590, 22.08398
1117.072, 24.71407
1117.555, 19.30374
1118.037, 15.11684
1118.519, 11.94806
1119.001, 11.61929
1119.483, 14.85098
1119.965, 17.72865
1120.447, 18.70747
1120.929, 17.99628
1121.411, 15.65782
1121.894, 12.17325
1122.376, 7.931427
1122.858, 3.630203
1123.340, 3.759262
1123.822, 7.536697
1124.304, 9.384735
1124.786, 8.478210
1125.268, 9.137833
1125.750, 13.73808
1126.233, 18.40123
1126.715, 18.24712
1127.197, 15.30276
1127.679, 11.72498
1128.161, 8.153442
1128.643, 5.410370
1129.125, 3.557053
1129.607, 2.237213
1130.090, 1.438690
1130.572, 2.247986
1131.054, 6.925247
1131.536, 10.27144
1132.018, 7.895081
1132.500, 5.153992
1132.982, 5.814667
1133.464, 8.137939
1133.947, 10.41656
1134.429, 12.45076
1134.911, 12.51221
1135.393, 9.571442
1135.875, 7.576584
1136.357, 6.490662
1136.839, 7.036835
1137.321, 11.24713
1137.803, 14.29585
1138.286, 13.05432
1138.768, 9.513519
1139.250, 6.340469
1139.732, 3.598557
1140.214, 1.772766
1140.696, 0.8573910
1141.178, 1.068253
1141.660, 2.551956
1142.142, 3.403152
1142.625, 2.888229
1143.107, 4.015732
1143.589, 9.758438
1144.071, 16.22348
1144.553, 14.38034
1145.035, 7.502151
1145.517, 3.605759
1145.999, 2.395538
1146.482, 3.853119
1146.964, 6.809067
1147.446, 6.574539
1147.928, 1.712021
1148.410, 1.854126
1148.892, 1.359604
1149.374, 5.459747
1149.856, 3.603073
1150.339, 0.7589420
1150.821, 2.541458
1151.303, 6.421982
1151.785, 8.800766
1152.267, 9.097931
1152.749, 6.977295
1153.231, 0.6004330
1153.713, 1.101898
1154.195, 9.553574
1154.677, 17.28229
1155.160, 16.42305
1155.642, 12.35947
1156.124, 6.335953
1156.606, 0.9555360
1157.088, 0.7580720
1157.570, 5.112976
1158.052, 6.286789
1158.534, 3.249786
1159.017, 1.340561
1159.499, 0.4322200
1159.981, 3.873840
1160.463, 13.38690
1160.945, 21.46123
1161.427, 22.60246
1161.909, 19.60526
1162.391, 16.49133
1162.874, 13.41016
1163.356, 10.74208
1163.838, 8.537262
1164.320, 7.367142
1164.802, 6.914322
1165.284, 5.184708
1165.766, 2.039703
1166.248, 1.286621
1166.730, 6.289169
1167.213, 12.01776
1167.695, 15.51886
1168.177, 16.61440
1168.659, 12.58858
1169.141, 7.894394
1169.623, 9.130798
1170.105, 14.41342
1170.587, 16.97824
1171.069, 15.53548
1171.552, 12.23119
1172.034, 4.664047
1172.516, 0.4292600
1172.998, 2.477768
1173.480, 1.351852
1173.962, 4.470535
1174.444, 11.69110
1174.926, 17.75356
1175.409, 21.74738
1175.891, 19.45880
1176.373, 10.17993
1176.855, 4.435745
1177.337, 2.215057
1177.819, 4.607834
1178.301, 11.62444
1178.783, 15.36916
1179.266, 11.98808
1179.748, 8.099060
1180.230, 11.92110
1180.712, 17.12645
1181.194, 11.01181
1181.676, 0.7137760
1182.158, 1.393280
1182.640, 2.273697
1183.122, 5.459946
1183.604, 7.192169
1184.087, 9.509674
1184.569, 13.45135
1185.051, 15.61748
1185.533, 13.72186
1186.015, 10.72702
1186.497, 4.870789
1186.979, 1.543335
1187.461, 6.742538
1187.944, 15.29176
1188.426, 20.92000
1188.908, 23.34229
1189.390, 20.21652
1189.872, 8.260483
1190.354, 3.429413
1190.836, 7.380920
1191.318, 11.37000
1191.801, 13.68094
1192.283, 14.02097
1192.765, 11.90092
1193.247, 9.681747
1193.729, 10.45091
1194.211, 13.09532
1194.693, 15.27429
1195.175, 16.98325
1195.657, 18.09982
1196.140, 18.77200
1196.622, 20.15096
1197.104, 21.71602
1197.586, 19.86792
1198.068, 12.63412
1198.550, 5.918625
1199.032, 3.323929
1199.514, 2.432938
1199.996, 3.512695
1200.479, 4.036911
1200.961, 1.428589
1201.443, 6.810181
1201.925, 0.6970520
1202.407, 18.69553
1202.889, 25.53940
1203.371, 15.80998
1203.853, 12.55942
1204.336, 18.79227
1204.818, 21.03844
1205.300, 15.19736
1205.782, 12.19838
1206.264, 18.33850
1206.746, 26.44688
1207.228, 27.50937
1207.710, 23.96664
1208.193, 21.20276
1208.675, 19.11642
1209.157, 16.68521
1209.639, 14.91759
1210.121, 18.63957
1210.603, 26.48445
1211.085, 29.07855
1211.567, 22.58488
1212.049, 17.23317
1212.531, 21.09579
1213.014, 25.34563
1213.496, 24.85791
1213.978, 23.62877
1214.460, 25.69421
1214.942, 27.65385
1215.424, 22.56508
1215.906, 12.31111
1216.388, 12.06104
1216.871, 22.04414
1217.353, 25.64745
1217.835, 20.60875
1218.317, 19.64105
1218.799, 25.50052
1219.281, 27.57697
1219.763, 21.12579
1220.245, 14.38922
1220.728, 15.22240
1221.210, 18.79965
1221.692, 16.68254
1222.174, 11.06908
1222.656, 4.599213
1223.138, 0.6668090
1223.620, 1.121872
1224.102, 2.842560
1224.584, 9.960831
1225.067, 19.32442
1225.549, 25.80121
1226.031, 26.00208
1226.513, 22.42694
1226.995, 17.47148
1227.477, 15.42601
1227.959, 10.73474
1228.441, 5.964493
1228.923, 2.300232
1229.406, 0.0000000E+00
##END=



