##NAMES=Glass-(Eu)
##RRUFFID=R110079
##LOCALITY=Synthetic
##OWNER=RRUFF
##SOURCE=Elizabeth Cairns, University of Edinburgh
##DESCRIPTION=Pale yellow glass fragment
##STATUS=The identification of this mineral is not yet confirmed.
##URL=rruff.info/R110079
##MEASURED CHEMISTRY=CaO 21.74%, Eu_2_O_3_ 23.09%, Al_2_O_3_ 13.24%, SiO_2_ 41.93%, Ca_16_Eu_6_Al_11_Si_29_O_100_
103.1743, 4087.365
103.6564, 4098.202
104.1385, 4108.385
104.6207, 4113.856
105.1028, 4115.686
105.5849, 4117.829
106.0670, 4121.025
106.5491, 4123.731
107.0313, 4124.223
107.5134, 4121.974
107.9955, 4119.287
108.4776, 4118.587
108.9597, 4120.187
109.4418, 4121.729
109.9240, 4120.729
110.4061, 4120.127
110.8882, 4122.761
111.3703, 4129.880
111.8524, 4139.518
112.3345, 4146.396
112.8167, 4148.320
113.2988, 4150.108
113.7809, 4151.277
114.2630, 4152.967
114.7451, 4157.217
115.2272, 4165.623
115.7094, 4177.753
116.1915, 4183.923
116.6736, 4180.075
117.1557, 4175.303
117.6378, 4171.775
118.1199, 4169.744
118.6021, 4169.065
119.0842, 4169.671
119.5663, 4171.710
120.0484, 4174.626
120.5305, 4178.837
121.0126, 4183.572
121.4948, 4188.345
121.9769, 4193.129
122.4590, 4197.500
122.9411, 4200.869
123.4232, 4203.415
123.9053, 4205.406
124.3875, 4207.682
124.8696, 4209.509
125.3517, 4208.291
125.8338, 4201.201
126.3159, 4194.599
126.7980, 4192.726
127.2802, 4195.117
127.7623, 4199.462
128.2444, 4204.738
128.7265, 4211.155
129.2086, 4216.092
129.6907, 4218.842
130.1729, 4220.354
130.6550, 4220.602
131.1371, 4219.752
131.6192, 4218.373
132.1013, 4217.441
132.5834, 4218.198
133.0656, 4216.741
133.5477, 4209.823
134.0298, 4202.927
134.5119, 4200.687
134.9940, 4204.546
135.4761, 4212.126
135.9583, 4218.038
136.4404, 4220.632
136.9225, 4223.515
137.4046, 4227.248
137.8867, 4231.326
138.3688, 4235.300
138.8510, 4239.212
139.3331, 4242.383
139.8152, 4242.331
140.2973, 4236.638
140.7794, 4231.889
141.2615, 4231.587
141.7437, 4234.886
142.2258, 4237.959
142.7079, 4238.579
143.1900, 4237.766
143.6721, 4237.807
144.1542, 4238.836
144.6364, 4240.687
145.1185, 4243.863
145.6006, 4248.797
146.0827, 4252.392
146.5648, 4250.972
147.0469, 4248.008
147.5291, 4247.462
148.0112, 4251.902
148.4933, 4258.353
148.9754, 4259.546
149.4575, 4251.652
149.9396, 4245.003
150.4218, 4243.153
150.9039, 4244.274
151.3860, 4246.067
151.8681, 4247.262
152.3502, 4247.930
152.8323, 4248.646
153.3145, 4248.916
153.7966, 4249.736
154.2787, 4252.729
154.7608, 4256.450
155.2429, 4257.970
155.7250, 4254.590
156.2072, 4245.741
156.6893, 4240.470
157.1714, 4240.376
157.6535, 4241.502
158.1356, 4242.885
158.6177, 4244.140
159.0999, 4244.755
159.5820, 4244.210
160.0641, 4242.274
160.5462, 4240.235
161.0283, 4237.266
161.5104, 4234.762
161.9926, 4234.289
162.4747, 4236.018
162.9568, 4237.975
163.4389, 4238.210
163.9210, 4236.792
164.4031, 4234.305
164.8853, 4229.072
165.3674, 4223.352
165.8495, 4221.360
166.3316, 4224.997
166.8137, 4228.717
167.2958, 4226.156
167.7780, 4218.863
168.2601, 4212.444
168.7422, 4210.190
169.2243, 4211.141
169.7064, 4211.570
170.1885, 4211.362
170.6707, 4210.108
171.1528, 4207.367
171.6349, 4203.402
172.1170, 4199.246
172.5991, 4195.679
173.0812, 4192.726
173.5634, 4189.851
174.0455, 4187.722
174.5276, 4185.037
175.0097, 4180.323
175.4918, 4174.081
175.9739, 4168.546
176.4561, 4166.861
176.9382, 4171.076
177.4203, 4171.997
177.9024, 4166.791
178.3845, 4160.875
178.8666, 4157.170
179.3488, 4155.990
179.8309, 4155.707
180.3130, 4154.202
180.7951, 4151.127
181.2772, 4147.388
181.7593, 4141.716
182.2415, 4136.289
182.7236, 4133.466
183.2057, 4133.570
183.6878, 4134.180
184.1699, 4131.504
184.6520, 4123.046
185.1342, 4116.130
185.6163, 4112.054
186.0984, 4109.126
186.5805, 4105.711
187.0626, 4101.352
187.5447, 4096.232
188.0269, 4090.296
188.5090, 4083.090
188.9911, 4076.925
189.4732, 4072.164
189.9553, 4068.795
190.4374, 4067.351
190.9196, 4068.651
191.4017, 4070.339
191.8838, 4068.604
192.3659, 4063.297
192.8480, 4058.054
193.3301, 4054.419
193.8123, 4052.139
194.2944, 4050.500
194.7765, 4050.030
195.2586, 4049.188
195.7407, 4046.768
196.2228, 4042.770
196.7050, 4037.324
197.1871, 4030.216
197.6692, 4021.505
198.1513, 4012.242
198.6334, 4001.264
199.1155, 3991.083
199.5977, 3983.496
200.0798, 3978.566
200.5619, 3974.969
201.0440, 3971.582
201.5261, 3968.407
202.0082, 3965.435
202.4904, 3963.144
202.9725, 3960.730
203.4546, 3957.559
203.9367, 3953.655
204.4188, 3949.715
204.9009, 3946.819
205.3831, 3945.629
205.8652, 3943.402
206.3473, 3939.491
206.8294, 3935.027
207.3115, 3930.936
207.7936, 3927.223
208.2758, 3922.911
208.7579, 3916.288
209.2400, 3904.912
209.7221, 3896.749
210.2042, 3893.107
210.6863, 3891.147
211.1685, 3889.500
211.6506, 3887.650
212.1327, 3885.257
212.6148, 3881.831
213.0969, 3877.394
213.5790, 3871.574
214.0612, 3862.742
214.5433, 3853.651
215.0254, 3846.387
215.5075, 3841.487
215.9896, 3837.972
216.4717, 3834.549
216.9539, 3831.022
217.4360, 3828.142
217.9181, 3827.721
218.4002, 3827.053
218.8823, 3822.492
219.3644, 3813.135
219.8466, 3802.997
220.3287, 3797.945
220.8108, 3798.952
221.2929, 3799.192
221.7750, 3797.772
222.2571, 3795.125
222.7393, 3791.567
223.2214, 3787.085
223.7035, 3782.259
224.1856, 3777.914
224.6677, 3774.034
225.1498, 3769.806
225.6320, 3764.877
226.1141, 3759.515
226.5962, 3753.916
227.0783, 3747.835
227.5604, 3742.345
228.0425, 3739.174
228.5247, 3737.753
229.0068, 3735.599
229.4889, 3731.328
229.9710, 3725.718
230.4531, 3720.343
230.9352, 3715.202
231.4174, 3710.697
231.8995, 3707.346
232.3816, 3704.849
232.8637, 3702.456
233.3458, 3700.105
233.8279, 3697.607
234.3101, 3694.211
234.7922, 3689.556
235.2743, 3684.572
235.7564, 3679.215
236.2385, 3673.957
236.7206, 3669.772
237.2028, 3667.542
237.6849, 3666.873
238.1670, 3666.295
238.6491, 3667.025
239.1312, 3665.805
239.6133, 3660.500
240.0955, 3652.764
240.5776, 3645.141
241.0597, 3638.790
241.5418, 3633.847
242.0239, 3631.364
242.5060, 3633.845
242.9882, 3635.386
243.4703, 3634.427
243.9524, 3631.500
244.4345, 3626.967
244.9166, 3620.539
245.3987, 3613.225
245.8809, 3610.122
246.3630, 3615.114
246.8451, 3619.579
247.3272, 3622.899
247.8093, 3624.394
248.2914, 3622.785
248.7736, 3617.161
249.2557, 3608.811
249.7378, 3603.084
250.2199, 3602.841
250.7020, 3601.815
251.1841, 3598.737
251.6663, 3594.622
252.1484, 3590.992
252.6305, 3588.593
253.1126, 3586.622
253.5947, 3582.364
254.0768, 3571.074
254.5590, 3563.379
255.0411, 3561.463
255.5232, 3562.812
256.0053, 3565.469
256.4874, 3568.571
256.9695, 3570.976
257.4517, 3569.898
257.9338, 3557.763
258.4159, 3551.315
258.8980, 3555.279
259.3801, 3562.956
259.8622, 3567.151
260.3444, 3565.402
260.8265, 3560.624
261.3086, 3558.369
261.7907, 3561.944
262.2728, 3562.702
262.7549, 3557.754
263.2371, 3551.273
263.7192, 3547.162
264.2013, 3546.480
264.6834, 3548.301
265.1655, 3551.630
265.6476, 3558.001
266.1298, 3561.881
266.6119, 3563.164
267.0940, 3561.954
267.5761, 3556.762
268.0582, 3547.574
268.5403, 3539.016
269.0225, 3536.977
269.5046, 3543.544
269.9867, 3547.825
270.4688, 3548.512
270.9509, 3547.515
271.4330, 3546.011
271.9152, 3544.245
272.3973, 3542.749
272.8794, 3542.056
273.3615, 3542.258
273.8436, 3542.674
274.3257, 3543.891
274.8079, 3544.886
275.2900, 3544.477
275.7721, 3542.711
276.2542, 3541.152
276.7363, 3541.077
277.2184, 3542.337
277.7006, 3543.083
278.1827, 3542.464
278.6648, 3541.984
279.1469, 3542.996
279.6290, 3545.319
280.1111, 3547.359
280.5933, 3547.817
281.0754, 3547.418
281.5575, 3548.657
282.0396, 3553.259
282.5217, 3557.410
283.0038, 3558.392
283.4860, 3556.708
283.9681, 3554.908
284.4502, 3553.914
284.9323, 3553.732
285.4144, 3554.364
285.8965, 3556.388
286.3787, 3557.836
286.8608, 3556.382
287.3429, 3553.164
287.8250, 3552.653
288.3071, 3557.329
288.7892, 3563.981
289.2714, 3568.047
289.7535, 3569.430
290.2356, 3569.770
290.7177, 3569.097
291.1998, 3567.926
291.6819, 3567.655
292.1641, 3568.718
292.6462, 3570.522
293.1283, 3573.020
293.6104, 3576.070
294.0925, 3577.765
294.5746, 3576.222
295.0568, 3572.994
295.5389, 3570.717
296.0210, 3569.241
296.5031, 3570.099
296.9852, 3577.176
297.4673, 3588.092
297.9495, 3596.165
298.4316, 3599.005
298.9137, 3597.847
299.3958, 3593.223
299.8779, 3584.200
300.3600, 3576.381
300.8422, 3574.308
301.3243, 3575.925
301.8064, 3578.039
302.2885, 3579.592
302.7706, 3581.739
303.2527, 3586.591
303.7349, 3594.441
304.2170, 3601.015
304.6991, 3603.162
305.1812, 3603.372
305.6633, 3605.221
306.1454, 3609.800
306.6276, 3614.396
307.1097, 3616.240
307.5918, 3615.508
308.0739, 3615.350
308.5560, 3617.286
309.0381, 3619.794
309.5203, 3620.988
310.0024, 3620.687
310.4845, 3620.448
310.9666, 3621.008
311.4487, 3622.406
311.9308, 3625.097
312.4130, 3629.905
312.8951, 3634.913
313.3772, 3638.667
313.8593, 3641.206
314.3414, 3642.435
314.8235, 3641.117
315.3057, 3638.496
315.7878, 3637.956
316.2699, 3640.289
316.7520, 3643.485
317.2341, 3646.388
317.7162, 3649.020
318.1984, 3651.377
318.6805, 3653.373
319.1626, 3655.143
319.6447, 3656.851
320.1268, 3658.480
320.6089, 3660.193
321.0911, 3661.814
321.5732, 3663.695
322.0553, 3666.620
322.5374, 3671.661
323.0195, 3676.320
323.5016, 3677.247
323.9838, 3674.413
324.4659, 3672.537
324.9480, 3674.027
325.4301, 3676.996
325.9122, 3678.658
326.3943, 3678.422
326.8765, 3679.314
327.3586, 3685.487
327.8407, 3695.519
328.3228, 3700.731
328.8049, 3696.522
329.2870, 3690.503
329.7692, 3691.376
330.2513, 3698.465
330.7334, 3704.330
331.2155, 3703.714
331.6976, 3699.441
332.1797, 3698.403
332.6619, 3702.122
333.1440, 3706.796
333.6261, 3709.405
334.1082, 3710.579
334.5903, 3711.668
335.0724, 3712.345
335.5546, 3713.500
336.0367, 3716.865
336.5188, 3722.692
337.0009, 3728.021
337.4830, 3731.594
337.9651, 3733.308
338.4473, 3732.734
338.9294, 3728.098
339.4115, 3723.916
339.8936, 3724.827
340.3757, 3730.079
340.8578, 3733.937
341.3400, 3734.014
341.8221, 3731.875
342.3042, 3729.628
342.7863, 3726.910
343.2684, 3725.811
343.7505, 3729.258
344.2327, 3735.009
344.7148, 3737.182
345.1969, 3733.726
345.6790, 3728.665
346.1611, 3726.186
346.6432, 3725.928
347.1254, 3727.181
347.6075, 3731.294
348.0896, 3736.083
348.5717, 3738.793
349.0538, 3739.174
349.5359, 3738.506
350.0181, 3737.707
350.5002, 3736.566
350.9823, 3734.423
351.4644, 3728.008
351.9465, 3723.365
352.4286, 3726.922
352.9108, 3736.758
353.3929, 3743.344
353.8750, 3741.074
354.3571, 3733.642
354.8392, 3730.565
355.3214, 3733.763
355.8035, 3736.278
356.2856, 3735.236
356.7677, 3731.918
357.2498, 3728.563
357.7319, 3725.809
358.2141, 3723.080
358.6962, 3718.988
359.1783, 3712.847
359.6604, 3709.741
360.1425, 3713.921
360.6246, 3719.125
361.1068, 3718.647
361.5889, 3712.194
362.0710, 3705.359
362.5531, 3703.030
363.0352, 3705.142
363.5173, 3705.125
363.9995, 3701.906
364.4816, 3697.851
364.9637, 3693.816
365.4458, 3689.826
365.9279, 3685.376
366.4100, 3679.868
366.8922, 3674.483
367.3743, 3673.391
367.8564, 3680.169
368.3385, 3685.821
368.8206, 3690.121
369.3027, 3692.311
369.7849, 3690.846
370.2670, 3685.438
370.7491, 3678.184
371.2312, 3671.896
371.7133, 3666.912
372.1954, 3662.094
372.6776, 3657.218
373.1597, 3652.697
373.6418, 3649.216
374.1239, 3646.457
374.6060, 3643.234
375.0881, 3638.532
375.5703, 3632.415
376.0524, 3626.201
376.5345, 3619.195
377.0166, 3612.885
377.4987, 3607.340
377.9808, 3602.768
378.4630, 3599.663
378.9451, 3598.266
379.4272, 3597.812
379.9093, 3596.529
380.3914, 3594.316
380.8735, 3591.293
381.3557, 3586.658
381.8378, 3581.872
382.3199, 3578.110
382.8020, 3575.437
383.2841, 3573.003
383.7662, 3569.780
384.2484, 3565.539
384.7305, 3561.930
385.2126, 3559.098
385.6947, 3556.746
386.1768, 3554.751
386.6589, 3553.167
387.1411, 3552.397
387.6232, 3553.021
388.1053, 3554.087
388.5874, 3552.195
389.0695, 3546.701
389.5516, 3539.221
390.0338, 3527.270
390.5159, 3515.312
390.9980, 3508.211
391.4801, 3507.245
391.9622, 3508.203
392.4443, 3505.633
392.9265, 3499.081
393.4086, 3493.600
393.8907, 3490.206
394.3728, 3487.790
394.8549, 3486.967
395.3370, 3486.896
395.8192, 3484.683
396.3013, 3476.604
396.7834, 3465.007
397.2655, 3458.199
397.7476, 3457.867
398.2297, 3457.979
398.7119, 3455.679
399.1940, 3451.816
399.6761, 3447.109
400.1582, 3441.265
400.6403, 3435.635
401.1224, 3432.382
401.6046, 3431.241
402.0867, 3428.028
402.5688, 3420.034
403.0509, 3411.049
403.5330, 3405.568
404.0151, 3403.597
404.4973, 3402.574
404.9794, 3401.989
405.4615, 3401.458
405.9436, 3400.769
406.4257, 3400.109
406.9078, 3397.563
407.3900, 3390.113
407.8721, 3379.089
408.3542, 3371.366
408.8363, 3369.309
409.3184, 3369.024
409.8005, 3369.831
410.2827, 3370.736
410.7648, 3367.776
411.2469, 3358.412
411.7290, 3345.809
412.2111, 3337.099
412.6932, 3332.671
413.1754, 3330.279
413.6575, 3331.917
414.1396, 3334.136
414.6217, 3332.599
415.1038, 3326.839
415.5859, 3320.659
416.0681, 3318.109
416.5502, 3319.752
417.0323, 3318.538
417.5144, 3312.123
417.9965, 3305.778
418.4786, 3301.786
418.9608, 3299.422
419.4429, 3296.904
419.9250, 3293.293
420.4071, 3289.227
420.8892, 3286.550
421.3713, 3287.284
421.8535, 3286.362
422.3356, 3282.632
422.8177, 3278.029
423.2998, 3274.169
423.7819, 3271.166
424.2640, 3267.854
424.7462, 3262.450
425.2283, 3254.531
425.7104, 3250.612
426.1925, 3256.469
426.6746, 3260.140
427.1567, 3257.027
427.6389, 3249.782
428.1210, 3242.513
428.6031, 3237.087
429.0852, 3232.975
429.5673, 3228.995
430.0494, 3224.760
430.5316, 3222.035
431.0137, 3224.155
431.4958, 3225.962
431.9779, 3222.955
432.4600, 3215.325
432.9421, 3208.624
433.4243, 3208.837
433.9064, 3213.868
434.3885, 3213.868
434.8706, 3206.216
435.3527, 3198.587
435.8348, 3196.357
436.3170, 3197.379
436.7991, 3198.488
437.2812, 3199.744
437.7633, 3199.672
438.2454, 3195.958
438.7275, 3189.160
439.2097, 3183.353
439.6918, 3180.118
440.1739, 3178.230
440.6560, 3175.780
441.1381, 3172.624
441.6202, 3170.276
442.1024, 3170.200
442.5845, 3170.588
443.0666, 3169.295
443.5487, 3166.173
444.0308, 3162.411
444.5129, 3158.745
444.9951, 3155.222
445.4772, 3152.102
445.9593, 3148.598
446.4414, 3146.347
446.9235, 3147.000
447.4056, 3148.896
447.8878, 3149.474
448.3699, 3147.879
448.8520, 3145.216
449.3341, 3143.170
449.8162, 3142.152
450.2983, 3140.595
450.7805, 3138.276
451.2626, 3135.726
451.7447, 3133.163
452.2268, 3130.602
452.7089, 3127.836
453.1910, 3124.629
453.6732, 3121.338
454.1553, 3119.718
454.6374, 3121.708
455.1195, 3121.989
455.6016, 3119.076
456.0837, 3114.767
456.5659, 3109.980
457.0480, 3105.084
457.5301, 3101.151
458.0122, 3099.700
458.4943, 3100.669
458.9764, 3101.077
459.4586, 3100.610
459.9407, 3099.885
460.4228, 3099.741
460.9049, 3099.524
461.3870, 3097.975
461.8691, 3094.386
462.3513, 3089.747
462.8334, 3084.388
463.3155, 3078.429
463.7976, 3075.390
464.2797, 3078.563
464.7618, 3082.473
465.2440, 3079.173
465.7261, 3068.543
466.2082, 3059.760
466.6903, 3056.416
467.1724, 3056.259
467.6545, 3057.655
468.1367, 3060.231
468.6188, 3061.225
469.1009, 3058.188
469.5830, 3052.219
470.0651, 3048.848
470.5472, 3050.729
471.0294, 3051.491
471.5115, 3048.149
471.9936, 3043.369
472.4757, 3040.526
472.9578, 3040.466
473.4399, 3041.856
473.9221, 3043.370
474.4042, 3045.378
474.8863, 3045.173
475.3684, 3041.952
475.8505, 3037.649
476.3326, 3031.434
476.8148, 3024.936
477.2969, 3021.070
477.7790, 3021.345
478.2611, 3023.667
478.7432, 3023.468
479.2253, 3019.684
479.7075, 3016.416
480.1896, 3014.703
480.6717, 3013.167
481.1538, 3011.049
481.6359, 3008.411
482.1180, 3005.774
482.6002, 3003.621
483.0823, 3001.704
483.5644, 2999.292
484.0465, 2996.395
484.5286, 2992.977
485.0107, 2987.869
485.4929, 2982.853
485.9750, 2980.187
486.4571, 2980.408
486.9392, 2981.466
487.4213, 2982.439
487.9034, 2983.309
488.3856, 2984.236
488.8677, 2985.344
489.3498, 2985.720
489.8319, 2984.567
490.3140, 2981.825
490.7961, 2978.442
491.2783, 2973.273
491.7604, 2968.652
492.2425, 2965.684
492.7246, 2963.991
493.2067, 2963.013
493.6888, 2962.563
494.1710, 2962.224
494.6531, 2961.242
495.1352, 2958.931
495.6173, 2958.272
496.0994, 2962.136
496.5815, 2964.638
497.0637, 2961.487
497.5458, 2954.817
498.0279, 2949.615
498.5100, 2948.799
498.9921, 2950.534
499.4742, 2949.988
499.9564, 2945.910
500.4385, 2942.684
500.9206, 2941.618
501.4027, 2940.994
501.8848, 2939.689
502.3669, 2937.776
502.8491, 2936.182
503.3312, 2935.914
503.8133, 2936.349
504.2954, 2935.766
504.7775, 2934.061
505.2596, 2931.906
505.7418, 2929.770
506.2239, 2927.256
506.7060, 2923.118
507.1881, 2916.311
507.6702, 2912.162
508.1523, 2915.880
508.6345, 2923.166
509.1166, 2927.132
509.5987, 2926.763
510.0808, 2923.384
510.5629, 2917.122
511.0450, 2908.489
511.5272, 2903.111
512.0093, 2904.424
512.4914, 2904.409
512.9735, 2898.697
513.4556, 2891.129
513.9377, 2887.093
514.4199, 2887.911
514.9020, 2890.509
515.3841, 2891.219
515.8662, 2889.945
516.3483, 2887.509
516.8304, 2882.149
517.3126, 2877.515
517.7947, 2875.779
518.2768, 2875.078
518.7589, 2872.370
519.2410, 2866.363
519.7231, 2859.358
520.2053, 2854.576
520.6874, 2852.136
521.1695, 2850.301
521.6516, 2849.199
522.1337, 2848.205
522.6158, 2847.825
523.0980, 2847.301
523.5801, 2844.280
524.0622, 2836.039
524.5443, 2826.838
525.0264, 2820.746
525.5085, 2817.582
525.9907, 2817.092
526.4728, 2820.064
526.9549, 2823.751
527.4370, 2823.949
527.9191, 2820.253
528.4012, 2816.090
528.8834, 2810.755
529.3655, 2805.956
529.8476, 2803.693
530.3297, 2803.033
530.8118, 2801.114
531.2939, 2796.311
531.7761, 2789.809
532.2582, 2784.558
532.7403, 2780.331
533.2224, 2777.853
533.7045, 2779.100
534.1866, 2780.097
534.6688, 2778.153
535.1509, 2773.771
535.6330, 2769.150
536.1151, 2765.714
536.5972, 2763.024
537.0793, 2759.872
537.5615, 2756.196
538.0436, 2752.426
538.5257, 2748.838
539.0078, 2745.144
539.4899, 2740.605
539.9720, 2735.345
540.4542, 2731.464
540.9363, 2731.545
541.4184, 2732.872
541.9005, 2731.530
542.3826, 2727.457
542.8647, 2722.167
543.3469, 2715.749
543.8290, 2709.297
544.3111, 2705.992
544.7932, 2707.456
545.2753, 2707.740
545.7574, 2706.581
546.2396, 2703.478
546.7217, 2696.329
547.2038, 2686.330
547.6859, 2678.271
548.1680, 2675.665
548.6501, 2677.297
549.1323, 2677.903
549.6144, 2677.618
550.0965, 2675.944
550.5786, 2671.995
551.0607, 2667.488
551.5428, 2663.075
552.0250, 2659.173
552.5071, 2656.786
552.9892, 2657.397
553.4713, 2659.809
553.9534, 2660.158
554.4355, 2657.856
554.9177, 2656.681
555.3998, 2660.383
555.8819, 2664.243
556.3640, 2661.302
556.8461, 2650.529
557.3282, 2640.663
557.8104, 2635.289
558.2925, 2632.441
558.7746, 2630.935
559.2567, 2630.188
559.7388, 2627.270
560.2209, 2619.735
560.7031, 2609.803
561.1852, 2604.549
561.6673, 2608.699
562.1494, 2610.958
562.6315, 2611.440
563.1136, 2609.793
563.5958, 2604.084
564.0779, 2595.687
564.5600, 2589.317
565.0421, 2588.850
565.5242, 2591.860
566.0063, 2589.569
566.4885, 2579.475
566.9706, 2571.408
567.4527, 2569.102
567.9348, 2568.614
568.4169, 2567.854
568.8990, 2566.591
569.3812, 2564.630
569.8633, 2561.683
570.3454, 2558.096
570.8275, 2554.080
571.3096, 2549.714
571.7917, 2546.137
572.2739, 2544.281
572.7560, 2542.670
573.2381, 2538.042
573.7202, 2528.858
574.2023, 2522.841
574.6844, 2524.027
575.1666, 2525.700
575.6487, 2522.600
576.1308, 2516.087
576.6129, 2510.950
577.0950, 2509.783
577.5771, 2509.931
578.0593, 2504.970
578.5414, 2492.049
579.0235, 2481.780
579.5056, 2475.051
579.9877, 2470.762
580.4698, 2470.253
580.9520, 2471.755
581.4341, 2471.655
581.9162, 2468.491
582.3983, 2462.677
582.8804, 2452.867
583.3625, 2439.729
583.8447, 2431.744
584.3268, 2432.877
584.8089, 2435.063
585.2910, 2428.372
585.7731, 2414.021
586.2552, 2404.866
586.7374, 2406.781
587.2195, 2409.180
587.7016, 2406.538
588.1837, 2400.681
588.6658, 2394.833
589.1479, 2389.998
589.6301, 2385.367
590.1122, 2379.785
590.5943, 2373.034
591.0764, 2367.436
591.5585, 2363.812
592.0406, 2360.403
592.5228, 2357.610
593.0049, 2354.406
593.4870, 2349.037
593.9691, 2341.127
594.4512, 2333.611
594.9333, 2330.027
595.4155, 2329.296
595.8976, 2326.584
596.3797, 2321.300
596.8618, 2315.531
597.3439, 2310.365
597.8260, 2305.610
598.3082, 2300.952
598.7903, 2296.890
599.2724, 2291.696
599.7545, 2283.224
600.2366, 2274.335
600.7188, 2268.098
601.2009, 2264.656
601.6830, 2262.898
602.1651, 2262.333
602.6472, 2262.203
603.1293, 2259.469
603.6115, 2251.550
604.0936, 2245.788
604.5757, 2245.190
605.0578, 2244.470
605.5399, 2240.327
606.0220, 2233.161
606.5042, 2224.874
606.9863, 2215.645
607.4684, 2207.254
607.9505, 2203.448
608.4326, 2204.086
608.9147, 2203.528
609.3969, 2199.818
609.8790, 2195.380
610.3611, 2193.205
610.8432, 2193.034
611.3253, 2191.631
611.8074, 2188.052
612.2896, 2183.801
612.7717, 2179.607
613.2538, 2175.292
613.7359, 2170.319
614.2180, 2164.577
614.7001, 2158.782
615.1823, 2153.493
615.6644, 2148.606
616.1465, 2146.477
616.6286, 2150.687
617.1107, 2152.675
617.5928, 2149.021
618.0750, 2142.964
618.5571, 2137.501
619.0392, 2133.272
619.5213, 2129.892
620.0034, 2127.583
620.4855, 2125.804
620.9677, 2123.083
621.4498, 2119.333
621.9319, 2116.030
622.4140, 2113.861
622.8961, 2112.651
623.3782, 2112.460
623.8604, 2114.429
624.3425, 2113.781
624.8246, 2107.290
625.3067, 2100.411
625.7888, 2097.489
626.2709, 2097.191
626.7531, 2095.325
627.2352, 2089.800
627.7173, 2082.923
628.1994, 2079.227
628.6815, 2079.463
629.1636, 2078.579
629.6458, 2075.595
630.1279, 2072.353
630.6100, 2069.578
631.0921, 2067.225
631.5742, 2065.430
632.0563, 2064.626
632.5385, 2063.161
633.0206, 2059.038
633.5027, 2053.627
633.9848, 2049.675
634.4669, 2047.578
634.9490, 2046.266
635.4312, 2045.196
635.9133, 2044.132
636.3954, 2041.879
636.8775, 2035.299
637.3596, 2031.870
637.8417, 2035.060
638.3239, 2038.851
638.8060, 2038.873
639.2881, 2035.521
639.7702, 2031.605
640.2523, 2028.808
640.7344, 2026.385
641.2166, 2022.503
641.6987, 2017.014
642.1808, 2013.324
642.6629, 2013.253
643.1450, 2013.218
643.6271, 2008.767
644.1093, 2001.381
644.5914, 1996.740
645.0735, 1998.420
645.5556, 1999.809
646.0377, 1997.287
646.5198, 1992.826
647.0020, 1989.077
647.4841, 1986.616
647.9662, 1984.791
648.4483, 1983.079
648.9304, 1981.477
649.4125, 1979.928
649.8947, 1978.724
650.3768, 1977.028
650.8589, 1974.995
651.3410, 1972.217
651.8231, 1967.531
652.3052, 1961.538
652.7874, 1957.012
653.2695, 1955.901
653.7516, 1956.392
654.2337, 1957.106
654.7158, 1957.686
655.1979, 1956.247
655.6801, 1952.071
656.1622, 1946.759
656.6443, 1941.841
657.1264, 1937.308
657.6085, 1933.639
658.0906, 1930.122
658.5728, 1928.223
659.0549, 1930.382
659.5370, 1933.060
660.0191, 1932.027
660.5012, 1927.117
660.9833, 1922.094
661.4655, 1920.407
661.9476, 1920.736
662.4297, 1918.542
662.9118, 1913.337
663.3939, 1909.709
663.8760, 1910.264
664.3582, 1911.554
664.8403, 1908.556
665.3224, 1901.710
665.8045, 1897.325
666.2866, 1898.584
666.7687, 1900.255
667.2509, 1899.689
667.7330, 1897.505
668.2151, 1894.365
668.6972, 1890.651
669.1793, 1887.674
669.6614, 1887.232
670.1436, 1888.953
670.6257, 1887.197
671.1078, 1879.711
671.5899, 1873.393
672.0720, 1870.918
672.5541, 1869.773
673.0363, 1868.437
673.5184, 1866.705
674.0005, 1864.107
674.4826, 1859.244
674.9647, 1854.344
675.4468, 1852.023
675.9290, 1851.519
676.4111, 1850.371
676.8932, 1847.799
677.3753, 1845.037
677.8574, 1843.504
678.3395, 1843.226
678.8217, 1843.562
679.3038, 1847.472
679.7859, 1848.098
680.2680, 1841.135
680.7501, 1832.584
681.2322, 1828.008
681.7144, 1827.746
682.1965, 1828.245
682.6786, 1827.554
683.1607, 1826.007
683.6428, 1824.075
684.1249, 1821.757
684.6071, 1818.980
685.0892, 1815.538
685.5713, 1812.248
686.0534, 1810.107
686.5355, 1809.202
687.0176, 1807.936
687.4998, 1805.902
687.9819, 1804.035
688.4640, 1803.037
688.9461, 1802.019
689.4282, 1799.604
689.9103, 1795.984
690.3925, 1793.165
690.8746, 1793.280
691.3567, 1794.674
691.8388, 1792.929
692.3209, 1787.906
692.8030, 1783.779
693.2852, 1782.273
693.7673, 1780.799
694.2494, 1775.881
694.7315, 1767.899
695.2136, 1762.832
695.6957, 1762.845
696.1779, 1763.430
696.6600, 1763.675
697.1421, 1763.318
697.6242, 1761.782
698.1063, 1759.240
698.5884, 1756.647
699.0706, 1754.571
699.5527, 1753.234
700.0348, 1753.877
700.5169, 1757.117
700.9990, 1758.179
701.4811, 1755.285
701.9633, 1751.161
702.4454, 1747.382
702.9275, 1744.166
703.4096, 1742.418
703.8917, 1743.695
704.3738, 1744.479
704.8560, 1743.318
705.3381, 1740.857
705.8202, 1737.092
706.3023, 1732.585
706.7844, 1729.378
707.2665, 1729.038
707.7487, 1730.359
708.2308, 1729.884
708.7129, 1727.042
709.1950, 1725.126
709.6771, 1725.164
710.1592, 1725.357
710.6414, 1724.900
711.1235, 1723.730
711.6056, 1721.497
712.0877, 1717.509
712.5698, 1713.986
713.0519, 1712.759
713.5341, 1712.162
714.0162, 1709.308
714.4983, 1704.876
714.9804, 1702.992
715.4625, 1706.234
715.9446, 1711.734
716.4268, 1713.291
716.9089, 1710.071
717.3910, 1706.622
717.8731, 1702.627
718.3552, 1698.986
718.8373, 1695.875
719.3195, 1693.426
719.8016, 1692.286
720.2837, 1692.972
720.7658, 1692.366
721.2479, 1687.120
721.7300, 1681.154
722.2122, 1679.350
722.6943, 1680.792
723.1764, 1681.327
723.6585, 1679.135
724.1406, 1675.744
724.6227, 1673.482
725.1049, 1672.467
725.5870, 1671.341
726.0691, 1670.199
726.5512, 1668.789
727.0333, 1666.330
727.5154, 1663.994
727.9976, 1663.062
728.4797, 1663.624
728.9618, 1664.646
729.4439, 1666.623
729.9260, 1668.070
730.4081, 1667.572
730.8903, 1665.475
731.3724, 1662.295
731.8545, 1658.283
732.3366, 1654.578
732.8187, 1652.528
733.3008, 1651.934
733.7830, 1650.147
734.2651, 1646.148
734.7472, 1643.188
735.2293, 1642.924
735.7114, 1643.198
736.1935, 1643.141
736.6757, 1642.430
737.1578, 1639.910
737.6399, 1633.776
738.1220, 1627.625
738.6041, 1624.078
739.0862, 1621.996
739.5684, 1619.487
740.0505, 1616.378
740.5326, 1613.857
741.0147, 1612.868
741.4968, 1612.853
741.9789, 1611.948
742.4611, 1609.599
742.9432, 1608.479
743.4253, 1610.202
743.9074, 1611.450
744.3895, 1610.084
744.8716, 1607.052
745.3538, 1603.964
745.8359, 1600.911
746.3180, 1598.330
746.8001, 1597.022
747.2822, 1595.867
747.7643, 1593.100
748.2465, 1589.398
748.7286, 1587.345
749.2107, 1588.132
749.6928, 1589.724
750.1749, 1589.023
750.6570, 1585.922
751.1392, 1582.512
751.6213, 1578.037
752.1034, 1575.008
752.5855, 1575.523
753.0676, 1577.241
753.5497, 1577.519
754.0319, 1576.299
754.5140, 1574.058
754.9961, 1569.671
755.4782, 1565.568
755.9603, 1563.053
756.4424, 1561.859
756.9246, 1562.167
757.4067, 1563.596
757.8888, 1564.105
758.3709, 1561.822
758.8530, 1557.390
759.3351, 1552.550
759.8173, 1547.062
760.2994, 1543.437
760.7815, 1542.789
761.2636, 1543.170
761.7457, 1543.399
762.2278, 1543.343
762.7100, 1542.442
763.1921, 1540.661
763.6742, 1538.094
764.1563, 1534.068
764.6384, 1529.858
765.1205, 1525.984
765.6027, 1522.872
766.0848, 1521.680
766.5669, 1523.069
767.0490, 1524.479
767.5311, 1521.673
768.0132, 1515.652
768.4954, 1512.294
768.9775, 1512.220
769.4596, 1512.486
769.9417, 1511.957
770.4238, 1510.515
770.9059, 1507.563
771.3881, 1502.103
771.8702, 1499.324
772.3523, 1501.788
772.8344, 1503.763
773.3165, 1503.323
773.7986, 1501.332
774.2808, 1498.311
774.7629, 1494.672
775.2450, 1491.660
775.7271, 1490.181
776.2092, 1489.746
776.6913, 1490.395
777.1735, 1491.591
777.6556, 1490.686
778.1377, 1486.996
778.6198, 1483.161
779.1019, 1481.515
779.5840, 1481.571
780.0662, 1480.888
780.5483, 1479.377
781.0304, 1477.269
781.5125, 1473.089
781.9946, 1469.832
782.4767, 1469.620
782.9589, 1471.207
783.4410, 1472.483
783.9231, 1473.200
784.4052, 1472.225
784.8873, 1467.199
785.3694, 1461.236
785.8516, 1458.327
786.3337, 1458.042
786.8158, 1458.262
787.2979, 1458.122
787.7800, 1457.427
788.2621, 1456.030
788.7443, 1453.914
789.2264, 1449.681
789.7085, 1441.499
790.1906, 1436.410
790.6727, 1437.914
791.1548, 1441.926
791.6370, 1445.238
792.1191, 1447.698
792.6012, 1447.908
793.0833, 1443.324
793.5654, 1439.366
794.0475, 1438.595
794.5297, 1439.078
795.0118, 1439.222
795.4939, 1438.684
795.9760, 1437.461
796.4581, 1435.560
796.9402, 1432.900
797.4224, 1428.403
797.9045, 1422.677
798.3866, 1420.484
798.8687, 1422.592
799.3508, 1424.754
799.8329, 1424.729
800.3151, 1423.632
800.7972, 1423.689
801.2793, 1425.683
801.7614, 1425.688
802.2435, 1422.312
802.7256, 1418.868
803.2078, 1415.609
803.6899, 1413.226
804.1720, 1412.634
804.6541, 1413.729
805.1362, 1415.248
805.6183, 1417.150
806.1005, 1418.453
806.5826, 1417.432
807.0647, 1415.179
807.5468, 1414.555
808.0289, 1415.830
808.5110, 1416.344
808.9932, 1414.007
809.4753, 1410.304
809.9574, 1409.452
810.4395, 1412.351
810.9216, 1414.015
811.4037, 1413.840
811.8859, 1413.002
812.3680, 1411.549
812.8501, 1410.029
813.3322, 1409.253
813.8143, 1409.317
814.2964, 1409.668
814.7786, 1409.756
815.2607, 1410.547
815.7428, 1413.823
816.2249, 1417.572
816.7070, 1418.288
817.1891, 1415.867
817.6713, 1413.988
818.1534, 1415.819
818.6355, 1419.344
819.1176, 1420.470
819.5997, 1419.526
820.0818, 1419.080
820.5640, 1419.570
821.0461, 1420.747
821.5282, 1422.695
822.0103, 1424.910
822.4924, 1425.777
822.9745, 1424.276
823.4567, 1423.710
823.9388, 1424.078
824.4209, 1425.383
824.9030, 1428.982
825.3851, 1432.849
825.8672, 1433.811
826.3494, 1431.528
826.8315, 1430.331
827.3136, 1433.613
827.7957, 1437.523
828.2778, 1439.032
828.7599, 1438.749
829.2421, 1437.193
829.7242, 1434.904
830.2063, 1433.863
830.6884, 1435.726
831.1705, 1439.432
831.6526, 1442.275
832.1348, 1444.178
832.6169, 1446.823
833.0990, 1450.459
833.5811, 1454.743
834.0632, 1460.291
834.5453, 1465.739
835.0275, 1467.895
835.5096, 1465.208
835.9917, 1463.719
836.4738, 1462.974
836.9559, 1463.976
837.4380, 1468.620
837.9202, 1474.259
838.4023, 1477.791
838.8844, 1479.068
839.3665, 1480.532
839.8486, 1484.297
840.3307, 1487.872
840.8129, 1488.119
841.2950, 1486.526
841.7771, 1485.409
842.2592, 1485.434
842.7413, 1488.235
843.2234, 1495.141
843.7056, 1503.367
844.1877, 1506.697
844.6698, 1504.594
845.1519, 1504.110
845.6340, 1505.753
846.1161, 1508.100
846.5983, 1510.749
847.0804, 1513.616
847.5625, 1516.951
848.0446, 1520.877
848.5267, 1523.161
849.0089, 1520.469
849.4910, 1520.290
849.9731, 1526.934
850.4552, 1535.269
850.9373, 1541.485
851.4194, 1545.112
851.9016, 1546.338
852.3837, 1544.633
852.8658, 1542.845
853.3479, 1542.853
853.8300, 1544.877
854.3121, 1551.015
854.7943, 1559.986
855.2764, 1565.273
855.7585, 1563.997
856.2406, 1560.795
856.7227, 1561.750
857.2048, 1566.528
857.6870, 1571.081
858.1691, 1575.551
858.6512, 1579.109
859.1333, 1581.530
859.6154, 1582.965
860.0975, 1583.058
860.5797, 1582.170
861.0618, 1582.348
861.5439, 1584.145
862.0260, 1586.061
862.5081, 1587.085
862.9902, 1589.076
863.4724, 1594.552
863.9545, 1601.210
864.4366, 1605.120
864.9187, 1605.397
865.4008, 1605.030
865.8829, 1605.933
866.3651, 1607.303
866.8472, 1608.059
867.3293, 1608.568
867.8114, 1609.580
868.2935, 1611.329
868.7756, 1614.386
869.2578, 1619.513
869.7399, 1625.123
870.2220, 1626.435
870.7041, 1623.121
871.1862, 1622.580
871.6683, 1625.948
872.1505, 1630.222
872.6326, 1634.141
873.1147, 1637.747
873.5968, 1640.951
874.0789, 1643.413
874.5610, 1647.291
875.0432, 1656.302
875.5253, 1661.742
876.0074, 1658.444
876.4895, 1653.357
876.9716, 1652.349
877.4537, 1654.955
877.9359, 1657.466
878.4180, 1658.574
878.9001, 1659.571
879.3822, 1661.729
879.8643, 1663.869
880.3464, 1664.092
880.8286, 1663.166
881.3107, 1663.416
881.7928, 1665.659
882.2749, 1668.772
882.7570, 1671.756
883.2391, 1674.569
883.7213, 1677.053
884.2034, 1679.216
884.6855, 1681.041
885.1676, 1682.494
885.6497, 1683.827
886.1318, 1685.273
886.6140, 1686.718
887.0961, 1687.855
887.5782, 1689.056
888.0603, 1688.830
888.5424, 1684.767
889.0245, 1682.587
889.5067, 1686.315
889.9888, 1692.051
890.4709, 1694.880
890.9530, 1694.658
891.4351, 1696.158
891.9172, 1703.836
892.3994, 1709.090
892.8815, 1706.027
893.3636, 1700.723
893.8457, 1699.012
894.3278, 1700.597
894.8099, 1702.440
895.2921, 1703.260
895.7742, 1704.038
896.2563, 1705.484
896.7384, 1707.624
897.2205, 1711.314
897.7026, 1715.836
898.1848, 1717.998
898.6669, 1716.922
899.1490, 1715.374
899.6311, 1716.023
900.1132, 1718.386
900.5953, 1721.063
901.0775, 1724.254
901.5596, 1724.822
902.0417, 1721.034
902.5238, 1719.107
903.0059, 1723.958
903.4880, 1731.739
903.9702, 1734.200
904.4523, 1729.282
904.9344, 1727.253
905.4165, 1729.516
905.8986, 1732.825
906.3807, 1737.452
906.8629, 1742.073
907.3450, 1746.132
907.8271, 1749.246
908.3092, 1750.155
908.7913, 1747.843
909.2734, 1744.758
909.7556, 1740.564
910.2377, 1737.305
910.7198, 1737.089
911.2019, 1739.152
911.6840, 1742.199
912.1661, 1745.665
912.6483, 1748.574
913.1304, 1750.159
913.6125, 1750.662
914.0946, 1750.034
914.5767, 1748.658
915.0588, 1747.423
915.5410, 1746.613
916.0231, 1747.426
916.5052, 1750.782
916.9873, 1755.289
917.4694, 1758.252
917.9515, 1759.612
918.4337, 1761.162
918.9158, 1763.119
919.3979, 1764.300
919.8800, 1764.233
920.3621, 1763.297
920.8442, 1761.416
921.3264, 1758.853
921.8085, 1758.472
922.2906, 1760.789
922.7727, 1764.498
923.2548, 1773.401
923.7369, 1779.452
924.2191, 1776.845
924.7012, 1769.900
925.1833, 1764.834
925.6654, 1762.377
926.1475, 1761.225
926.6296, 1761.100
927.1118, 1762.084
927.5939, 1765.968
928.0760, 1769.757
928.5581, 1769.339
929.0402, 1765.681
929.5223, 1762.799
930.0045, 1762.239
930.4866, 1764.260
930.9687, 1771.907
931.4508, 1780.593
931.9329, 1781.544
932.4150, 1777.135
932.8972, 1776.635
933.3793, 1782.131
933.8614, 1786.620
934.3435, 1783.654
934.8256, 1776.279
935.3077, 1771.285
935.7899, 1768.691
936.2720, 1769.384
936.7541, 1773.785
937.2362, 1777.778
937.7183, 1779.481
938.2004, 1779.239
938.6826, 1777.208
939.1647, 1773.315
939.6468, 1771.188
940.1289, 1771.465
940.6110, 1771.985
941.0931, 1772.556
941.5753, 1773.008
942.0574, 1773.555
942.5395, 1773.829
943.0216, 1772.512
943.5037, 1768.218
943.9858, 1766.616
944.4680, 1771.434
944.9501, 1775.041
945.4322, 1772.724
945.9143, 1769.160
946.3964, 1769.698
946.8785, 1773.837
947.3607, 1776.982
947.8428, 1777.581
948.3249, 1777.022
948.8070, 1774.420
949.2891, 1772.383
949.7712, 1774.264
950.2534, 1778.370
950.7355, 1781.097
951.2176, 1781.541
951.6997, 1781.397
952.1818, 1781.931
952.6639, 1782.568
953.1461, 1782.996
953.6282, 1782.795
954.1103, 1779.740
954.5924, 1774.545
955.0745, 1772.881
955.5566, 1777.639
956.0388, 1783.522
956.5209, 1782.579
957.0030, 1776.551
957.4851, 1774.443
957.9672, 1776.235
958.4493, 1778.801
958.9315, 1781.650
959.4136, 1783.579
959.8957, 1783.708
960.3778, 1782.309
960.8599, 1779.942
961.3420, 1776.393
961.8242, 1772.871
962.3063, 1768.956
962.7884, 1766.145
963.2705, 1765.179
963.7526, 1765.205
964.2347, 1765.681
964.7169, 1766.476
965.1990, 1766.626
965.6811, 1765.835
966.1632, 1764.841
966.6453, 1761.904
967.1274, 1760.770
967.6096, 1765.537
968.0917, 1771.518
968.5738, 1771.968
969.0559, 1766.806
969.5380, 1763.502
970.0201, 1764.657
970.5023, 1766.858
970.9844, 1771.142
971.4665, 1773.969
971.9486, 1771.116
972.4307, 1765.007
972.9128, 1760.436
973.3950, 1758.688
973.8771, 1758.621
974.3592, 1761.293
974.8413, 1763.604
975.3234, 1762.706
975.8055, 1759.773
976.2877, 1755.406
976.7698, 1750.718
977.2519, 1748.951
977.7340, 1751.726
978.2161, 1754.804
978.6982, 1752.563
979.1804, 1748.031
979.6625, 1747.412
980.1446, 1749.640
980.6267, 1750.365
981.1088, 1748.895
981.5909, 1748.523
982.0731, 1751.737
982.5552, 1755.951
983.0373, 1755.893
983.5194, 1752.315
984.0015, 1751.180
984.4836, 1752.646
984.9658, 1752.564
985.4479, 1749.538
985.9300, 1745.329
986.4121, 1741.278
986.8942, 1737.764
987.3763, 1736.378
987.8585, 1737.414
988.3406, 1738.790
988.8227, 1740.620
989.3048, 1742.108
989.7869, 1743.149
990.2690, 1743.235
990.7512, 1741.546
991.2333, 1738.240
991.7154, 1735.290
992.1975, 1732.097
992.6796, 1730.595
993.1617, 1732.298
993.6439, 1733.788
994.1260, 1733.184
994.6081, 1731.605
995.0902, 1730.834
995.5723, 1729.446
996.0544, 1727.546
996.5366, 1726.654
997.0187, 1723.950
997.5008, 1722.410
997.9829, 1721.524
998.4650, 1720.955
998.9471, 1720.827
999.4293, 1721.720
999.9114, 1723.796
1000.393, 1724.822
1000.876, 1724.697
1001.358, 1722.737
1001.840, 1716.493
1002.322, 1710.131
1002.804, 1707.810
1003.286, 1708.307
1003.768, 1708.024
1004.250, 1705.926
1004.733, 1704.195
1005.215, 1704.999
1005.697, 1705.548
1006.179, 1703.258
1006.661, 1699.787
1007.143, 1696.960
1007.625, 1695.110
1008.107, 1694.219
1008.589, 1694.345
1009.072, 1694.654
1009.554, 1695.026
1010.036, 1694.712
1010.518, 1691.999
1011.000, 1688.188
1011.482, 1686.273
1011.964, 1686.212
1012.446, 1685.147
1012.929, 1681.410
1013.411, 1676.965
1013.893, 1673.708
1014.375, 1671.659
1014.857, 1671.739
1015.339, 1673.055
1015.821, 1671.802
1016.303, 1667.631
1016.785, 1665.446
1017.268, 1668.991
1017.750, 1673.757
1018.232, 1671.578
1018.714, 1664.245
1019.196, 1658.709
1019.678, 1655.215
1020.160, 1653.846
1020.642, 1654.594
1021.125, 1655.446
1021.607, 1654.855
1022.089, 1653.019
1022.571, 1650.156
1023.053, 1646.308
1023.535, 1642.753
1024.017, 1639.555
1024.499, 1635.972
1024.981, 1631.610
1025.464, 1628.092
1025.946, 1627.196
1026.428, 1627.766
1026.910, 1625.848
1027.392, 1621.045
1027.874, 1617.638
1028.356, 1615.947
1028.838, 1614.565
1029.321, 1612.553
1029.803, 1612.279
1030.285, 1617.077
1030.767, 1624.910
1031.249, 1626.244
1031.731, 1619.028
1032.213, 1613.135
1032.695, 1609.137
1033.177, 1605.718
1033.660, 1602.845
1034.142, 1599.487
1034.624, 1593.497
1035.106, 1586.050
1035.588, 1585.368
1036.070, 1597.781
1036.552, 1601.341
1037.034, 1590.026
1037.516, 1579.487
1037.999, 1575.160
1038.481, 1574.734
1038.963, 1577.391
1039.445, 1582.278
1039.927, 1582.613
1040.409, 1573.951
1040.891, 1568.628
1041.373, 1569.719
1041.855, 1570.319
1042.338, 1566.729
1042.820, 1562.326
1043.302, 1561.371
1043.784, 1563.162
1044.266, 1562.130
1044.748, 1556.539
1045.230, 1550.801
1045.712, 1543.968
1046.195, 1538.461
1046.677, 1535.780
1047.159, 1534.496
1047.641, 1533.455
1048.123, 1532.469
1048.605, 1530.798
1049.087, 1527.751
1049.569, 1525.107
1050.052, 1523.952
1050.534, 1522.268
1051.016, 1519.000
1051.498, 1514.804
1051.980, 1509.842
1052.462, 1504.510
1052.944, 1500.590
1053.426, 1498.748
1053.908, 1497.576
1054.391, 1497.681
1054.873, 1497.323
1055.355, 1494.733
1055.837, 1491.820
1056.319, 1491.347
1056.801, 1492.802
1057.283, 1492.544
1057.765, 1488.563
1058.248, 1485.621
1058.730, 1486.724
1059.212, 1487.395
1059.694, 1484.436
1060.176, 1480.189
1060.658, 1477.837
1061.140, 1476.964
1061.622, 1474.329
1062.104, 1468.153
1062.587, 1462.815
1063.069, 1459.751
1063.551, 1458.148
1064.033, 1459.544
1064.515, 1460.733
1064.997, 1456.818
1065.479, 1449.220
1065.961, 1444.717
1066.443, 1446.379
1066.926, 1447.156
1067.408, 1442.994
1067.890, 1438.465
1068.372, 1436.240
1068.854, 1435.158
1069.336, 1434.317
1069.818, 1433.229
1070.300, 1430.784
1070.782, 1426.191
1071.265, 1422.516
1071.747, 1422.234
1072.229, 1421.942
1072.711, 1419.945
1073.193, 1416.587
1073.675, 1411.691
1074.157, 1405.964
1074.639, 1401.077
1075.122, 1397.589
1075.604, 1394.194
1076.086, 1389.306
1076.568, 1385.512
1077.050, 1385.432
1077.532, 1386.333
1078.014, 1385.770
1078.496, 1383.651
1078.979, 1380.078
1079.461, 1374.930
1079.943, 1371.302
1080.425, 1371.994
1080.907, 1372.917
1081.389, 1371.718
1081.871, 1369.785
1082.353, 1368.422
1082.835, 1367.446
1083.318, 1366.244
1083.800, 1364.677
1084.282, 1362.803
1084.764, 1360.078
1085.246, 1357.780
1085.728, 1357.171
1086.210, 1356.684
1086.692, 1354.797
1087.175, 1352.086
1087.657, 1349.719
1088.139, 1347.907
1088.621, 1346.212
1089.103, 1344.758
1089.585, 1342.960
1090.067, 1339.924
1090.549, 1337.066
1091.031, 1335.527
1091.514, 1334.860
1091.996, 1334.206
1092.478, 1333.530
1092.960, 1333.719
1093.442, 1336.076
1093.924, 1337.445
1094.406, 1337.825
1094.888, 1335.576
1095.370, 1326.936
1095.853, 1316.796
1096.335, 1311.495
1096.817, 1310.877
1097.299, 1310.595
1097.781, 1309.921
1098.263, 1308.470
1098.745, 1305.737
1099.227, 1302.677
1099.709, 1298.883
1100.192, 1295.719
1100.674, 1295.182
1101.156, 1296.517
1101.638, 1297.049
1102.120, 1296.348
1102.602, 1294.489
1103.084, 1289.361
1103.566, 1285.771
1104.049, 1287.228
1104.531, 1289.523
1105.013, 1288.833
1105.495, 1286.145
1105.977, 1284.190
1106.459, 1283.302
1106.941, 1283.022
1107.423, 1282.882
1107.906, 1283.888
1108.388, 1288.617
1108.870, 1292.224
1109.352, 1291.082
1109.834, 1286.864
1110.316, 1282.407
1110.798, 1277.858
1111.280, 1273.116
1111.762, 1267.686
1112.245, 1262.801
1112.727, 1257.693
1113.209, 1254.202
1113.691, 1254.761
1114.173, 1256.476
1114.655, 1255.225
1115.137, 1251.321
1115.619, 1249.129
1116.102, 1248.825
1116.584, 1250.016
1117.066, 1255.314
1117.548, 1258.129
1118.030, 1254.529
1118.512, 1249.278
1118.994, 1246.787
1119.476, 1246.430
1119.958, 1245.706
1120.441, 1244.431
1120.923, 1243.279
1121.405, 1241.646
1121.887, 1241.650
1122.369, 1244.871
1122.851, 1247.985
1123.333, 1248.586
1123.815, 1247.346
1124.297, 1245.719
1124.780, 1243.741
1125.262, 1240.833
1125.744, 1236.323
1126.226, 1233.500
1126.708, 1233.095
1127.190, 1233.994
1127.672, 1235.905
1128.154, 1238.027
1128.636, 1239.382
1129.119, 1239.833
1129.601, 1237.511
1130.083, 1231.822
1130.565, 1230.464
1131.047, 1234.801
1131.529, 1237.849
1132.011, 1236.752
1132.493, 1233.554
1132.976, 1229.859
1133.458, 1226.608
1133.940, 1227.444
1134.422, 1231.842
1134.904, 1232.616
1135.386, 1229.650
1135.868, 1227.247
1136.350, 1226.584
1136.833, 1226.668
1137.315, 1226.785
1137.797, 1227.361
1138.279, 1229.704
1138.761, 1232.983
1139.243, 1234.203
1139.725, 1233.689
1140.207, 1232.848
1140.689, 1231.901
1141.172, 1230.152
1141.654, 1227.290
1142.136, 1225.196
1142.618, 1226.479
1143.100, 1229.130
1143.582, 1229.939
1144.064, 1229.444
1144.546, 1228.170
1145.029, 1226.716
1145.511, 1226.444
1145.993, 1227.717
1146.475, 1230.118
1146.957, 1234.218
1147.439, 1237.105
1147.921, 1234.724
1148.403, 1230.490
1148.885, 1228.564
1149.368, 1227.882
1149.850, 1226.011
1150.332, 1222.929
1150.814, 1220.231
1151.296, 1218.492
1151.778, 1217.805
1152.260, 1218.446
1152.742, 1219.917
1153.224, 1222.753
1153.707, 1225.552
1154.189, 1227.390
1154.671, 1227.836
1155.153, 1225.604
1155.635, 1220.388
1156.117, 1217.045
1156.599, 1219.032
1157.081, 1220.369
1157.563, 1217.964
1158.046, 1215.704
1158.528, 1216.330
1159.010, 1218.334
1159.492, 1219.693
1159.974, 1220.371
1160.456, 1221.215
1160.938, 1221.820
1161.420, 1223.512
1161.903, 1228.698
1162.385, 1231.590
1162.867, 1229.857
1163.349, 1226.048
1163.831, 1220.866
1164.313, 1215.771
1164.795, 1214.725
1165.277, 1218.385
1165.760, 1220.429
1166.242, 1220.211
1166.724, 1220.471
1167.206, 1221.736
1167.688, 1223.196
1168.170, 1224.527
1168.652, 1225.603
1169.134, 1226.246
1169.616, 1226.505
1170.099, 1226.626
1170.581, 1226.613
1171.063, 1226.094
1171.545, 1225.040
1172.027, 1223.579
1172.509, 1221.721
1172.991, 1220.805
1173.473, 1221.995
1173.956, 1223.831
1174.438, 1223.568
1174.920, 1221.945
1175.402, 1221.350
1175.884, 1221.569
1176.366, 1221.598
1176.848, 1221.457
1177.330, 1222.437
1177.813, 1225.003
1178.295, 1226.762
1178.777, 1224.627
1179.259, 1222.029
1179.741, 1224.070
1180.223, 1227.791
1180.705, 1229.504
1181.187, 1229.177
1181.669, 1227.019
1182.151, 1223.513
1182.634, 1220.125
1183.116, 1217.235
1183.598, 1215.691
1184.080, 1217.004
1184.562, 1218.658
1185.044, 1219.262
1185.526, 1219.097
1186.008, 1218.034
1186.490, 1216.642
1186.973, 1215.981
1187.455, 1216.212
1187.937, 1217.416
1188.419, 1220.721
1188.901, 1223.341
1189.383, 1225.337
1189.865, 1225.840
1190.347, 1222.662
1190.830, 1219.126
1191.312, 1218.886
1191.794, 1221.417
1192.276, 1224.393
1192.758, 1229.100
1193.240, 1229.515
1193.722, 1223.745
1194.204, 1219.357
1194.687, 1218.242
1195.169, 1218.420
1195.651, 1218.846
1196.133, 1219.279
1196.615, 1219.367
1197.097, 1219.096
1197.579, 1217.886
1198.061, 1215.884
1198.543, 1216.281
1199.026, 1219.250
1199.508, 1223.176
1199.990, 1227.375
1200.472, 1229.985
1200.954, 1229.361
1201.436, 1226.994
1201.918, 1224.195
1202.400, 1221.823
1202.883, 1221.803
1203.365, 1223.583
1203.847, 1226.677
1204.329, 1230.172
1204.811, 1231.690
1205.293, 1230.388
1205.775, 1228.039
1206.257, 1224.947
1206.740, 1222.509
1207.222, 1221.835
1207.704, 1222.185
1208.186, 1223.547
1208.668, 1225.093
1209.150, 1225.543
1209.632, 1225.051
1210.114, 1225.096
1210.596, 1226.346
1211.078, 1227.000
1211.561, 1226.556
1212.043, 1225.667
1212.525, 1223.633
1213.007, 1222.167
1213.489, 1222.326
1213.971, 1223.734
1214.453, 1226.337
1214.935, 1229.935
1215.417, 1230.732
1215.900, 1227.633
1216.382, 1225.867
1216.864, 1225.877
1217.346, 1226.731
1217.828, 1228.443
1218.310, 1229.089
1218.792, 1226.888
1219.274, 1224.025
1219.757, 1225.446
1220.239, 1222.875
1220.721, 1227.673
1221.203, 1221.316
1221.685, 1218.078
1222.167, 1218.794
1222.649, 1222.500
1223.131, 1228.508
1223.614, 1233.781
1224.096, 1235.821
1224.578, 1236.775
1225.060, 1239.322
1225.542, 1241.820
1226.024, 1242.437
1226.506, 1241.525
1226.988, 1239.034
1227.470, 1235.785
1227.953, 1234.072
1228.435, 1234.629
1228.917, 1233.908
1229.399, 1228.283
1229.881, 1224.435
1230.363, 1225.388
1230.845, 1227.746
1231.327, 1231.556
1231.810, 1234.179
1232.292, 1230.964
1232.774, 1223.948
1233.256, 1221.505
1233.738, 1225.164
1234.220, 1226.551
1234.702, 1224.279
1235.184, 1224.726
1235.667, 1230.211
1236.149, 1233.587
1236.631, 1230.604
1237.113, 1226.564
1237.595, 1228.183
1238.077, 1227.115
1238.559, 1227.359
1239.041, 1229.824
1239.523, 1229.635
1240.005, 1232.186
1240.488, 1234.210
1240.970, 1234.899
1241.452, 1234.129
1241.934, 1231.818
1242.416, 1229.635
1242.898, 1229.081
1243.380, 1229.414
1243.862, 1230.442
1244.344, 1231.458
1244.827, 1230.857
1245.309, 1230.086
1245.791, 1232.330
1246.273, 1237.124
1246.755, 1240.285
1247.237, 1240.725
1247.719, 1239.592
1248.201, 1235.545
1248.684, 1232.213
1249.166, 1230.451
1249.648, 1230.022
1250.130, 1231.570
1250.612, 1233.584
1251.094, 1233.889
1251.576, 1232.846
1252.058, 1232.867
1252.541, 1234.158
1253.023, 1235.151
1253.505, 1235.841
1253.987, 1235.282
1254.469, 1233.188
1254.951, 1233.218
1255.433, 1237.594
1255.915, 1242.904
1256.397, 1245.060
1256.880, 1245.273
1257.362, 1245.886
1257.844, 1246.335
1258.326, 1244.738
1258.808, 1242.250
1259.290, 1241.926
1259.772, 1243.913
1260.254, 1245.951
1260.737, 1247.115
1261.219, 1248.385
1261.701, 1251.572
1262.183, 1253.267
1262.665, 1250.521
1263.147, 1247.062
1263.629, 1244.220
1264.111, 1243.220
1264.594, 1247.102
1265.076, 1254.545
1265.558, 1257.822
1266.040, 1255.767
1266.522, 1253.446
1267.004, 1250.119
1267.486, 1249.378
1267.968, 1252.413
1268.450, 1255.784
1268.932, 1257.865
1269.415, 1258.765
1269.897, 1258.611
1270.379, 1257.377
1270.861, 1253.877
1271.343, 1254.300
1271.825, 1253.507
1272.307, 1253.149
1272.789, 1254.614
1273.271, 1254.164
1273.754, 1255.973
1274.236, 1261.507
1274.718, 1265.996
1275.200, 1265.152
1275.682, 1264.180
1276.164, 1267.664
1276.646, 1270.437
1277.128, 1267.559
1277.611, 1262.869
1278.093, 1261.010
1278.575, 1261.298
1279.057, 1260.219
1279.539, 1261.186
1280.021, 1263.278
1280.503, 1263.836
1280.985, 1268.061
1281.468, 1269.903
1281.950, 1270.485
1282.432, 1269.918
1282.914, 1269.823
1283.396, 1271.795
1283.878, 1274.139
1284.360, 1272.787
1284.842, 1269.027
1285.324, 1266.706
##END=



