##NAMES=Grossular
##RRUFFID=R060382
##IDEAL CHEMISTRY=Ca_3_Al_2_(SiO_4_)_3_
##LOCALITY=Lalatema, near Mount Kilimanjaro, Tanzania
##OWNER=RRUFF
##SOURCE=Herb Obodda
##DESCRIPTION=Pale tan colored fragment
##STATUS=The identification of this mineral has been confirmed by X-ray diffraction and chemical analysis
##URL=rruff.info/R060382
##MEASURED CHEMISTRY=(Ca_2.95_Mg_0.03_Mn_0.02_)_Σ=3_Al_2.00_((Si_0.99_Ti_0.01_)_Σ=1_O_4_)_3_; trace amounts of Fe
90.67200, 82.62800
91.15400, 79.66200
91.63600, 77.25900
92.11800, 74.99900
92.60000, 73.07400
93.08200, 72.24100
93.56500, 73.71200
94.04700, 77.94000
94.52900, 81.11400
95.01100, 82.19600
95.49300, 82.66000
95.97500, 83.20100
96.45700, 83.89800
96.93900, 84.28800
97.42200, 83.64500
97.90400, 81.45700
98.38600, 79.37400
98.86800, 77.14600
99.35000, 75.22500
99.83200, 73.93200
100.3140, 73.36400
100.7960, 73.44000
101.2780, 74.06200
101.7610, 76.38100
102.2430, 77.63200
102.7250, 76.52300
103.2070, 74.77400
103.6890, 74.41700
104.1710, 76.43100
104.6530, 79.96300
105.1350, 81.80700
105.6180, 80.57800
106.1000, 79.26000
106.5820, 78.08900
107.0640, 77.12400
107.5460, 76.31600
108.0280, 75.55600
108.5100, 74.98800
108.9920, 75.78200
109.4740, 78.79600
109.9560, 81.95000
110.4390, 84.66500
110.9210, 86.90800
111.4030, 88.66700
111.8850, 89.95500
112.3670, 90.70700
112.8490, 90.95900
113.3310, 90.04300
113.8130, 89.17800
114.2960, 89.15300
114.7780, 89.98600
115.2600, 91.28800
115.7420, 92.69600
116.2240, 94.34600
116.7060, 96.83900
117.1880, 102.0630
117.6700, 107.2710
118.1520, 108.6600
118.6350, 105.3510
119.1170, 101.8430
119.5990, 102.3930
120.0810, 105.8040
120.5630, 109.4410
121.0450, 113.6440
121.5270, 117.3510
122.0090, 117.6580
122.4920, 112.4660
122.9740, 108.0650
123.4560, 108.3050
123.9380, 112.7480
124.4200, 121.0020
124.9020, 134.7720
125.3840, 152.7190
125.8660, 169.2200
126.3490, 183.9740
126.8310, 196.8520
127.3130, 207.4770
127.7950, 216.2460
128.2770, 225.0550
128.7590, 234.8030
129.2410, 245.5410
129.7230, 257.8380
130.2050, 273.2770
130.6880, 288.9040
131.1700, 303.4310
131.6520, 316.7970
132.1340, 329.6850
132.6160, 344.0280
133.0980, 360.9330
133.5800, 371.8510
134.0620, 371.0820
134.5440, 367.9070
135.0270, 366.4020
135.5090, 366.9800
135.9910, 367.5450
136.4730, 365.2100
136.9550, 358.5230
137.4370, 353.3580
137.9190, 349.9620
138.4010, 347.9530
138.8840, 347.5220
139.3660, 348.5540
139.8480, 350.3510
140.3300, 351.1250
140.8120, 346.8370
141.2940, 350.6010
141.7760, 366.9580
142.2580, 387.0420
142.7400, 403.9720
143.2230, 416.0690
143.7050, 426.9480
144.1870, 443.0720
144.6690, 468.5180
145.1510, 493.4060
145.6330, 516.1610
146.1150, 539.0890
146.5970, 564.7290
147.0790, 593.8020
147.5620, 624.3590
148.0440, 652.4470
148.5260, 674.5620
149.0080, 698.5370
149.4900, 726.4520
149.9720, 755.3280
150.4540, 782.2420
150.9360, 806.1300
151.4190, 827.5700
151.9010, 848.1380
152.3830, 869.5330
152.8650, 887.7530
153.3470, 899.6900
153.8290, 909.0630
154.3110, 920.4380
154.7930, 935.6710
155.2750, 953.7320
155.7580, 972.1100
156.2400, 987.6170
156.7220, 1007.741
157.2040, 1036.118
157.6860, 1069.379
158.1680, 1101.659
158.6500, 1130.115
159.1330, 1157.699
159.6150, 1193.691
160.0970, 1240.289
160.5790, 1290.073
161.0610, 1342.114
161.5430, 1396.083
162.0250, 1451.958
162.5070, 1509.934
162.9890, 1568.773
163.4710, 1625.169
163.9540, 1683.308
164.4360, 1733.665
164.9180, 1768.404
165.4000, 1792.607
165.8820, 1819.800
166.3640, 1858.857
166.8460, 1900.008
167.3280, 1918.142
167.8110, 1912.618
168.2930, 1891.057
168.7750, 1851.002
169.2570, 1796.509
169.7390, 1737.969
170.2210, 1678.346
170.7030, 1619.223
171.1850, 1563.307
171.6670, 1509.218
172.1500, 1460.205
172.6320, 1422.694
173.1140, 1393.197
173.5960, 1357.884
174.0780, 1307.202
174.5600, 1251.509
175.0420, 1209.390
175.5240, 1181.921
176.0070, 1164.303
176.4890, 1155.966
176.9710, 1155.923
177.4530, 1158.765
177.9350, 1159.855
178.4170, 1165.886
178.8990, 1188.586
179.3810, 1235.228
179.8630, 1280.053
180.3460, 1311.940
180.8280, 1330.083
181.3100, 1329.437
181.7920, 1303.900
182.2740, 1260.222
182.7560, 1209.758
183.2380, 1148.038
183.7200, 1092.831
184.2020, 1057.972
184.6850, 1041.373
185.1670, 1028.668
185.6490, 1015.165
186.1310, 1003.793
186.6130, 998.2250
187.0950, 999.6880
187.5770, 1002.523
188.0590, 1002.286
188.5420, 999.5730
189.0240, 999.1630
189.5060, 1003.567
189.9880, 1010.100
190.4700, 1015.318
190.9520, 1019.047
191.4340, 1022.263
191.9160, 1025.520
192.3980, 1028.813
192.8810, 1031.861
193.3630, 1033.442
193.8450, 1036.073
194.3270, 1043.449
194.8090, 1056.340
195.2910, 1067.245
195.7730, 1067.961
196.2550, 1060.462
196.7380, 1059.666
197.2200, 1074.562
197.7020, 1091.433
198.1840, 1095.697
198.6660, 1086.813
199.1480, 1077.094
199.6300, 1074.598
200.1120, 1078.420
200.5940, 1082.923
201.0770, 1086.427
201.5590, 1091.207
202.0410, 1100.970
202.5230, 1115.458
203.0050, 1126.516
203.4870, 1124.602
203.9690, 1113.323
204.4510, 1111.589
204.9340, 1127.510
205.4160, 1147.051
205.8980, 1156.868
206.3800, 1158.222
206.8620, 1161.323
207.3440, 1174.521
207.8260, 1194.941
208.3080, 1210.574
208.7900, 1218.520
209.2730, 1223.701
209.7550, 1227.408
210.2370, 1230.789
210.7190, 1239.860
211.2010, 1262.780
211.6830, 1294.263
212.1650, 1316.749
212.6470, 1325.294
213.1300, 1331.555
213.6120, 1344.543
214.0940, 1362.344
214.5760, 1379.398
215.0580, 1391.293
215.5400, 1400.786
216.0220, 1415.056
216.5040, 1435.970
216.9860, 1457.983
217.4690, 1475.812
217.9510, 1491.822
218.4330, 1511.098
218.9150, 1535.513
219.3970, 1564.543
219.8790, 1598.875
220.3610, 1640.691
220.8430, 1680.803
221.3260, 1711.226
221.8080, 1735.920
222.2900, 1760.568
222.7720, 1784.654
223.2540, 1810.999
223.7360, 1846.145
224.2180, 1892.505
224.7000, 1935.525
225.1820, 1960.938
225.6650, 1979.078
226.1470, 2005.902
226.6290, 2047.867
227.1110, 2096.507
227.5930, 2142.781
228.0750, 2186.547
228.5570, 2229.551
229.0390, 2272.854
229.5210, 2316.120
230.0040, 2359.209
230.4860, 2402.590
230.9680, 2444.915
231.4500, 2484.283
231.9320, 2520.973
232.4140, 2558.195
232.8960, 2598.619
233.3780, 2639.227
233.8610, 2676.192
234.3430, 2709.676
234.8250, 2738.717
235.3070, 2759.451
235.7890, 2773.696
236.2710, 2792.969
236.7530, 2824.689
237.2350, 2858.928
237.7170, 2881.404
238.2000, 2890.493
238.6820, 2896.884
239.1640, 2905.351
239.6460, 2915.213
240.1280, 2925.471
240.6100, 2937.199
241.0920, 2946.531
241.5740, 2946.794
242.0570, 2937.903
242.5390, 2930.532
243.0210, 2924.780
243.5030, 2923.801
243.9850, 2934.858
244.4670, 2960.775
244.9490, 2992.667
245.4310, 3021.226
245.9130, 3046.732
246.3960, 3074.659
246.8780, 3110.946
247.3600, 3148.090
247.8420, 3176.657
248.3240, 3195.369
248.8060, 3209.412
249.2880, 3220.958
249.7700, 3230.587
250.2530, 3247.009
250.7350, 3267.928
251.2170, 3297.829
251.6990, 3344.335
252.1810, 3406.277
252.6630, 3469.529
253.1450, 3523.125
253.6270, 3569.233
254.1090, 3627.910
254.5920, 3706.037
255.0740, 3789.238
255.5560, 3868.986
256.0380, 3947.137
256.5200, 4032.228
257.0020, 4130.507
257.4840, 4238.260
257.9660, 4339.040
258.4480, 4427.808
258.9310, 4516.771
259.4130, 4613.653
259.8950, 4712.526
260.3770, 4805.669
260.8590, 4890.742
261.3410, 4964.266
261.8230, 5016.578
262.3060, 5043.842
262.7880, 5056.800
263.2700, 5064.537
263.7520, 5055.308
264.2340, 5013.643
264.7160, 4935.110
265.1980, 4830.579
265.6800, 4715.798
266.1620, 4588.425
266.6450, 4454.005
267.1270, 4307.240
267.6090, 4157.858
268.0910, 4009.811
268.5730, 3865.254
269.0550, 3729.143
269.5370, 3606.778
270.0190, 3501.286
270.5010, 3397.152
270.9840, 3288.132
271.4660, 3186.448
271.9480, 3096.915
272.4300, 3019.883
272.9120, 2952.537
273.3940, 2893.396
273.8760, 2842.213
274.3580, 2798.323
274.8410, 2762.357
275.3230, 2732.822
275.8050, 2713.964
276.2870, 2700.590
276.7690, 2685.073
277.2510, 2663.098
277.7330, 2636.111
278.2150, 2609.985
278.6970, 2590.239
279.1800, 2562.626
279.6620, 2519.698
280.1440, 2471.173
280.6260, 2425.812
281.1080, 2387.025
281.5900, 2354.134
282.0720, 2326.514
282.5540, 2304.830
283.0360, 2286.534
283.5190, 2271.436
284.0010, 2259.352
284.4830, 2251.500
284.9650, 2247.584
285.4470, 2244.346
285.9290, 2233.802
286.4110, 2213.960
286.8930, 2214.369
287.3750, 2259.242
287.8580, 2303.021
288.3400, 2317.624
288.8220, 2308.789
289.3040, 2300.885
289.7860, 2310.027
290.2680, 2333.506
290.7500, 2359.715
291.2330, 2388.960
291.7150, 2420.458
292.1970, 2454.521
292.6790, 2490.235
293.1610, 2526.460
293.6430, 2562.815
294.1250, 2599.065
294.6070, 2633.899
295.0890, 2666.878
295.5720, 2702.354
296.0540, 2745.236
296.5360, 2791.131
297.0180, 2832.557
297.5000, 2865.922
297.9820, 2900.995
298.4640, 2947.192
298.9460, 3002.644
299.4280, 3056.889
299.9110, 3107.523
300.3930, 3154.376
300.8750, 3197.022
301.3570, 3235.235
301.8390, 3272.451
302.3210, 3310.574
302.8030, 3348.344
303.2850, 3381.553
303.7670, 3408.533
304.2500, 3437.535
304.7320, 3479.015
305.2140, 3534.757
305.6960, 3585.541
306.1780, 3624.617
306.6600, 3662.393
307.1420, 3708.482
307.6240, 3762.112
308.1070, 3813.482
308.5890, 3853.950
309.0710, 3884.533
309.5530, 3924.045
310.0350, 3968.548
310.5170, 4024.242
310.9990, 4102.188
311.4810, 4191.846
311.9640, 4272.699
312.4460, 4334.651
312.9280, 4385.059
313.4100, 4444.169
313.8920, 4510.698
314.3740, 4589.156
314.8560, 4689.868
315.3380, 4796.874
315.8200, 4895.625
316.3020, 4982.838
316.7850, 5065.444
317.2670, 5153.818
317.7490, 5250.342
318.2310, 5343.178
318.7130, 5432.114
319.1950, 5518.087
319.6770, 5596.302
320.1590, 5671.067
320.6420, 5753.875
321.1240, 5856.939
321.6060, 5977.221
322.0880, 6087.827
322.5700, 6178.871
323.0520, 6274.127
323.5340, 6381.417
324.0160, 6496.532
324.4990, 6613.135
324.9810, 6727.360
325.4630, 6844.832
325.9450, 6977.136
326.4270, 7126.696
326.9090, 7279.244
327.3910, 7433.863
327.8730, 7587.469
328.3550, 7733.933
328.8380, 7871.605
329.3200, 8013.291
329.8020, 8168.218
330.2840, 8334.843
330.7660, 8506.551
331.2480, 8680.997
331.7300, 8861.810
332.2120, 9053.736
332.6940, 9254.702
333.1770, 9465.844
333.6590, 9686.536
334.1410, 9916.781
334.6230, 10152.47
335.1050, 10393.07
335.5870, 10649.71
336.0690, 10932.31
336.5510, 11238.95
337.0340, 11550.74
337.5160, 11861.98
337.9980, 12185.08
338.4800, 12525.64
338.9620, 12883.49
339.4440, 13259.03
339.9260, 13653.15
340.4080, 14064.93
340.8910, 14495.91
341.3730, 14953.39
341.8550, 15424.62
342.3370, 15919.21
342.8190, 16421.02
343.3010, 16915.87
343.7830, 17402.82
344.2650, 17895.61
344.7470, 18413.62
345.2300, 18962.46
345.7120, 19484.57
346.1940, 19998.27
346.6760, 20465.79
347.1580, 20871.58
347.6400, 21219.74
348.1220, 21527.24
348.6040, 21808.52
349.0860, 22046.35
349.5690, 22185.33
350.0510, 22208.76
350.5330, 22153.98
351.0150, 22063.65
351.4970, 21891.77
351.9790, 21586.50
352.4610, 21136.00
352.9430, 20590.92
353.4260, 20003.10
353.9080, 19372.71
354.3900, 18679.03
354.8720, 17896.99
355.3540, 17071.17
355.8360, 16221.34
356.3180, 15356.64
356.8000, 14529.99
357.2830, 13769.58
357.7650, 13062.50
358.2470, 12379.62
358.7290, 11720.81
359.2110, 11093.81
359.6930, 10494.94
360.1750, 9933.882
360.6570, 9430.379
361.1390, 8996.960
361.6210, 8607.069
362.1040, 8251.253
362.5860, 7927.234
363.0680, 7626.330
363.5500, 7344.505
364.0320, 7088.597
364.5140, 6871.532
364.9960, 6696.428
365.4780, 6553.366
365.9610, 6461.917
366.4430, 6387.615
366.9250, 6302.993
367.4070, 6206.922
367.8890, 6116.871
368.3710, 6050.813
368.8530, 6008.909
369.3350, 5940.496
369.8180, 5805.167
370.3000, 5687.862
370.7820, 5614.423
371.2640, 5568.863
371.7460, 5528.427
372.2280, 5483.066
372.7100, 5438.729
373.1920, 5413.000
373.6740, 5423.558
374.1570, 5398.728
374.6390, 5313.740
375.1210, 5201.253
375.6030, 5074.986
376.0850, 4937.557
376.5670, 4786.968
377.0490, 4615.673
377.5310, 4428.507
378.0130, 4247.010
378.4960, 4068.299
378.9780, 3900.094
379.4600, 3744.734
379.9420, 3603.556
380.4240, 3484.795
380.9060, 3395.367
381.3880, 3320.601
381.8700, 3245.472
382.3530, 3172.731
382.8350, 3119.584
383.3170, 3096.594
383.7990, 3088.135
384.2810, 3065.285
384.7630, 3023.830
385.2450, 2987.612
385.7270, 2961.305
386.2100, 2941.629
386.6920, 2924.494
387.1740, 2909.940
387.6560, 2902.784
388.1380, 2908.496
388.6200, 2927.126
389.1020, 2937.652
389.5840, 2929.636
390.0660, 2925.954
390.5480, 2929.015
391.0310, 2940.772
391.5130, 2965.245
391.9950, 3003.887
392.4770, 3050.256
392.9590, 3091.650
393.4410, 3124.534
393.9230, 3163.520
394.4050, 3212.179
394.8880, 3265.202
395.3700, 3323.138
395.8520, 3383.922
396.3340, 3441.800
396.8160, 3487.962
397.2980, 3528.195
397.7800, 3584.656
398.2620, 3663.812
398.7450, 3738.183
399.2270, 3785.879
399.7090, 3822.413
400.1910, 3872.359
400.6730, 3945.962
401.1550, 4018.427
401.6370, 4068.911
402.1190, 4104.786
402.6010, 4150.092
403.0840, 4213.903
403.5660, 4276.713
404.0480, 4310.957
404.5300, 4310.307
405.0120, 4318.496
405.4940, 4343.125
405.9760, 4372.544
406.4580, 4397.997
406.9400, 4421.308
407.4230, 4451.079
407.9050, 4493.675
408.3870, 4544.611
408.8690, 4584.854
409.3510, 4598.277
409.8330, 4623.682
410.3150, 4671.165
410.7970, 4726.670
411.2800, 4776.566
411.7620, 4819.136
412.2440, 4865.038
412.7260, 4930.211
413.2080, 5015.520
413.6900, 5084.622
414.1720, 5125.345
414.6540, 5166.867
415.1370, 5229.133
415.6190, 5300.476
416.1010, 5362.201
416.5830, 5410.665
417.0650, 5441.374
417.5470, 5445.830
418.0290, 5425.142
418.5110, 5393.167
418.9930, 5351.350
419.4750, 5304.016
419.9580, 5255.579
420.4400, 5205.675
420.9220, 5158.944
421.4040, 5111.347
421.8860, 5070.864
422.3680, 5050.806
422.8500, 5048.562
423.3320, 5041.416
423.8150, 5010.300
424.2970, 4962.075
424.7790, 4942.808
425.2610, 4981.747
425.7430, 5013.461
426.2250, 5014.817
426.7070, 5012.943
427.1890, 5037.196
427.6720, 5094.099
428.1540, 5167.261
428.6360, 5240.682
429.1180, 5315.125
429.6000, 5380.995
430.0820, 5430.928
430.5640, 5480.720
431.0460, 5533.502
431.5280, 5591.226
432.0110, 5658.351
432.4930, 5739.848
432.9750, 5825.641
433.4570, 5904.529
433.9390, 5976.131
434.4210, 6038.579
434.9030, 6092.397
435.3850, 6135.022
435.8670, 6161.593
436.3500, 6172.393
436.8320, 6177.194
437.3140, 6177.905
437.7960, 6174.085
438.2780, 6167.586
438.7600, 6157.130
439.2420, 6135.391
439.7240, 6096.513
440.2070, 6043.778
440.6890, 5993.604
441.1710, 5951.167
441.6530, 5904.409
442.1350, 5853.675
442.6170, 5797.263
443.0990, 5729.837
443.5810, 5652.370
444.0640, 5576.338
444.5460, 5514.138
445.0280, 5465.692
445.5100, 5418.020
445.9920, 5374.908
446.4740, 5326.817
446.9560, 5265.464
447.4380, 5198.819
447.9200, 5139.638
448.4020, 5093.660
448.8850, 5048.951
449.3670, 4994.050
449.8490, 4930.401
450.3310, 4863.105
450.8130, 4792.434
451.2950, 4721.789
451.7770, 4655.544
452.2590, 4593.663
452.7420, 4535.030
453.2240, 4480.204
453.7060, 4427.802
454.1880, 4379.944
454.6700, 4334.063
455.1520, 4283.097
455.6340, 4223.310
456.1160, 4159.201
456.5990, 4100.054
457.0810, 4045.710
457.5630, 3998.056
458.0450, 3955.956
458.5270, 3920.387
459.0090, 3893.987
459.4910, 3874.963
459.9730, 3858.326
460.4550, 3841.954
460.9380, 3824.529
461.4200, 3800.084
461.9020, 3764.346
462.3840, 3737.027
462.8660, 3731.625
463.3480, 3734.107
463.8300, 3728.883
464.3120, 3714.126
464.7940, 3699.288
465.2770, 3689.738
465.7590, 3682.756
466.2410, 3674.555
466.7230, 3664.742
467.2050, 3653.410
467.6870, 3639.774
468.1690, 3624.756
468.6510, 3615.784
469.1340, 3614.518
469.6160, 3616.348
470.0980, 3627.207
470.5800, 3637.226
471.0620, 3633.252
471.5440, 3613.991
472.0260, 3591.930
472.5080, 3581.096
472.9910, 3581.844
473.4730, 3580.103
473.9550, 3574.745
474.4370, 3568.287
474.9190, 3555.958
475.4010, 3545.180
475.8830, 3547.067
476.3650, 3566.532
476.8470, 3591.794
477.3290, 3615.390
477.8120, 3636.342
478.2940, 3649.568
478.7760, 3653.182
479.2580, 3652.322
479.7400, 3649.155
480.2220, 3644.244
480.7040, 3648.388
481.1860, 3670.329
481.6690, 3692.496
482.1510, 3700.345
482.6330, 3704.293
483.1150, 3724.530
483.5970, 3767.938
484.0790, 3821.205
484.5610, 3862.528
485.0430, 3885.908
485.5260, 3920.712
486.0080, 3982.465
486.4900, 4040.508
486.9720, 4080.013
487.4540, 4108.837
487.9360, 4141.931
488.4180, 4185.726
488.9000, 4236.439
489.3820, 4288.356
489.8650, 4341.669
490.3470, 4402.345
490.8290, 4472.446
491.3110, 4548.751
491.7930, 4631.234
492.2750, 4718.722
492.7570, 4800.391
493.2390, 4867.870
493.7210, 4934.715
494.2040, 5013.619
494.6860, 5099.392
495.1680, 5177.728
495.6500, 5242.661
496.1320, 5299.849
496.6140, 5358.914
497.0960, 5419.889
497.5780, 5483.408
498.0600, 5550.379
498.5430, 5619.184
499.0250, 5689.910
499.5070, 5762.131
499.9890, 5836.357
500.4710, 5915.278
500.9530, 5991.754
501.4350, 6054.599
501.9180, 6103.776
502.4000, 6142.766
502.8820, 6164.288
503.3640, 6187.243
503.8460, 6233.466
504.3280, 6301.063
504.8100, 6376.470
505.2920, 6463.174
505.7740, 6551.805
506.2570, 6629.317
506.7390, 6703.097
507.2210, 6795.229
507.7030, 6915.389
508.1850, 7051.830
508.6670, 7182.796
509.1490, 7304.738
509.6310, 7429.240
510.1130, 7557.690
510.5960, 7687.832
511.0780, 7819.212
511.5600, 7951.986
512.0420, 8086.902
512.5240, 8224.029
513.0060, 8364.156
513.4880, 8506.825
513.9700, 8653.011
514.4530, 8808.818
514.9350, 8980.420
515.4170, 9154.612
515.8990, 9320.702
516.3810, 9478.226
516.8630, 9624.733
517.3450, 9745.765
517.8270, 9868.301
518.3090, 10013.77
518.7920, 10172.40
519.2740, 10321.26
519.7560, 10451.39
520.2380, 10573.40
520.7200, 10706.24
521.2020, 10861.57
521.6840, 10984.51
522.1660, 11041.08
522.6480, 11098.37
523.1310, 11194.46
523.6130, 11303.51
524.0950, 11378.23
524.5770, 11397.48
525.0590, 11389.04
525.5410, 11389.32
526.0230, 11390.56
526.5050, 11349.80
526.9870, 11254.99
527.4700, 11133.06
527.9520, 11011.71
528.4340, 10888.52
528.9160, 10721.77
529.3980, 10484.50
529.8800, 10236.30
530.3620, 9998.908
530.8440, 9765.729
531.3270, 9523.932
531.8090, 9271.575
532.2910, 9013.588
532.7730, 8754.946
533.2550, 8495.664
533.7370, 8237.159
534.2190, 7973.072
534.7010, 7716.240
535.1830, 7471.959
535.6660, 7236.238
536.1480, 6999.483
536.6300, 6755.965
537.1120, 6530.766
537.5940, 6347.569
538.0760, 6192.064
538.5580, 6036.475
539.0410, 5877.653
539.5230, 5722.943
540.0050, 5576.928
540.4870, 5439.572
540.9690, 5307.896
541.4510, 5176.285
541.9330, 5058.596
542.4150, 4968.750
542.8970, 4884.930
543.3800, 4781.376
543.8620, 4663.349
544.3440, 4563.632
544.8260, 4512.099
545.3080, 4493.051
545.7900, 4457.958
546.2720, 4402.632
546.7540, 4355.924
547.2370, 4335.380
547.7190, 4319.327
548.2010, 4281.637
548.6830, 4222.316
549.1650, 4157.764
549.6470, 4095.176
550.1290, 4027.319
550.6110, 3943.783
551.0930, 3849.925
551.5760, 3758.668
552.0580, 3675.630
552.5400, 3601.473
553.0220, 3537.940
553.5040, 3485.771
553.9860, 3442.136
554.4680, 3415.726
554.9500, 3389.468
555.4320, 3355.151
555.9150, 3316.911
556.3970, 3283.416
556.8790, 3258.868
557.3610, 3235.663
557.8430, 3202.801
558.3250, 3164.547
558.8070, 3136.640
559.2890, 3122.516
559.7710, 3114.101
560.2540, 3104.446
560.7360, 3094.071
561.2180, 3090.955
561.7000, 3097.714
562.1820, 3107.303
562.6640, 3122.501
563.1460, 3137.264
563.6280, 3146.385
564.1100, 3148.675
564.5930, 3144.048
565.0750, 3128.770
565.5570, 3107.457
566.0390, 3101.434
566.5210, 3113.647
567.0030, 3128.982
567.4850, 3142.019
567.9680, 3156.058
568.4500, 3178.521
568.9320, 3210.957
569.4140, 3231.529
569.8960, 3219.963
570.3780, 3205.798
570.8600, 3215.096
571.3420, 3243.175
571.8240, 3273.506
572.3070, 3298.463
572.7890, 3321.606
573.2710, 3350.759
573.7530, 3390.967
574.2350, 3418.493
574.7170, 3416.616
575.1990, 3420.699
575.6810, 3451.810
576.1640, 3496.597
576.6460, 3530.288
577.1280, 3542.229
577.6100, 3554.224
578.0920, 3590.322
578.5740, 3638.448
579.0560, 3669.431
579.5380, 3678.953
580.0200, 3683.657
580.5030, 3696.217
580.9850, 3714.836
581.4670, 3728.284
581.9490, 3728.778
582.4310, 3734.310
582.9130, 3758.379
583.3950, 3778.195
583.8770, 3774.133
584.3590, 3748.278
584.8420, 3716.864
585.3240, 3688.398
585.8060, 3662.774
586.2880, 3641.480
586.7700, 3624.266
587.2520, 3602.452
587.7340, 3571.618
588.2160, 3539.150
588.6980, 3513.109
589.1810, 3494.040
589.6630, 3476.651
590.1450, 3460.164
590.6270, 3445.990
591.1090, 3436.879
591.5910, 3429.564
592.0730, 3416.982
592.5550, 3398.439
593.0380, 3384.451
593.5200, 3389.607
594.0020, 3411.277
594.4840, 3421.157
594.9660, 3412.772
595.4480, 3413.097
595.9300, 3441.441
596.4120, 3479.762
596.8940, 3498.511
597.3770, 3492.000
597.8590, 3498.050
598.3410, 3540.790
598.8230, 3589.863
599.3050, 3617.424
599.7870, 3629.088
600.2690, 3645.863
600.7520, 3677.769
601.2340, 3715.444
601.7160, 3744.193
602.1980, 3764.892
602.6800, 3771.868
603.1620, 3761.072
603.6440, 3741.476
604.1260, 3714.842
604.6080, 3683.673
605.0910, 3653.287
605.5730, 3627.053
606.0550, 3593.357
606.5370, 3542.081
607.0190, 3481.054
607.5010, 3420.869
607.9830, 3362.585
608.4650, 3304.677
608.9470, 3247.058
609.4300, 3187.415
609.9120, 3118.277
610.3940, 3032.961
610.8760, 2953.334
611.3580, 2887.331
611.8400, 2821.578
612.3220, 2746.904
612.8040, 2667.405
613.2860, 2593.613
613.7690, 2528.160
614.2510, 2471.855
614.7330, 2433.400
615.2150, 2403.597
615.6970, 2357.268
616.1790, 2290.382
616.6610, 2222.927
617.1430, 2172.283
617.6250, 2135.842
618.1080, 2094.834
618.5900, 2042.481
619.0720, 1996.571
619.5540, 1960.454
620.0360, 1929.286
620.5180, 1900.188
621.0000, 1872.730
621.4820, 1847.205
621.9650, 1824.078
622.4470, 1802.497
622.9290, 1780.851
623.4110, 1759.681
623.8930, 1742.694
624.3750, 1731.275
624.8570, 1719.119
625.3390, 1698.905
625.8210, 1670.693
626.3040, 1650.078
626.7860, 1642.939
627.2680, 1636.077
627.7500, 1628.905
628.2320, 1620.543
628.7140, 1611.013
629.1960, 1599.891
629.6790, 1585.149
630.1610, 1562.929
630.6430, 1538.513
631.1250, 1521.674
631.6070, 1511.073
632.0890, 1496.727
632.5710, 1475.229
633.0530, 1451.507
633.5350, 1431.007
634.0180, 1413.934
634.5000, 1397.873
634.9820, 1377.296
635.4640, 1364.544
635.9460, 1371.570
636.4280, 1381.792
636.9100, 1377.379
637.3920, 1357.037
637.8750, 1334.216
638.3570, 1315.534
638.8390, 1302.058
639.3210, 1299.758
639.8030, 1306.871
640.2850, 1306.008
640.7670, 1290.234
641.2490, 1268.990
641.7310, 1253.647
642.2140, 1244.763
642.6960, 1237.429
643.1780, 1231.265
643.6600, 1226.935
644.1420, 1226.560
644.6240, 1226.984
645.1060, 1224.627
645.5880, 1219.138
646.0700, 1213.382
646.5530, 1211.982
647.0350, 1210.554
647.5170, 1198.156
647.9990, 1176.594
648.4810, 1161.069
648.9630, 1157.569
649.4450, 1159.337
649.9270, 1158.292
650.4090, 1154.383
650.8920, 1148.100
651.3740, 1136.965
651.8560, 1126.543
652.3380, 1116.773
652.8200, 1109.130
653.3020, 1106.114
653.7840, 1107.557
654.2660, 1108.945
654.7480, 1107.555
655.2310, 1104.056
655.7130, 1097.449
656.1950, 1088.890
656.6770, 1086.751
657.1590, 1094.740
657.6410, 1103.847
658.1230, 1102.357
658.6060, 1089.203
659.0880, 1079.142
659.5700, 1070.712
660.0520, 1067.520
660.5340, 1076.329
661.0160, 1086.686
661.4980, 1087.484
661.9800, 1078.407
662.4620, 1069.592
662.9450, 1066.193
663.4270, 1066.500
663.9090, 1071.116
664.3910, 1077.964
664.8730, 1078.261
665.3550, 1069.213
665.8370, 1059.880
666.3190, 1061.231
666.8020, 1073.103
667.2840, 1077.534
667.7660, 1069.623
668.2480, 1062.148
668.7300, 1057.776
669.2120, 1054.738
669.6940, 1051.298
670.1760, 1047.614
670.6580, 1045.633
671.1410, 1047.332
671.6230, 1049.966
672.1050, 1048.637
672.5870, 1046.970
673.0690, 1055.332
673.5510, 1075.161
674.0330, 1093.597
674.5150, 1097.487
674.9970, 1089.604
675.4800, 1089.676
675.9620, 1102.943
676.4440, 1110.071
676.9260, 1101.075
677.4080, 1090.246
677.8900, 1089.288
678.3720, 1096.482
678.8540, 1102.788
679.3360, 1104.133
679.8190, 1106.335
680.3010, 1113.756
680.7830, 1123.114
681.2650, 1131.293
681.7470, 1137.029
682.2290, 1137.439
682.7110, 1128.831
683.1930, 1116.894
683.6750, 1119.639
684.1580, 1139.694
684.6400, 1151.469
685.1220, 1146.368
685.6040, 1140.234
686.0860, 1146.318
686.5680, 1161.954
687.0500, 1174.413
687.5320, 1182.670
688.0150, 1188.849
688.4970, 1191.935
688.9790, 1194.344
689.4610, 1198.794
689.9430, 1204.487
690.4250, 1208.226
690.9070, 1208.057
691.3890, 1206.811
691.8720, 1208.181
692.3540, 1212.063
692.8360, 1218.152
693.3180, 1226.558
693.8000, 1235.912
694.2820, 1245.705
694.7640, 1255.442
695.2460, 1263.722
695.7290, 1271.618
696.2110, 1275.795
696.6930, 1268.058
697.1750, 1265.112
697.6570, 1280.723
698.1390, 1304.870
698.6210, 1319.716
699.1030, 1319.272
699.5850, 1317.240
700.0680, 1325.376
700.5500, 1338.491
701.0320, 1347.637
701.5140, 1352.989
701.9960, 1358.952
702.4780, 1367.485
702.9600, 1377.370
703.4420, 1387.494
703.9240, 1398.847
704.4070, 1402.651
704.8890, 1393.403
705.3710, 1385.140
705.8530, 1379.953
706.3350, 1379.479
706.8170, 1388.255
707.2990, 1406.516
707.7810, 1420.348
708.2630, 1421.827
708.7460, 1420.344
709.2280, 1420.878
709.7100, 1423.739
710.1920, 1429.454
710.6740, 1437.894
711.1560, 1448.001
711.6380, 1460.204
712.1200, 1472.162
712.6020, 1472.956
713.0850, 1460.961
713.5670, 1452.374
714.0490, 1452.729
714.5310, 1454.583
715.0130, 1449.730
715.4950, 1439.067
715.9770, 1434.638
716.4590, 1443.691
716.9420, 1449.104
717.4240, 1445.929
717.9060, 1439.289
718.3880, 1430.873
718.8700, 1422.728
719.3520, 1419.855
719.8340, 1426.798
720.3160, 1433.348
720.7990, 1425.177
721.2810, 1407.780
721.7630, 1395.949
722.2450, 1391.461
722.7270, 1391.089
723.2090, 1393.426
723.6910, 1397.090
724.1730, 1399.095
724.6560, 1400.726
725.1380, 1396.761
725.6200, 1382.743
726.1020, 1368.754
726.5840, 1359.126
727.0660, 1352.028
727.5480, 1344.557
728.0300, 1335.927
728.5120, 1330.288
728.9950, 1334.094
729.4770, 1337.200
729.9590, 1328.358
730.4410, 1313.240
730.9230, 1305.302
731.4050, 1307.950
731.8870, 1309.928
732.3690, 1297.247
732.8510, 1274.651
733.3340, 1262.759
733.8160, 1262.326
734.2980, 1261.825
734.7800, 1257.570
735.2620, 1252.849
735.7440, 1250.481
736.2260, 1250.476
736.7080, 1254.775
737.1900, 1272.057
737.6730, 1281.609
738.1550, 1274.933
738.6370, 1264.221
739.1190, 1256.661
739.6010, 1253.328
740.0830, 1255.068
740.5650, 1264.978
741.0470, 1273.437
741.5290, 1269.810
742.0120, 1260.140
742.4940, 1254.372
742.9760, 1253.441
743.4580, 1254.615
743.9400, 1256.376
744.4220, 1259.230
744.9040, 1264.791
745.3860, 1273.611
745.8690, 1280.310
746.3510, 1285.115
746.8330, 1286.427
747.3150, 1277.421
747.7970, 1268.387
748.2790, 1280.177
748.7610, 1318.045
749.2430, 1342.000
749.7260, 1338.839
750.2080, 1330.908
750.6900, 1322.294
751.1720, 1317.827
751.6540, 1326.595
752.1360, 1347.448
752.6180, 1363.592
753.1000, 1358.513
753.5830, 1347.284
754.0650, 1356.017
754.5470, 1377.779
755.0290, 1384.935
755.5110, 1372.202
755.9930, 1361.447
756.4750, 1371.627
756.9570, 1396.212
757.4390, 1409.691
757.9220, 1408.272
758.4040, 1408.162
758.8860, 1411.936
759.3680, 1415.803
759.8500, 1417.229
760.3320, 1417.263
760.8140, 1417.336
761.2960, 1416.142
761.7780, 1419.261
762.2610, 1432.112
762.7430, 1445.762
763.2250, 1454.169
763.7070, 1459.186
764.1890, 1465.096
764.6710, 1472.997
765.1530, 1479.693
765.6350, 1480.403
766.1170, 1478.790
766.6000, 1482.494
767.0820, 1490.879
767.5640, 1501.182
768.0460, 1512.727
768.5280, 1521.676
769.0100, 1523.139
769.4920, 1518.673
769.9740, 1520.591
770.4560, 1530.827
770.9390, 1542.518
771.4210, 1555.792
771.9030, 1569.038
772.3850, 1580.543
772.8670, 1591.256
773.3490, 1603.902
773.8310, 1621.323
774.3130, 1635.369
774.7960, 1645.694
775.2780, 1650.218
775.7600, 1642.853
776.2420, 1629.574
776.7240, 1621.924
777.2060, 1623.758
777.6880, 1628.565
778.1700, 1631.333
778.6530, 1632.421
779.1350, 1631.387
779.6170, 1628.958
780.0990, 1629.419
780.5810, 1634.238
781.0630, 1639.991
781.5450, 1643.036
782.0270, 1643.676
782.5100, 1644.914
782.9920, 1647.890
783.4740, 1647.345
783.9560, 1636.281
784.4380, 1629.337
784.9200, 1646.835
785.4020, 1678.137
785.8840, 1685.236
786.3660, 1646.289
786.8490, 1619.988
787.3310, 1625.790
787.8130, 1639.257
788.2950, 1646.767
788.7770, 1649.317
789.2590, 1651.848
789.7410, 1655.881
790.2230, 1657.206
790.7050, 1648.103
791.1880, 1637.189
791.6700, 1641.116
792.1520, 1654.246
792.6340, 1655.712
793.1160, 1639.883
793.5980, 1619.637
794.0800, 1606.729
794.5620, 1600.889
795.0440, 1602.638
795.5270, 1613.555
796.0090, 1621.437
796.4910, 1625.828
796.9730, 1622.175
797.4550, 1602.235
797.9370, 1572.586
798.4190, 1558.536
798.9010, 1574.262
799.3830, 1580.674
799.8660, 1569.196
800.3480, 1557.455
800.8300, 1555.390
801.3120, 1557.326
801.7940, 1554.109
802.2760, 1543.980
802.7580, 1533.597
803.2400, 1522.757
803.7230, 1516.259
804.2050, 1522.013
804.6870, 1533.522
805.1690, 1538.974
805.6510, 1536.694
806.1330, 1533.933
806.6150, 1536.854
807.0970, 1541.152
807.5800, 1535.049
808.0620, 1521.123
808.5440, 1519.573
809.0260, 1533.821
809.5080, 1550.898
809.9900, 1564.506
810.4720, 1572.698
810.9540, 1570.102
811.4370, 1553.214
811.9190, 1540.078
812.4010, 1530.650
812.8830, 1524.864
813.3650, 1522.786
813.8470, 1524.342
814.3290, 1530.777
814.8110, 1541.991
815.2930, 1551.011
815.7760, 1554.723
816.2580, 1558.740
816.7400, 1566.052
817.2220, 1573.710
817.7040, 1577.392
818.1860, 1578.769
818.6680, 1584.317
819.1500, 1597.948
819.6320, 1612.216
820.1150, 1622.745
820.5970, 1628.580
821.0790, 1624.769
821.5610, 1614.379
822.0430, 1609.558
822.5250, 1614.986
823.0070, 1623.542
823.4890, 1628.247
823.9710, 1628.421
824.4540, 1618.575
824.9360, 1598.018
825.4180, 1579.033
825.9000, 1564.019
826.3820, 1554.964
826.8640, 1556.497
827.3460, 1564.738
827.8280, 1557.750
828.3100, 1525.960
828.7930, 1498.352
829.2750, 1479.513
829.7570, 1461.577
830.2390, 1439.670
830.7210, 1416.919
831.2030, 1398.706
831.6850, 1386.010
832.1670, 1373.944
832.6500, 1359.607
833.1320, 1347.563
833.6140, 1343.424
834.0960, 1340.930
834.5780, 1329.401
835.0600, 1310.274
835.5420, 1298.622
836.0240, 1306.903
836.5060, 1318.208
836.9890, 1312.508
837.4710, 1298.855
837.9530, 1294.894
838.4350, 1300.344
838.9170, 1303.095
839.3990, 1297.057
839.8810, 1289.319
840.3640, 1293.174
840.8460, 1305.807
841.3280, 1303.430
841.8100, 1284.987
842.2920, 1273.242
842.7740, 1276.388
843.2560, 1284.444
843.7380, 1287.273
844.2200, 1285.728
844.7030, 1286.985
845.1850, 1293.220
845.6670, 1296.793
846.1490, 1291.737
846.6310, 1290.359
847.1130, 1305.397
847.5950, 1327.416
848.0770, 1338.247
848.5590, 1334.367
849.0420, 1330.610
849.5240, 1331.795
850.0060, 1330.286
850.4880, 1318.109
850.9700, 1304.361
851.4520, 1301.061
851.9340, 1307.722
852.4160, 1311.772
852.8980, 1305.564
853.3810, 1297.925
853.8630, 1294.708
854.3450, 1294.204
854.8270, 1294.675
855.3090, 1295.683
855.7910, 1297.145
856.2730, 1299.043
856.7550, 1300.266
857.2370, 1296.850
857.7200, 1292.527
858.2020, 1299.725
858.6840, 1316.385
859.1660, 1328.127
859.6480, 1330.804
860.1300, 1330.475
860.6120, 1332.123
861.0940, 1335.913
861.5770, 1341.807
862.0590, 1349.151
862.5410, 1364.859
863.0230, 1392.569
863.5050, 1419.025
863.9870, 1436.245
864.4690, 1448.725
864.9510, 1464.771
865.4330, 1485.359
865.9160, 1504.701
866.3980, 1517.863
866.8800, 1536.940
867.3620, 1566.821
867.8440, 1601.602
868.3260, 1636.048
868.8080, 1671.168
869.2910, 1712.419
869.7730, 1763.131
870.2550, 1815.635
870.7370, 1864.861
871.2190, 1918.794
871.7010, 1986.588
872.1830, 2061.545
872.6650, 2129.578
873.1470, 2188.455
873.6300, 2257.202
874.1120, 2356.617
874.5940, 2461.980
875.0760, 2550.413
875.5580, 2630.930
876.0400, 2720.146
876.5220, 2817.866
877.0040, 2911.127
877.4870, 2993.637
877.9690, 3062.143
878.4510, 3112.831
878.9330, 3146.286
879.4150, 3166.669
879.8970, 3172.631
880.3790, 3152.347
880.8610, 3101.455
881.3430, 3035.128
881.8260, 2969.473
882.3080, 2902.896
882.7900, 2829.714
883.2720, 2750.106
883.7540, 2659.018
884.2360, 2553.434
884.7180, 2448.084
885.2000, 2350.897
885.6820, 2263.319
886.1650, 2191.934
886.6470, 2141.128
887.1290, 2083.698
887.6110, 2014.167
888.0930, 1948.948
888.5750, 1891.428
889.0570, 1841.884
889.5390, 1802.106
890.0210, 1771.409
890.5040, 1742.528
890.9860, 1716.944
891.4680, 1691.011
891.9500, 1662.781
892.4320, 1636.061
892.9140, 1612.501
893.3960, 1591.812
893.8780, 1572.813
894.3600, 1555.372
894.8430, 1541.633
895.3250, 1536.849
895.8070, 1530.518
896.2890, 1512.912
896.7710, 1494.365
897.2530, 1488.225
897.7350, 1491.340
898.2180, 1489.591
898.7000, 1476.735
899.1820, 1461.152
899.6640, 1448.732
900.1460, 1437.136
900.6280, 1419.605
901.1100, 1401.724
901.5920, 1399.401
902.0740, 1413.778
902.5570, 1423.815
903.0390, 1410.088
903.5210, 1390.001
904.0030, 1392.156
904.4850, 1409.660
904.9670, 1427.314
905.4490, 1441.838
905.9310, 1444.980
906.4140, 1432.788
906.8960, 1415.217
907.3780, 1403.484
907.8600, 1397.949
908.3420, 1402.242
908.8240, 1416.124
909.3060, 1429.471
909.7880, 1440.731
910.2700, 1443.988
910.7530, 1433.158
911.2350, 1415.240
911.7170, 1407.696
912.1990, 1411.497
912.6810, 1419.805
913.1630, 1434.742
913.6450, 1446.905
914.1270, 1453.562
914.6090, 1454.674
915.0920, 1447.146
915.5740, 1433.061
916.0560, 1434.881
916.5380, 1464.557
917.0200, 1484.813
917.5020, 1490.770
917.9840, 1489.806
918.4660, 1481.678
918.9480, 1470.890
919.4310, 1464.017
919.9130, 1460.921
920.3950, 1462.875
920.8770, 1476.156
921.3590, 1486.034
921.8410, 1487.745
922.3230, 1486.426
922.8050, 1483.276
923.2880, 1480.598
923.7700, 1484.686
924.2520, 1499.979
924.7340, 1509.616
925.2160, 1503.328
925.6980, 1496.517
926.1800, 1497.787
926.6620, 1502.904
927.1440, 1505.780
927.6270, 1506.707
928.1090, 1511.391
928.5910, 1524.727
929.0730, 1536.692
929.5550, 1539.486
930.0370, 1540.013
930.5190, 1544.803
931.0020, 1552.328
931.4840, 1558.661
931.9660, 1562.889
932.4480, 1566.998
932.9300, 1572.336
933.4120, 1578.060
933.8940, 1583.707
934.3760, 1588.929
934.8580, 1593.139
935.3410, 1596.441
935.8230, 1598.862
936.3050, 1600.434
936.7870, 1603.498
937.2690, 1610.886
937.7510, 1621.023
938.2330, 1632.406
938.7150, 1644.198
939.1970, 1655.626
939.6800, 1665.683
940.1620, 1668.079
940.6440, 1657.812
941.1260, 1647.171
941.6080, 1656.375
942.0900, 1680.612
942.5720, 1708.277
943.0540, 1736.467
943.5360, 1747.117
944.0190, 1735.382
944.5010, 1722.292
944.9830, 1725.821
945.4650, 1740.185
945.9470, 1751.207
946.4290, 1759.288
946.9110, 1770.070
947.3930, 1783.952
947.8750, 1801.210
948.3580, 1822.818
948.8400, 1842.381
949.3220, 1851.265
949.8040, 1852.540
950.2860, 1863.664
950.7680, 1885.803
951.2500, 1905.294
951.7320, 1919.532
952.2150, 1936.130
952.6970, 1959.756
953.1790, 1986.012
953.6610, 2006.290
954.1430, 2020.579
954.6250, 2048.773
955.1070, 2096.772
955.5890, 2135.728
956.0710, 2158.361
956.5540, 2174.491
957.0360, 2188.077
957.5180, 2202.187
958.0000, 2225.610
958.4820, 2262.643
958.9640, 2283.718
959.4460, 2276.408
959.9290, 2281.492
960.4110, 2320.107
960.8930, 2358.173
961.3750, 2362.834
961.8570, 2345.803
962.3390, 2349.970
962.8210, 2391.636
963.3030, 2412.765
963.7850, 2390.978
964.2680, 2382.017
964.7500, 2414.556
965.2320, 2457.495
965.7140, 2478.256
966.1960, 2480.945
966.6780, 2495.719
967.1600, 2535.091
967.6420, 2566.026
968.1250, 2581.978
968.6070, 2596.891
969.0890, 2613.594
969.5710, 2633.864
970.0530, 2658.497
970.5350, 2687.803
971.0170, 2725.879
971.4990, 2753.896
971.9810, 2819.181
972.4640, 2961.641
972.9460, 3105.864
973.4280, 3215.318
973.9100, 3299.835
974.3920, 3385.960
974.8740, 3475.738
975.3560, 3509.313
975.8380, 3428.441
976.3200, 3358.592
976.8030, 3331.819
977.2850, 3323.045
977.7670, 3321.875
978.2490, 3323.741
978.7310, 3322.832
979.2130, 3318.162
979.6950, 3313.717
980.1770, 3312.684
980.6590, 3309.096
981.1420, 3301.485
981.6240, 3289.957
982.1060, 3272.866
982.5880, 3252.482
983.0700, 3234.222
983.5520, 3220.004
984.0340, 3201.124
984.5160, 3172.326
984.9980, 3141.571
985.4810, 3104.003
985.9630, 3073.054
986.4450, 3068.702
986.9270, 3080.076
987.4090, 3075.142
987.8910, 3042.882
988.3730, 3013.227
988.8560, 2995.364
989.3380, 2985.000
989.8200, 2984.795
990.3020, 2987.208
990.7840, 2981.519
991.2660, 2971.438
991.7480, 2971.695
992.2300, 2988.655
992.7120, 3006.977
993.1950, 3024.385
993.6770, 3036.535
994.1590, 3035.363
994.6410, 3031.174
995.1230, 3032.653
995.6050, 3042.522
996.0870, 3066.334
996.5690, 3112.225
997.0520, 3151.219
997.5340, 3168.609
998.0160, 3176.368
998.4980, 3178.804
998.9800, 3178.488
999.4620, 3178.574
999.9440, 3178.550
1000.426, 3174.475
1000.908, 3163.803
1001.391, 3152.073
1001.873, 3140.618
1002.355, 3130.313
1002.837, 3129.416
1003.319, 3125.367
1003.801, 3098.124
1004.283, 3049.801
1004.765, 3002.022
1005.247, 2959.125
1005.730, 2926.418
1006.212, 2917.433
1006.694, 2908.381
1007.176, 2881.075
1007.658, 2843.550
1008.140, 2806.419
1008.622, 2771.834
1009.104, 2739.814
1009.586, 2709.954
1010.069, 2683.334
1010.551, 2665.455
1011.033, 2645.992
1011.515, 2612.015
1011.997, 2574.835
1012.479, 2552.445
1012.961, 2544.645
1013.443, 2533.924
1013.926, 2509.893
1014.408, 2490.586
1014.890, 2490.498
1015.372, 2490.283
1015.854, 2472.644
1016.336, 2448.415
1016.818, 2432.031
1017.300, 2425.401
1017.782, 2426.052
1018.265, 2442.158
1018.747, 2448.515
1019.229, 2425.124
1019.711, 2400.264
1020.193, 2393.268
1020.675, 2395.917
1021.157, 2395.596
1021.639, 2391.776
1022.122, 2392.701
1022.604, 2403.039
1023.086, 2414.180
1023.568, 2429.393
1024.050, 2438.178
1024.532, 2424.692
1025.014, 2406.851
1025.496, 2410.084
1025.978, 2433.536
1026.461, 2453.089
1026.943, 2461.731
1027.425, 2468.866
1027.907, 2475.680
1028.389, 2482.754
1028.871, 2489.161
1029.353, 2496.796
1029.835, 2508.894
1030.318, 2524.827
1030.800, 2539.094
1031.282, 2551.212
1031.764, 2560.993
1032.246, 2561.577
1032.728, 2567.867
1033.210, 2594.796
1033.692, 2625.135
1034.174, 2635.701
1034.656, 2629.916
1035.139, 2637.124
1035.621, 2671.336
1036.103, 2697.359
1036.585, 2708.346
1037.067, 2716.281
1037.549, 2721.018
1038.031, 2728.349
1038.513, 2746.594
1038.996, 2773.423
1039.478, 2794.401
1039.960, 2803.925
1040.442, 2819.014
1040.924, 2842.738
1041.406, 2867.858
1041.888, 2896.660
1042.370, 2920.962
1042.853, 2928.840
1043.335, 2926.193
1043.817, 2938.513
1044.299, 2973.680
1044.781, 3001.434
1045.263, 3017.390
1045.745, 3034.408
1046.227, 3054.815
1046.709, 3080.042
1047.192, 3115.126
1047.674, 3153.206
1048.156, 3170.808
1048.638, 3158.362
1049.120, 3173.154
1049.602, 3226.043
1050.084, 3269.596
1050.566, 3287.798
1051.048, 3304.787
1051.531, 3339.949
1052.013, 3384.319
1052.495, 3415.885
1052.977, 3433.225
1053.459, 3461.423
1053.941, 3502.701
1054.423, 3537.221
1054.905, 3558.711
1055.388, 3585.395
1055.870, 3630.093
1056.352, 3683.398
1056.834, 3727.239
1057.316, 3763.040
1057.798, 3806.122
1058.280, 3856.320
1058.762, 3910.879
1059.245, 3969.192
1059.727, 4024.041
1060.209, 4071.066
1060.691, 4114.001
1061.173, 4155.205
1061.655, 4198.069
1062.137, 4257.155
1062.619, 4329.753
1063.101, 4404.939
1063.583, 4479.633
1064.066, 4546.757
1064.548, 4603.492
1065.030, 4652.076
1065.512, 4691.346
1065.994, 4729.391
1066.476, 4783.063
1066.958, 4847.821
1067.440, 4910.684
1067.923, 4972.261
1068.405, 5040.740
1068.887, 5118.847
1069.369, 5202.914
1069.851, 5292.509
1070.333, 5382.243
1070.815, 5464.683
1071.297, 5543.862
1071.780, 5630.401
1072.262, 5716.845
1072.744, 5776.367
1073.226, 5810.139
1073.708, 5865.142
1074.190, 5977.161
##END=



