##NAMES=Heyrovskyite
##RRUFFID=R070010
##IDEAL CHEMISTRY=Pb^2+^_6_Bi^3+^_2_S^2-^_9_
##LOCALITY=Hoerky, Rakovnika, Czech Republic
##OWNER=RRUFF
##SOURCE=Michael Scott
##DESCRIPTION=Bright silver metallic blebs in quartz
##STATUS=The identification of this mineral has been confirmed by single-crystal X-ray diffraction.
##URL=rruff.info/R070010
246.8781, 0.0000000E+00
247.3602, 14.20721
247.8424, 0.3360600
248.3245, 19.42358
248.8066, 30.85022
249.2887, 34.30353
249.7708, 4.956665
250.2529, 18.42981
250.7351, 14.96008
251.2172, 10.89514
251.6993, 30.69849
252.1814, 6.750610
252.6635, 26.34949
253.1456, 28.67786
253.6278, 39.01428
254.1099, 32.19617
254.5920, 30.69885
255.0741, 46.38605
255.5562, 52.56671
256.0384, 43.78357
256.5205, 54.68231
257.0026, 30.58459
257.4847, 37.43713
257.9668, 57.62854
258.4489, 49.98596
258.9311, 61.51233
259.4132, 49.82263
259.8953, 50.70953
260.3774, 46.85919
260.8595, 39.85352
261.3416, 38.29376
261.8238, 46.35876
262.3059, 54.33795
262.7880, 62.14978
263.2701, 68.37256
263.7522, 70.10229
264.2343, 64.46881
264.7165, 56.18201
265.1986, 56.04102
265.6807, 67.88586
266.1628, 78.46606
266.6449, 88.88544
267.1270, 97.57263
267.6092, 101.2296
268.0913, 101.6025
268.5734, 100.0093
269.0555, 98.45618
269.5376, 96.62549
270.0197, 93.03802
270.5019, 82.90771
270.9840, 76.72876
271.4661, 81.79926
271.9482, 97.58569
272.4303, 113.6069
272.9124, 123.8430
273.3946, 128.9753
273.8767, 127.1906
274.3588, 112.5735
274.8409, 97.85333
275.3230, 88.66492
275.8051, 81.91199
276.2873, 78.06348
276.7694, 80.87683
277.2515, 87.82959
277.7336, 90.28601
278.2157, 87.39081
278.6978, 81.20959
279.1800, 69.11334
279.6621, 55.26837
280.1442, 46.53821
280.6263, 49.85205
281.1084, 58.43079
281.5905, 60.24719
282.0727, 54.60406
282.5548, 47.76410
283.0369, 42.69556
283.5190, 38.04431
284.0011, 38.94421
284.4832, 52.78943
284.9654, 61.71503
285.4475, 50.10217
285.9296, 21.31180
286.4117, 0.7119450
286.8938, 3.292542
287.3759, 6.400146
287.8581, 11.60785
288.3402, 11.77106
288.8223, 11.15640
289.3044, 10.71555
289.7865, 10.22803
290.2686, 9.393951
290.7508, 7.770203
291.2329, 6.361328
291.7150, 8.181885
292.1971, 15.54752
292.6792, 18.84503
293.1613, 13.61099
293.6435, 5.481659
294.1256, 0.3374630
294.6077, 3.022247
295.0898, 4.012970
295.5719, 4.721954
296.0540, 5.321808
296.5362, 4.571014
297.0183, 1.397095
297.5004, 2.246460
297.9825, 5.949921
298.4646, 9.124207
298.9467, 10.52258
299.4289, 9.000244
299.9110, 4.800507
300.3931, 2.846313
300.8752, 6.645081
301.3573, 8.675018
301.8394, 5.578430
302.3216, 4.1747998E-02
302.8037, 4.850708
303.2858, 7.280701
303.7679, 6.903198
304.2500, 1.966644
304.7321, 15.48358
305.2143, 26.82617
305.6964, 27.62897
306.1785, 24.23679
306.6606, 21.31570
307.1427, 20.20908
307.6248, 20.09552
308.1070, 20.28174
308.5891, 21.31509
309.0712, 20.40033
309.5533, 15.11459
310.0354, 9.662933
310.5175, 6.042847
310.9997, 4.167328
311.4818, 2.687347
311.9639, 0.6835630
312.4460, 5.301666
312.9281, 4.528961
313.4102, 5.571777
313.8924, 15.04877
314.3745, 18.36505
314.8566, 17.69260
315.3387, 17.17059
315.8208, 19.12137
316.3029, 21.72189
316.7851, 22.16830
317.2672, 20.45737
317.7493, 16.57458
318.2314, 7.423065
318.7135, 2.637329
319.1956, 6.784546
319.6778, 1.842163
320.1599, 3.548065
320.6420, 0.7478940
321.1241, 7.807953
321.6062, 10.18439
322.0883, 0.6524960
322.5705, 13.15469
323.0526, 18.76007
323.5347, 15.30856
324.0168, 13.19165
324.4989, 18.31461
324.9810, 25.20114
325.4632, 25.67020
325.9453, 18.39026
326.4274, 9.796173
326.9095, 5.328094
327.3916, 5.370636
327.8737, 11.27988
328.3559, 33.55890
328.8380, 52.09958
329.3201, 51.80627
329.8022, 37.13513
330.2843, 23.06314
330.7664, 18.92813
331.2486, 23.29611
331.7307, 28.35324
332.2128, 38.09210
332.6949, 43.76410
333.1770, 39.41342
333.6591, 32.26263
334.1413, 31.78171
334.6234, 41.14764
335.1055, 54.23447
335.5876, 60.34824
336.0697, 57.08350
336.5518, 52.00073
337.0340, 38.09103
337.5161, 28.19675
337.9982, 33.67810
338.4803, 52.52869
338.9624, 71.41583
339.4445, 78.19394
339.9267, 73.19974
340.4088, 67.17654
340.8909, 57.69257
341.3730, 50.60312
341.8551, 49.59787
342.3372, 52.20303
342.8194, 53.95175
343.3015, 52.43454
343.7836, 49.23846
344.2657, 46.30225
344.7478, 43.67740
345.2299, 44.32233
345.7121, 51.70770
346.1942, 60.71567
346.6763, 65.50378
347.1584, 65.16840
347.6405, 62.60492
348.1227, 57.92752
348.6048, 52.33331
349.0869, 49.84161
349.5690, 51.81818
350.0511, 56.10715
350.5332, 61.13632
351.0154, 66.92831
351.4975, 69.80450
351.9796, 67.50662
352.4617, 63.00348
352.9438, 58.72025
353.4259, 54.87888
353.9081, 51.01932
354.3902, 46.56146
354.8723, 41.93442
355.3544, 40.42740
355.8365, 44.69394
356.3186, 48.15121
356.8008, 48.40735
357.2829, 46.81299
357.7650, 45.30573
358.2471, 44.72665
358.7292, 44.67883
359.2113, 44.01038
359.6935, 42.03061
360.1756, 40.35254
360.6577, 37.86865
361.1398, 36.39233
361.6219, 38.84863
362.1040, 44.56329
362.5862, 48.80194
363.0683, 45.97717
363.5504, 36.21747
364.0325, 29.88474
364.5146, 27.91660
364.9967, 28.42358
365.4789, 33.40463
365.9610, 39.54633
366.4431, 41.28262
366.9252, 35.16974
367.4073, 25.95044
367.8894, 20.85001
368.3716, 20.22760
368.8537, 20.24124
369.3358, 18.01688
369.8179, 17.33011
370.3000, 24.09186
370.7821, 40.02969
371.2643, 52.61118
371.7464, 51.20218
372.2285, 41.65292
372.7106, 36.32962
373.1927, 37.54761
373.6748, 40.01566
374.1570, 39.05536
374.6391, 34.63095
375.1212, 30.38977
375.6033, 22.86673
376.0854, 18.70804
376.5675, 25.60574
377.0497, 39.60593
377.5318, 48.25980
378.0139, 43.95044
378.4960, 31.80444
378.9781, 27.97449
379.4602, 45.52927
379.9424, 56.37292
380.4245, 54.50201
380.9066, 48.22119
381.3887, 44.61710
381.8708, 45.07401
382.3529, 46.75824
382.8351, 46.18839
383.3172, 42.80090
383.7993, 41.49396
384.2814, 46.31155
384.7635, 49.00989
385.2456, 45.17395
385.7278, 37.63751
386.2099, 31.88797
386.6920, 31.06931
387.1741, 32.50507
387.6562, 29.59189
388.1383, 20.37787
388.6205, 16.17175
389.1026, 26.01761
389.5847, 38.94830
390.0668, 43.87576
390.5489, 39.30408
391.0310, 33.35120
391.5132, 31.15359
391.9953, 31.14832
392.4774, 29.52341
392.9595, 25.47733
393.4416, 21.13486
393.9237, 18.40744
394.4059, 17.36194
394.8880, 15.98361
395.3701, 11.37088
395.8522, 8.988617
396.3343, 14.37567
396.8164, 24.54056
397.2986, 31.49417
397.7807, 31.32523
398.2628, 26.77304
398.7449, 24.46283
399.2270, 26.48807
399.7091, 27.88416
400.1913, 30.27725
400.6734, 30.94272
401.1555, 26.42484
401.6376, 17.36960
402.1197, 8.289917
402.6018, 2.804138
403.0840, 0.9195860
403.5661, 3.771790
404.0482, 17.62225
404.5303, 27.60712
405.0124, 26.83264
405.4945, 20.54025
405.9767, 15.38278
406.4588, 13.59174
406.9409, 14.27652
407.4230, 17.81168
407.9051, 24.15814
408.3872, 26.85867
408.8694, 22.45212
409.3515, 16.12610
409.8336, 13.30066
410.3157, 13.78339
410.7978, 14.66635
411.2799, 13.35065
411.7621, 12.80609
412.2442, 19.54242
412.7263, 32.82425
413.2084, 40.20023
413.6905, 31.73431
414.1726, 11.30377
414.6548, 0.2645870
415.1369, 3.730042
415.6190, 8.392700
416.1011, 12.04675
416.5832, 15.29898
417.0653, 20.00449
417.5475, 26.22787
418.0296, 30.30835
418.5117, 26.32681
418.9938, 10.97754
419.4759, 3.903534
419.9580, 15.43958
420.4402, 25.13068
420.9223, 22.85138
421.4044, 14.04181
421.8865, 10.18002
422.3686, 18.30194
422.8507, 31.77444
423.3329, 38.01361
423.8150, 36.38922
424.2971, 31.41031
424.7792, 20.80380
425.2613, 10.12643
425.7434, 4.941193
426.2256, 5.543274
426.7077, 7.429718
427.1898, 10.02609
427.6719, 11.94043
428.1540, 10.07776
428.6361, 4.173065
429.1183, 1.443878
429.6004, 3.967133
430.0825, 3.549591
430.5646, 1.859406
431.0467, 2.719086
431.5288, 6.549927
432.0110, 6.955170
432.4931, 6.560303
432.9752, 10.24722
433.4573, 19.04016
433.9394, 27.63431
434.4215, 28.61877
434.9037, 20.04105
435.3858, 11.95639
435.8679, 1.910217
436.3500, 5.212341
436.8321, 6.947144
437.3142, 4.431122
437.7964, 0.3737490
438.2785, 7.189758
438.7606, 14.08945
439.2427, 16.92813
439.7248, 15.01358
440.2069, 13.76025
440.6891, 13.55850
441.1712, 15.66751
441.6533, 23.65793
442.1354, 37.56018
442.6175, 45.07547
443.0996, 36.24915
443.5818, 20.29446
444.0639, 7.506500
444.5460, 1.063934
445.0281, 2.333588
445.5102, 8.220459
445.9923, 26.86914
446.4745, 34.86221
446.9566, 24.09256
447.4387, 14.90393
447.9208, 11.27399
448.4029, 10.72086
448.8850, 11.51785
449.3672, 12.84622
449.8493, 13.10641
450.3314, 10.08401
450.8135, 3.392456
451.2956, 1.312317
451.7777, 6.780640
452.2599, 6.459076
452.7420, 9.171326
453.2241, 29.20078
453.7062, 36.32718
454.1883, 22.39191
454.6704, 4.112030
455.1526, 2.957062
455.6347, 17.32098
456.1168, 25.32483
456.5989, 19.92355
457.0811, 11.43613
457.5632, 11.45459
458.0453, 18.53146
458.5274, 23.02959
459.0095, 20.13284
459.4916, 16.38995
459.9738, 17.05754
460.4559, 21.24298
460.9380, 26.30756
461.4201, 31.45680
461.9022, 34.80061
462.3843, 31.30176
462.8665, 9.351364
463.3486, 1.483398
463.8307, 22.66003
464.3128, 44.46884
464.7949, 46.43564
465.2770, 31.66566
465.7592, 16.62381
466.2413, 13.07317
466.7234, 18.02208
467.2055, 21.57097
467.6876, 23.99751
468.1697, 24.16559
468.6519, 18.68344
469.1340, 12.56285
469.6161, 10.77417
470.0982, 13.99080
470.5803, 17.44099
471.0624, 18.97372
471.5446, 2.853653
472.0267, 22.58998
472.5088, 33.54720
472.9909, 36.26431
473.4730, 6.246033
473.9551, 19.19662
474.4373, 15.08333
474.9194, 9.874527
475.4015, 28.23660
475.8836, 2.764526
476.3657, 20.75310
476.8478, 21.42599
477.3300, 30.59451
477.8121, 23.19754
478.2942, 21.15813
478.7763, 35.13672
479.2584, 39.51686
479.7405, 28.93355
480.2227, 38.02782
480.7048, 11.96605
481.1869, 16.76991
481.6690, 34.89636
482.1511, 25.20122
482.6332, 34.61215
483.1154, 36.73888
483.5975, 15.10953
484.0796, 19.60974
484.5617, 36.81357
485.0438, 52.09969
485.5259, 50.42426
486.0081, 32.87021
486.4902, 23.32283
486.9723, 30.39508
487.4544, 36.50803
487.9365, 32.22133
488.4186, 22.65198
488.9008, 15.44322
489.3829, 13.19093
489.8650, 15.16129
490.3471, 21.48424
490.8292, 34.24115
491.3113, 40.87891
491.7935, 35.75252
492.2756, 30.04869
492.7577, 26.37993
493.2398, 24.88484
493.7219, 25.93646
494.2040, 30.41940
494.6862, 34.57741
495.1683, 32.61804
495.6504, 25.43846
496.1325, 20.97867
496.6146, 21.38705
497.0967, 23.64130
497.5789, 24.44136
498.0610, 24.02075
498.5431, 25.88867
499.0252, 32.68483
499.5073, 39.57835
499.9894, 43.70468
500.4716, 45.93036
500.9537, 48.85428
501.4358, 53.39720
501.9179, 56.76202
502.4000, 54.05318
502.8821, 43.36749
503.3643, 33.20050
503.8464, 21.04552
504.3285, 11.94891
504.8106, 9.194916
505.2927, 10.64767
505.7748, 11.98584
506.2570, 11.02174
506.7391, 10.34500
507.2212, 14.48537
507.7033, 22.70769
508.1854, 28.22681
508.6675, 28.86456
509.1497, 27.95963
509.6318, 30.41116
510.1139, 36.01239
510.5960, 34.70247
511.0781, 16.16251
511.5602, 0.9638670
512.0424, 6.303970
512.5245, 2.804443
513.0066, 4.239136
513.4887, 12.85918
513.9708, 20.16354
514.4529, 20.68629
514.9351, 11.63673
515.4172, 7.380661
515.8993, 13.70982
516.3814, 18.95354
516.8635, 18.08052
517.3456, 13.42323
517.8278, 8.863388
518.3099, 5.228806
518.7920, 3.546631
519.2741, 6.331635
519.7562, 12.70193
520.2383, 16.46121
520.7205, 15.51059
521.2026, 13.89314
521.6847, 15.90755
522.1668, 21.51366
522.6489, 23.31421
523.1310, 16.95457
523.6132, 11.56050
524.0953, 11.16251
524.5774, 13.85329
525.0595, 17.86900
525.5416, 22.30530
526.0237, 24.63324
526.5059, 20.05273
526.9880, 7.448090
527.4701, 3.203766
527.9522, 13.78838
528.4343, 23.46550
528.9164, 26.99442
529.3986, 25.59650
529.8807, 19.75726
530.3628, 8.282867
530.8449, 2.124985
531.3270, 7.339355
531.8091, 7.671616
532.2913, 1.142014
532.7734, 12.86404
533.2555, 23.53099
533.7376, 19.80035
534.2197, 3.868713
534.7018, 7.167953
535.1840, 16.79378
535.6661, 17.50616
536.1482, 2.347717
536.6303, 25.56841
537.1124, 34.42946
537.5945, 27.43173
538.0767, 16.09386
538.5588, 9.103317
539.0409, 6.307007
539.5230, 7.553391
540.0051, 14.42847
540.4872, 19.94986
540.9694, 19.99530
541.4515, 18.12904
541.9336, 19.58157
542.4157, 25.29388
542.8978, 28.81256
543.3799, 25.48352
543.8621, 20.30786
544.3442, 18.71046
544.8263, 20.47710
545.3084, 22.81165
545.7905, 24.29684
546.2726, 9.002197
546.7548, 28.82048
547.2369, 39.90347
547.7190, 42.72037
548.2011, 12.51604
548.6832, 24.94939
549.1653, 20.29410
549.6475, 14.93692
550.1296, 33.36838
550.6117, 7.975403
551.0938, 26.03479
551.5759, 26.73729
552.0580, 35.37935
552.5402, 26.82814
553.0223, 23.58702
553.5044, 37.54820
553.9865, 41.98053
554.4686, 31.44662
554.9507, 40.58875
555.4329, 14.57300
555.9150, 19.40677
556.3971, 37.54999
556.8792, 27.87512
557.3613, 37.32620
557.8434, 39.49158
558.3256, 8.550415
558.8077, 35.18173
559.2898, 36.91322
559.7719, 13.08871
560.2540, 37.83128
560.7361, 17.52063
561.2183, 13.25761
561.7004, 21.07327
562.1825, 16.29584
562.6646, 31.37001
563.1467, 27.31743
563.6288, 21.55516
564.1110, 23.24879
564.5931, 3.809982
565.0752, 23.57240
565.5573, 16.55469
566.0394, 22.84708
566.5215, 32.15562
567.0037, 18.36070
567.4858, 29.02364
567.9679, 1.757919
568.4500, 6.225784
568.9321, 7.274948
569.4142, 28.47409
569.8964, 0.9627840
570.3785, 4.308899
570.8606, 16.31052
571.3427, 15.96815
571.8248, 15.87453
572.3069, 15.98740
572.7891, 16.22456
573.2712, 16.82922
573.7533, 16.55893
574.2354, 13.28394
574.7175, 6.274933
575.1996, 3.131592
575.6818, 8.645187
576.1639, 12.32158
576.6460, 6.996750
577.1281, 0.8242800
577.6102, 1.134644
578.0923, 8.155716
578.5745, 18.52829
579.0566, 19.61850
579.5387, 12.79198
580.0208, 10.05640
580.5029, 12.35223
580.9850, 15.72714
581.4672, 19.21187
581.9493, 22.16411
582.4314, 23.31288
582.9135, 22.00386
583.3956, 21.27121
583.8777, 23.94495
584.3599, 26.04199
584.8420, 21.51366
585.3241, 12.83136
585.8062, 9.712646
586.2883, 17.88663
586.7704, 30.60678
587.2526, 31.71915
587.7347, 16.32916
588.2168, 9.116547
588.6989, 20.92143
589.1810, 30.39658
589.6631, 21.10632
590.1453, 2.274597
590.6274, 5.385284
591.1095, 9.913208
591.5916, 25.55731
592.0737, 24.21133
592.5558, 12.30394
593.0380, 1.476791
593.5201, 5.250168
594.0022, 6.496002
594.4843, 2.720291
594.9664, 5.358322
595.4485, 12.70964
595.9307, 20.45576
596.4128, 25.48598
596.8949, 25.75819
597.3770, 24.71198
597.8591, 25.50789
598.3412, 27.68556
598.8234, 27.72815
599.3055, 22.38890
599.7876, 14.92096
600.2697, 9.190201
600.7518, 5.140457
601.2339, 2.194138
601.7161, 3.1235000E-02
602.1982, 2.5345000E-02
602.6803, 4.588120
603.1624, 14.62131
603.6445, 22.56677
604.1266, 30.44785
604.6088, 34.06783
605.0909, 29.06635
605.5730, 21.07317
606.0551, 17.04742
606.5372, 18.17836
607.0193, 19.33638
607.5015, 13.57250
607.9836, 4.833069
608.4657, 6.289352
608.9478, 18.76233
609.4299, 26.40433
609.9120, 20.29860
610.3942, 8.654861
610.8763, 6.771332
611.3584, 19.50046
611.8405, 26.49529
612.3226, 23.49951
612.8047, 18.56805
613.2869, 13.32964
613.7690, 9.768616
614.2511, 11.95082
614.7332, 21.33827
615.2153, 30.88823
615.6974, 31.63991
616.1796, 24.61757
616.6617, 16.12614
617.1438, 4.931793
617.6259, 0.6541750
618.1080, 7.000305
618.5901, 22.10567
619.0723, 29.98100
619.5544, 28.25784
620.0365, 25.35632
620.5186, 20.71828
621.0007, 16.94301
621.4828, 16.42300
621.9650, 18.34108
622.4471, 20.25967
622.9292, 21.10052
623.4113, 21.87816
623.8934, 24.83890
624.3755, 29.97446
624.8577, 33.59262
625.3398, 35.21127
625.8219, 35.49350
626.3040, 35.59895
626.7861, 34.77792
627.2682, 31.18513
627.7504, 22.05315
628.2325, 14.91747
628.7146, 11.41133
629.1967, 10.81119
629.6788, 13.47832
630.1609, 18.61246
630.6431, 24.58611
631.1252, 30.80704
631.6073, 35.54639
632.0894, 33.92694
632.5715, 25.16469
633.0536, 20.27766
633.5358, 23.06972
634.0179, 25.97791
634.5000, 20.81992
634.9821, 11.06311
635.4642, 9.180389
635.9464, 24.07040
636.4285, 35.12051
636.9106, 33.05908
637.3927, 25.62599
637.8748, 19.81480
638.3569, 16.51912
638.8391, 13.97961
639.3212, 11.03035
639.8033, 8.053589
640.2854, 5.586594
640.7675, 3.400879
641.2496, 3.961868
641.7318, 8.781631
642.2139, 14.62230
642.6960, 19.78769
643.1781, 23.98390
643.6602, 25.87569
644.1423, 26.24567
644.6245, 23.15752
645.1066, 11.71896
645.5887, 0.8017430
646.0708, 6.428589
646.5529, 4.086899
647.0350, 2.514954
647.5172, 12.67932
647.9993, 24.27528
648.4814, 28.07826
648.9635, 24.11221
649.4456, 6.484589
649.9277, 26.06152
650.4099, 36.90617
650.8920, 39.42903
651.3741, 8.585526
651.8562, 20.30547
652.3383, 15.17638
652.8204, 9.586395
653.3026, 27.79988
653.7847, 2.176025
654.2668, 20.01161
654.7489, 20.49869
655.2310, 28.92537
655.7131, 20.15874
656.1953, 16.70203
656.6774, 30.44382
657.1595, 34.66232
657.6416, 23.91522
658.1237, 32.84494
658.6058, 6.603714
659.0880, 11.20021
659.5701, 29.05551
660.0522, 19.09476
660.5343, 28.32156
661.0164, 30.27946
661.4985, 0.8683930
661.9807, 18.46643
662.4628, 24.04680
662.9449, 27.99821
663.4270, 28.06166
663.9091, 22.09482
664.3912, 13.90460
664.8734, 9.552658
665.3555, 8.873093
665.8376, 10.53671
666.3197, 14.92789
666.8018, 19.44751
667.2839, 22.47511
667.7661, 23.97630
668.2482, 23.68896
668.7303, 18.31354
669.2124, 15.94626
669.6945, 20.53036
670.1766, 25.53288
670.6588, 25.45940
671.1409, 21.85500
671.6230, 20.18419
672.1051, 23.57999
672.5872, 27.81059
673.0693, 26.84451
673.5515, 22.25693
674.0336, 21.16824
674.5157, 24.81346
674.9978, 25.46068
675.4799, 16.34268
675.9620, 2.068985
676.4442, 2.031143
676.9263, 14.26215
677.4084, 23.52495
677.8905, 19.55656
678.3726, 15.30264
678.8547, 18.54514
679.3369, 26.11659
679.8190, 31.16966
680.3011, 31.21274
680.7832, 29.64354
681.2653, 30.04529
681.7474, 30.42598
682.2296, 24.97334
682.7117, 14.44153
683.1938, 8.795486
683.6759, 14.12537
684.1580, 24.65509
684.6401, 27.80582
685.1223, 20.16701
685.6044, 16.74594
686.0865, 22.63261
686.5686, 26.39995
687.0507, 18.52800
687.5328, 8.181259
688.0150, 10.25163
688.4971, 29.21407
688.9792, 44.13058
689.4613, 42.09248
689.9434, 33.69975
690.4255, 28.25128
690.9077, 25.74551
691.3898, 24.16458
691.8719, 22.69293
692.3540, 21.54065
692.8361, 21.22450
693.3182, 21.73108
693.8004, 20.83063
694.2825, 17.53220
694.7646, 15.60254
695.2467, 16.92975
695.7288, 19.98486
696.2109, 23.83795
696.6931, 28.86803
697.1752, 29.22333
697.6573, 19.59442
698.1394, 9.862259
698.6215, 4.158600
699.1036, 1.823929
699.5858, 2.643387
700.0679, 5.935699
700.5500, 8.699539
701.0321, 7.631866
701.5142, 4.595901
701.9963, 6.344055
702.4785, 12.68236
702.9606, 9.598221
703.4427, 10.82352
703.9248, 28.22511
704.4069, 17.11916
704.8890, 21.40860
705.3712, 40.24683
705.8533, 21.95277
706.3354, 7.805832
706.8175, 4.784882
707.2996, 6.279358
707.7817, 8.128403
708.2639, 9.915039
708.7460, 11.80727
709.2281, 13.94875
709.7102, 15.75352
710.1923, 16.81979
710.6744, 17.22842
711.1566, 15.33698
711.6387, 11.39468
712.1208, 11.07417
712.6029, 19.05663
713.0850, 31.11691
713.5671, 34.73416
714.0493, 26.78357
714.5314, 20.60454
715.0135, 17.99638
715.4956, 15.89426
715.9777, 11.26350
716.4598, 6.423965
716.9420, 5.731110
717.4241, 10.53380
717.9062, 16.52983
718.3883, 24.09140
718.8704, 30.66002
719.3525, 34.90126
719.8347, 36.33661
720.3168, 32.06102
720.7989, 21.29001
721.2810, 11.67307
721.7631, 14.73180
722.2452, 27.77562
722.7274, 35.27348
723.2095, 36.83443
723.6916, 35.13501
724.1737, 30.37186
724.6558, 24.21251
725.1379, 18.20284
725.6201, 11.61981
726.1022, 10.60910
726.5843, 21.86694
727.0664, 13.75603
727.5485, 33.51866
728.0306, 44.54668
728.5128, 47.30927
728.9949, 17.05164
729.4770, 29.43227
729.9591, 24.72508
730.4412, 19.31706
730.9233, 37.69823
731.4055, 12.24208
731.8876, 30.24559
732.3697, 30.90048
732.8518, 39.49512
733.3339, 30.89685
733.8160, 27.59419
734.2982, 41.35147
734.7803, 45.73857
735.2624, 35.16025
735.7445, 44.25871
736.2266, 18.20038
736.7087, 22.99232
737.1909, 41.09444
737.6730, 31.37958
738.1551, 40.79129
738.6372, 42.91830
739.1193, 11.93971
739.6014, 38.53448
740.0836, 21.62636
740.5657, 16.64632
741.0478, 14.66658
741.5299, 17.52133
742.0120, 21.46326
742.4941, 23.73627
742.9763, 24.80342
743.4584, 25.49875
743.9405, 25.71294
744.4226, 22.97192
744.9047, 15.68594
745.3868, 9.490448
745.8690, 12.19273
746.3511, 24.27130
746.8332, 31.71207
747.3153, 31.19765
747.7974, 29.93973
748.2795, 27.57283
748.7617, 27.20966
749.2438, 33.12282
749.7259, 43.35768
750.2080, 48.58974
750.6901, 44.44652
751.1722, 37.53333
751.6544, 27.19911
752.1365, 18.44814
752.6186, 19.57794
753.1007, 28.40047
753.5828, 34.31880
754.0649, 31.16164
754.5471, 24.58449
755.0292, 24.00435
755.5113, 28.23161
755.9934, 28.41069
756.4755, 23.32953
756.9576, 19.81358
757.4398, 21.69952
757.9219, 26.55511
758.4040, 29.99681
758.8861, 31.60063
759.3682, 33.39185
759.8503, 36.83310
760.3325, 38.67867
760.8146, 36.73755
761.2967, 32.97003
761.7788, 30.11116
762.2609, 30.05179
762.7430, 30.41490
763.2252, 30.09355
763.7073, 27.54250
764.1894, 19.71606
764.6715, 9.761917
765.1536, 2.162537
765.6357, 2.269806
766.1179, 4.416901
766.6000, 4.932541
767.0821, 3.499435
767.5642, 1.485718
768.0463, 9.723755
768.5284, 16.35370
769.0106, 20.83875
769.4927, 22.73947
769.9748, 20.89450
770.4569, 17.23375
770.9390, 16.45061
771.4211, 19.40637
771.9033, 23.09456
772.3854, 29.46556
772.8675, 34.31108
773.3496, 37.65854
773.8317, 37.93810
774.3138, 31.53598
774.7960, 18.23227
775.2781, 7.563690
775.7602, 3.939362
776.2423, 4.206833
776.7244, 7.708252
777.2065, 12.74080
777.6887, 17.73300
778.1708, 21.77264
778.6529, 22.12849
779.1350, 15.32117
779.6171, 6.551300
780.0992, 9.684250
780.5814, 23.19176
781.0635, 27.04320
781.5456, 16.73076
782.0277, 8.021484
782.5098, 11.56944
782.9919, 23.62848
783.4741, 34.74652
783.9562, 47.59264
784.4383, 52.46611
784.9204, 43.07169
785.4025, 33.07484
785.8846, 25.91875
786.3668, 21.68570
786.8489, 21.24301
787.3310, 24.73836
787.8131, 27.58255
788.2952, 28.66360
788.7773, 28.17320
789.2595, 24.74298
789.7416, 20.58279
790.2237, 18.73256
790.7058, 19.48462
791.1879, 21.09673
791.6700, 22.61716
792.1522, 23.85809
792.6343, 24.83937
793.1164, 25.31253
793.5985, 23.20398
794.0806, 18.32108
794.5627, 16.09189
795.0449, 20.41534
795.5270, 27.55959
796.0091, 29.17702
796.4912, 24.13463
796.9733, 18.65604
797.4554, 12.31261
797.9376, 6.269592
798.4197, 1.375732
798.9018, 6.789124
799.3839, 3.419495
799.8660, 9.063553
800.3481, 16.63081
800.8303, 13.59842
801.3124, 10.05315
801.7945, 10.48880
802.2766, 11.44946
802.7587, 9.649094
803.2408, 5.010254
803.7230, 1.798447
804.2051, 12.54738
804.6872, 19.38281
805.1693, 9.995667
805.6514, 6.414917
806.1335, 12.16907
806.6157, 7.876556
807.0978, 4.765808
807.5799, 8.087708
808.0620, 15.08438
808.5441, 23.24332
809.0262, 32.14490
809.5084, 34.40897
809.9905, 29.07541
810.4726, 23.59373
810.9547, 20.35982
811.4368, 17.60718
811.9189, 12.72295
812.4011, 6.067383
812.8832, 4.164520
813.3653, 13.34705
813.8474, 17.81227
814.3295, 10.40901
814.8116, 3.889511
815.2938, 7.759384
815.7759, 17.71326
816.2580, 23.42516
816.7401, 21.53625
817.2222, 20.56281
817.7043, 27.34027
818.1865, 33.42287
818.6686, 29.61908
819.1507, 20.90587
819.6328, 16.74002
820.1149, 19.37680
820.5970, 23.91609
821.0792, 28.19704
821.5613, 30.15233
822.0434, 23.28577
822.5255, 10.68800
823.0076, 5.380188
823.4897, 9.391129
823.9719, 13.47847
824.4540, 10.72504
824.9361, 5.123337
825.4182, 8.359512
825.9003, 22.36449
826.3824, 27.36346
826.8646, 18.89488
827.3467, 11.56052
827.8289, 13.55646
828.3110, 18.75673
828.7931, 16.63324
829.2752, 4.982162
829.7573, 0.9611970
830.2394, 11.64682
830.7216, 20.42194
831.2037, 22.07350
831.6858, 21.75400
832.1679, 24.82672
832.6500, 29.94350
833.1321, 30.97234
833.6143, 24.25549
834.0964, 17.11990
834.5785, 11.51425
835.0606, 8.744171
835.5427, 13.06833
836.0248, 20.75972
836.5070, 21.85458
836.9891, 13.35701
837.4712, 5.956955
837.9533, 13.57547
838.4354, 27.73726
838.9175, 30.07600
839.3997, 23.35333
839.8818, 20.61771
840.3639, 24.78607
840.8460, 26.23349
841.3281, 15.91582
841.8102, 0.1511080
842.2924, 2.254745
842.7745, 11.78534
843.2566, 19.50681
843.7387, 17.61555
844.2208, 13.78062
844.7029, 10.63715
845.1851, 9.262680
845.6672, 12.54506
846.1493, 22.02295
846.6314, 27.70882
847.1135, 26.22430
847.5956, 25.26855
848.0778, 26.71422
848.5599, 28.93958
849.0420, 31.23537
849.5241, 33.20085
850.0062, 33.62727
850.4883, 32.41391
850.9705, 29.32860
851.4526, 20.59833
851.9347, 13.30333
852.4168, 15.64699
852.8989, 23.11176
853.3810, 26.32558
853.8632, 22.60786
854.3453, 16.98207
854.8274, 12.60561
855.3095, 8.970734
855.7916, 3.965866
856.2737, 0.6283720
856.7559, 2.069305
857.2380, 11.99673
857.7201, 18.88011
858.2022, 17.13661
858.6843, 11.10858
859.1664, 9.136581
859.6486, 10.64742
860.1307, 10.50429
860.6128, 8.210159
861.0949, 7.489532
861.5770, 10.00310
862.0591, 13.25819
862.5413, 16.10124
863.0234, 19.52917
863.5055, 18.99217
863.9876, 11.48244
864.4697, 5.831055
864.9518, 4.495651
865.4340, 4.354385
865.9161, 1.779739
866.3982, 1.477951
866.8803, 1.840210
867.3624, 18.51123
867.8445, 27.39635
868.3267, 21.15240
868.8088, 14.58603
869.2909, 14.59264
869.7730, 17.26740
870.2551, 17.60072
870.7372, 15.16742
871.2194, 12.85287
871.7015, 12.18221
872.1836, 11.24039
872.6657, 7.836639
873.1478, 4.608871
873.6299, 4.332245
874.1121, 6.708878
874.5942, 10.68289
875.0763, 16.12468
875.5584, 19.57039
876.0405, 16.59767
876.5226, 10.81494
877.0048, 6.231247
877.4869, 3.419754
877.9690, 4.149963
878.4511, 8.339172
878.9332, 12.14337
879.4153, 11.74019
879.8975, 8.835403
880.3796, 7.774475
880.8617, 8.613739
881.3438, 12.84322
881.8259, 20.57166
882.3080, 26.08029
882.7902, 26.29124
883.2723, 23.92743
883.7544, 22.61887
884.2365, 22.40144
884.7186, 26.51505
885.2007, 37.27031
885.6829, 42.30850
886.1650, 37.34605
886.6471, 28.68434
887.1292, 19.66417
887.6113, 11.67294
888.0934, 10.63124
888.5756, 23.70506
889.0577, 28.21762
889.5398, 15.44954
890.0219, 5.138168
890.5040, 5.015320
890.9861, 10.53599
891.4683, 19.32843
891.9504, 30.91046
892.4325, 34.62022
892.9146, 19.85471
893.3967, 9.469604
893.8788, 11.70772
894.3610, 18.40007
894.8431, 25.24313
895.3252, 31.22760
895.8073, 35.86647
896.2894, 39.21263
896.7715, 39.59909
897.2537, 33.63615
897.7358, 27.05624
898.2179, 23.85002
898.7000, 22.92610
899.1821, 23.41957
899.6642, 24.46255
900.1464, 23.86967
900.6285, 20.56364
901.1106, 15.58043
901.5927, 6.171021
902.0748, 2.013809
902.5569, 5.095978
903.0391, 22.06009
903.5212, 26.93639
904.0033, 13.29443
904.4854, 0.4337160
904.9675, 5.125107
905.4496, 21.15401
905.9318, 27.71210
906.4139, 26.37770
906.8960, 25.32448
907.3781, 25.67880
907.8602, 23.60408
908.3423, 16.50873
908.8245, 8.730591
909.3066, 8.774765
909.7887, 16.00172
910.2708, 16.08241
910.7529, 7.691971
911.2350, 6.191879
911.7172, 17.68834
912.1993, 28.92984
912.6814, 28.65509
913.1635, 19.04884
913.6456, 6.281769
914.1277, 14.30557
914.6099, 19.44780
915.0920, 0.1715090
915.5741, 16.91718
916.0562, 16.89575
916.5383, 9.407852
917.0204, 6.028137
917.5026, 6.757889
917.9847, 5.616653
918.4668, 1.650650
918.9489, 4.093353
919.4310, 0.9779210
919.9131, 9.175858
920.3953, 23.96133
920.8774, 38.20911
921.3595, 36.40616
921.8416, 13.50282
922.3237, 2.816620
922.8058, 22.05168
923.2880, 37.34830
923.7701, 33.31425
924.2522, 24.19701
924.7343, 23.14197
925.2164, 27.88217
925.6985, 28.13829
926.1807, 19.66087
926.6628, 12.69882
927.1449, 12.05186
927.6270, 13.32787
928.1091, 13.35841
928.5912, 13.58284
929.0734, 16.34673
929.5555, 21.69176
930.0376, 28.16594
930.5197, 37.58517
931.0018, 42.65047
931.4839, 35.06879
931.9661, 22.67882
932.4482, 11.75040
932.9303, 3.966507
933.4124, 1.683228
933.8945, 5.172989
934.3766, 10.72287
934.8588, 18.69336
935.3409, 23.49077
935.8230, 12.80058
936.3051, 3.549408
936.7872, 5.200897
937.2693, 6.499512
937.7515, 16.12024
938.2336, 16.75705
938.7157, 13.66704
939.1978, 10.37015
939.6799, 8.633194
940.1620, 14.71370
940.6442, 25.88550
941.1263, 32.12022
941.6084, 31.80292
942.0905, 28.99182
942.5726, 26.01041
943.0547, 23.75421
943.5369, 24.96716
944.0190, 28.35126
944.5011, 25.53838
944.9832, 17.18352
945.4653, 15.88869
945.9474, 25.34009
946.4296, 33.58461
946.9117, 29.54248
947.3938, 19.57684
947.8759, 23.00822
948.3580, 39.51244
948.8401, 44.33475
949.3223, 34.86894
949.8044, 28.15857
950.2865, 31.32410
950.7686, 36.32632
951.2507, 33.78296
951.7328, 25.65666
952.2150, 24.25468
952.6971, 31.58180
953.1792, 30.77498
953.6613, 16.81776
954.1434, 8.971802
954.6255, 20.33130
955.1077, 36.94975
955.5898, 37.42108
956.0719, 22.12456
956.5540, 17.82651
957.0361, 30.54108
957.5182, 34.90799
958.0004, 22.07379
958.4825, 11.21587
958.9646, 15.01738
959.4467, 26.86932
959.9288, 35.04004
960.4109, 40.18709
960.8931, 37.22073
961.3752, 17.86160
961.8573, 6.630356
962.3394, 12.01007
962.8215, 22.04358
963.3036, 30.04175
963.7858, 35.64995
964.2679, 38.16512
964.7500, 36.47087
965.2321, 35.66177
965.7142, 37.81912
966.1964, 38.84904
966.6785, 35.84956
967.1606, 31.20471
967.6427, 27.61194
968.1248, 25.22609
968.6069, 24.38245
969.0891, 24.45370
969.5712, 27.53386
970.0533, 39.88412
970.5354, 47.59241
971.0175, 45.15488
971.4996, 36.45563
971.9818, 20.53140
972.4639, 0.6204830
972.9460, 9.249344
973.4281, 4.570053
973.9102, 0.8936770
974.3923, 2.688080
974.8745, 7.834412
975.3566, 26.35873
975.8387, 45.50453
976.3208, 47.60207
976.8029, 33.99068
977.2850, 26.26906
977.7672, 31.66603
978.2493, 37.26706
978.7314, 45.00333
979.2135, 46.98586
979.6956, 32.00395
980.1777, 12.23419
980.6599, 4.220184
981.1420, 9.328384
981.6241, 18.27281
982.1062, 37.25052
982.5883, 47.60846
983.0704, 36.20975
983.5526, 21.95769
984.0347, 16.24847
984.5168, 17.22223
984.9989, 22.18800
985.4810, 30.30917
985.9631, 35.42686
986.4453, 33.05640
986.9274, 30.58200
987.4095, 31.89676
987.8916, 33.22487
988.3737, 31.31503
988.8558, 27.34615
989.3380, 23.83751
989.8201, 21.26924
990.3022, 18.06004
990.7843, 11.56047
991.2664, 6.935165
991.7485, 7.935226
992.2307, 10.53644
992.7128, 11.80872
993.1949, 11.72386
993.6770, 10.27458
994.1591, 7.165100
994.6412, 6.082108
995.1234, 8.077255
995.6055, 13.68791
996.0876, 28.32867
996.5697, 42.64224
997.0518, 48.25339
997.5339, 46.19397
998.0161, 38.82364
998.4982, 26.39091
998.9803, 17.88823
999.4624, 18.73991
999.9445, 23.00455
1000.427, 29.60957
1000.909, 36.24258
1001.391, 42.34862
1001.873, 46.31677
1002.355, 43.64804
1002.837, 32.52942
1003.319, 24.94214
1003.801, 29.58197
1004.284, 35.15262
1004.766, 36.27750
1005.248, 34.32831
1005.730, 29.82663
1006.212, 23.77859
1006.694, 16.97408
1007.176, 9.086334
1007.658, 6.770523
1008.141, 18.22766
1008.623, 29.74411
1009.105, 37.08162
1009.587, 37.79877
1010.069, 22.77985
1010.551, 0.6166530
1011.033, 6.203140
1011.515, 9.957031
1011.997, 22.98428
1012.480, 16.95543
1012.962, 10.84610
1013.444, 17.30974
1013.926, 26.55083
1014.408, 28.15799
1014.890, 24.20653
1015.372, 22.15186
1015.854, 23.91365
1016.336, 26.11252
1016.819, 30.78210
1017.301, 31.44476
1017.783, 20.96469
1018.265, 8.348373
1018.747, 1.726318
1019.229, 3.1999999E-04
1019.711, 1.351990
1020.193, 3.368042
1020.676, 4.296265
1021.158, 2.366455
1021.640, 0.7263790
1022.122, 6.3415997E-02
1022.604, 0.7353210
1023.086, 6.885239
1023.568, 14.30612
1024.050, 12.83656
1024.532, 0.6320190
1025.015, 11.19688
1025.497, 14.06789
1025.979, 14.35706
1026.461, 11.39272
1026.943, 8.960449
1027.425, 10.51613
1027.907, 14.65717
1028.389, 18.03735
1028.871, 20.03828
1029.354, 22.83009
1029.836, 16.95416
1030.318, 33.48012
1030.800, 41.12495
1031.282, 41.25249
1031.764, 9.159225
1032.246, 20.22867
1032.728, 14.69458
1033.211, 8.922180
1033.693, 27.40364
1034.175, 2.511307
1034.657, 21.54265
1035.139, 23.68867
1035.621, 34.23709
1036.103, 28.05573
1036.585, 27.64685
1037.068, 44.90732
1037.550, 53.10155
1038.032, 46.79242
1038.514, 60.62047
1038.996, 39.75731
1039.478, 50.20876
1039.960, 74.43216
1040.442, 51.46568
1040.924, 38.12886
1041.406, 30.90855
1041.889, 29.84158
1042.371, 31.66809
1042.853, 41.16685
1043.335, 43.77847
1043.817, 34.78705
1044.299, 24.41890
1044.781, 15.53995
1045.263, 9.884064
1045.746, 10.84785
1046.228, 17.65715
1046.710, 20.19429
1047.192, 15.39241
1047.674, 16.32826
1048.156, 28.40074
1048.638, 33.82021
1049.120, 22.05542
1049.603, 7.382431
1050.085, 5.926682
1050.567, 15.27505
1051.049, 24.34665
1051.531, 34.91530
1052.013, 33.35510
1052.495, 15.24408
1052.977, 3.470581
1053.459, 6.300156
1053.942, 16.90138
1054.424, 30.52354
1054.906, 44.26599
1055.388, 48.53700
1055.870, 43.16939
1056.352, 36.70125
1056.834, 29.27919
1057.316, 23.23163
1057.798, 19.15683
1058.281, 18.06242
1058.763, 21.14952
1059.245, 26.01791
1059.727, 27.77200
1060.209, 26.80579
1060.691, 25.09950
1061.173, 22.94321
1061.655, 22.98384
1062.138, 25.66039
1062.620, 28.77107
1063.102, 31.11809
1063.584, 31.87671
1064.066, 28.46283
1064.548, 23.11555
1065.030, 22.70757
1065.512, 25.38562
1065.995, 23.59846
1066.477, 17.48857
1066.959, 14.65443
1067.441, 18.63350
1067.923, 25.25975
1068.405, 32.98000
1068.887, 37.72575
1069.369, 31.04262
1069.851, 20.58148
1070.333, 23.09680
1070.816, 35.07310
1071.298, 39.05533
1071.780, 29.81229
1072.262, 20.10779
1072.744, 19.51370
1073.226, 21.81773
1073.708, 21.09241
1074.190, 20.44629
1074.673, 24.99889
1075.155, 32.56898
1075.637, 36.54596
1076.119, 35.52745
1076.601, 32.44025
1077.083, 25.71571
1077.565, 22.27771
1078.047, 28.11769
1078.530, 36.10834
1079.012, 44.91467
1079.494, 50.39621
1079.976, 44.65160
1080.458, 29.97818
1080.940, 20.19464
1081.422, 19.79169
1081.904, 21.54808
1082.386, 27.28793
1082.869, 31.09641
1083.351, 30.40959
1083.833, 27.14078
1084.315, 21.70572
1084.797, 15.27179
1085.279, 10.85182
1085.761, 8.387253
1086.243, 8.908157
1086.726, 17.67259
1087.208, 20.57791
1087.690, 8.064590
1088.172, 0.5345920
1088.654, 11.56612
1089.136, 30.43394
1089.618, 29.18593
1090.100, 7.221054
1090.583, 1.641129
1091.065, 19.30743
1091.547, 26.61819
1092.029, 16.25708
1092.511, 8.240677
1092.993, 12.88933
1093.475, 19.94972
1093.957, 16.43733
1094.439, 6.118103
1094.922, 6.017197
1095.404, 15.84337
1095.886, 20.92793
1096.368, 20.35927
1096.850, 15.81635
1097.332, 7.842453
1097.814, 5.131439
1098.296, 15.99097
1098.778, 30.38548
1099.261, 26.58971
1099.743, 12.30809
1100.225, 11.01582
1100.707, 19.91902
1101.189, 28.44768
1101.671, 33.76108
1102.153, 33.82137
1102.635, 27.32870
1103.118, 20.72543
1103.600, 23.16167
1104.082, 26.80214
1104.564, 19.02440
1105.046, 7.243515
1105.528, 3.233704
1106.010, 5.895340
1106.492, 8.970169
1106.974, 10.51077
1107.457, 10.48010
1107.939, 6.342407
1108.421, 4.089066
1108.903, 8.758835
1109.385, 14.94550
1109.867, 20.06720
1110.349, 22.86148
1110.831, 21.06720
1111.313, 15.21626
1111.796, 10.10188
1112.278, 4.923233
1112.760, 4.169464
1113.242, 14.42242
1113.724, 21.75055
1114.206, 15.89081
1114.688, 9.771652
1115.170, 17.95872
1115.653, 33.26309
1116.135, 35.30067
1116.617, 20.57533
1117.099, 13.16162
1117.581, 16.34337
1118.063, 17.93515
1118.545, 15.52470
1119.027, 12.08430
1119.510, 8.868256
1119.992, 6.472702
1120.474, 6.107239
1120.956, 7.106201
1121.438, 4.250137
1121.920, 2.251923
1122.402, 0.7653810
1122.884, 9.397263
1123.366, 20.63315
1123.849, 30.19223
1124.331, 31.77071
1124.813, 18.54547
1125.295, 0.8190460
1125.777, 2.976578
1126.259, 1.181061
1126.741, 2.020660
1127.223, 8.611755
1127.705, 3.753540
1128.188, 11.41394
1128.670, 20.30919
1129.152, 14.83728
1129.634, 7.259003
1130.116, 8.072647
1130.598, 11.88553
1131.080, 18.70485
1131.562, 22.26651
1132.045, 8.333344
1132.527, 11.30353
1133.009, 9.149307
1133.491, 17.46101
1133.973, 35.32991
1134.455, 29.64832
1134.937, 21.50484
1135.419, 8.150742
1135.901, 3.087326
1136.384, 22.83209
1136.866, 46.24745
1137.348, 48.94583
1137.830, 37.08501
1138.312, 32.12917
1138.794, 37.11850
1139.276, 35.79117
1139.758, 23.88860
1140.240, 18.08928
1140.723, 23.39543
1141.205, 30.31194
1141.687, 34.10632
1142.169, 34.48375
1142.651, 30.28850
1143.133, 22.80505
1143.615, 18.69942
1144.097, 17.63953
1144.580, 16.37468
1145.062, 14.44965
1145.544, 9.541870
1146.026, 1.657486
1146.508, 1.899139
1146.990, 20.68356
1147.472, 40.53209
1147.954, 33.51453
1148.437, 15.50098
1148.919, 9.950058
1149.401, 12.97237
1149.883, 17.02249
1150.365, 20.62718
1150.847, 24.95357
1151.329, 30.40741
1151.811, 32.04030
1152.293, 22.82742
1152.776, 14.82945
1153.258, 14.25694
1153.740, 17.05391
1154.222, 24.70180
1154.704, 31.04176
1155.186, 24.14787
1155.668, 5.973694
1156.150, 1.543686
1156.632, 9.900864
1157.115, 17.72836
1157.597, 19.13553
1158.079, 22.55203
1158.561, 32.49963
1159.043, 40.24400
1159.525, 39.87271
1160.007, 33.00864
1160.489, 21.06015
1160.972, 5.311478
1161.454, 2.181747
1161.936, 1.467606
1162.418, 1.366394
1162.900, 5.612274
1163.382, 12.17451
1163.864, 21.14929
1164.346, 26.22031
1164.828, 20.89655
1165.311, 13.70207
1165.793, 20.28596
1166.275, 30.90410
1166.757, 25.71088
1167.239, 13.48012
1167.721, 13.98730
1168.203, 25.65877
1168.685, 33.30408
1169.167, 31.82121
1169.650, 26.78461
1170.132, 16.32513
1170.614, 9.439423
1171.096, 13.55070
1171.578, 19.18758
1172.060, 20.65096
1172.542, 18.99759
1173.024, 14.11647
1173.507, 7.267197
1173.989, 6.387421
1174.471, 12.88997
1174.953, 22.05406
1175.435, 37.22787
1175.917, 45.96953
1176.399, 44.14151
1176.881, 39.68831
1177.364, 37.56476
1177.846, 35.13528
1178.328, 26.17639
1178.810, 14.13913
1179.292, 13.90865
1179.774, 23.29999
1180.256, 32.34120
1180.738, 38.90910
1181.220, 35.57642
1181.703, 22.59161
1182.185, 14.21909
1182.667, 20.01428
1183.149, 29.68036
1183.631, 37.13556
1184.113, 40.70520
1184.595, 37.87610
1185.077, 29.77594
1185.559, 13.26123
1186.042, 4.530960
1186.524, 7.504257
1187.006, 6.625275
1187.488, 19.01584
1187.970, 27.03142
1188.452, 29.98827
1188.934, 22.13907
1189.416, 16.93117
1189.899, 20.99011
1190.381, 25.50050
1190.863, 23.42747
1191.345, 19.67139
1191.827, 25.70882
1192.309, 41.27283
1192.791, 41.77766
1193.273, 26.81499
1193.755, 24.59995
1194.238, 37.95692
1194.720, 43.25031
1195.202, 31.83530
1195.684, 18.15654
1196.166, 13.46082
1196.648, 15.72179
1197.130, 27.20645
1197.612, 39.74913
1198.094, 38.86514
1198.577, 31.68312
1199.059, 31.34724
1199.541, 36.62059
1200.023, 39.88272
1200.505, 39.49088
1200.987, 33.59196
1201.469, 13.74460
1201.951, 7.4874997E-02
1202.434, 3.047119
1202.916, 7.650589
1203.398, 6.252319
1203.880, 3.065338
1204.362, 0.1392360
1204.844, 0.5356900
1205.326, 8.286652
1205.808, 28.00443
1206.291, 34.21545
1206.773, 25.67467
1207.255, 17.67340
1207.737, 12.47780
1208.219, 15.20483
1208.701, 27.88802
1209.183, 36.24564
1209.665, 25.62349
1210.147, 9.708160
1210.630, 8.383820
1211.112, 15.58861
1211.594, 25.67403
1212.076, 35.15768
1212.558, 38.29131
1213.040, 35.96295
1213.522, 32.35333
1214.004, 28.60425
1214.486, 26.53157
1214.969, 31.08939
1215.451, 30.94604
1215.933, 15.78793
1216.415, 4.567993
1216.897, 10.92468
1217.379, 19.15051
1217.861, 12.80423
1218.343, 1.044144
1218.826, 8.312012
1219.308, 34.82109
1219.790, 48.87437
1220.272, 50.32545
1220.754, 36.72212
1221.236, 45.45029
1221.718, 48.83783
1222.200, 45.82237
1222.682, 22.60872
1223.165, 28.30338
1223.647, 23.08838
1224.129, 17.88637
1224.611, 29.03310
1225.093, 11.43211
1225.575, 23.28226
1226.057, 24.04456
1226.539, 30.57758
1227.021, 26.12682
1227.504, 25.69907
1227.986, 37.21326
1228.468, 42.85863
1228.950, 39.00673
1229.432, 48.75177
1229.914, 35.42609
1230.396, 37.49696
1230.878, 35.77785
1231.361, 36.29967
1231.843, 37.37851
1232.325, 34.50972
1232.807, 28.89308
1233.289, 28.91258
1233.771, 32.46585
1234.253, 23.54099
1234.735, 5.038666
1235.218, 3.696854
1235.700, 0.6814730
1236.182, 5.741150
1236.664, 5.100998
1237.146, 2.648621
1237.628, 2.084686
1238.110, 3.022018
1238.592, 12.04449
1239.074, 25.57292
1239.557, 15.27415
1240.039, 1.755249
1240.521, 4.498367
1241.003, 30.34016
1241.485, 40.21802
1241.967, 28.57143
1242.449, 24.31244
1242.931, 29.06830
1243.413, 34.62932
1243.896, 39.80884
1244.378, 44.37004
1244.860, 48.25980
1245.342, 50.38310
1245.824, 49.39288
1246.306, 46.62012
1246.788, 41.61174
1247.270, 39.65962
1247.753, 40.89949
1248.235, 42.92316
1248.717, 39.77356
1249.199, 28.84059
1249.681, 23.30359
1250.163, 22.65503
1250.645, 21.96521
1251.127, 20.68906
1251.609, 17.46735
1252.092, 7.352463
1252.574, 2.500015
1253.056, 9.897018
1253.538, 17.86038
1254.020, 17.87990
1254.502, 14.49376
1254.984, 15.57359
1255.466, 18.53107
1255.948, 12.60675
1256.431, 9.6146002E-02
1256.913, 5.445740
1257.395, 0.0000000E+00
##END=



