##NAMES=Hibonite
##RRUFFID=R061069
##IDEAL CHEMISTRY=CaAl_12_O_19_
##LOCALITY=Madagascar
##OWNER=RRUFF
##SOURCE=Michael Scott
##DESCRIPTION=Black platy hexagonal prism
##STATUS=The identification of this mineral has been confirmed by X-ray diffraction and chemical analysis
##URL=rruff.info/R061069
##MEASURED CHEMISTRY=(Ca_0.82_Ce_0.10_La_0.07_Nd_0.01_)_Σ=1_(Al_10.40_Ti_0.64_Fe_0.59_Mg_0.30_Si_0.07_)_Σ=12_O_19_
157.7238, 0.0000000E+00
158.2060, 25.33203
158.6881, 29.94629
159.1702, 32.23242
159.6523, 21.46289
160.1344, 6.416504
160.6165, 2.166992
161.0986, 1.848145
161.5808, 16.68945
162.0629, 30.25049
162.5450, 35.03906
163.0271, 36.01270
163.5092, 37.89844
163.9913, 44.53320
164.4735, 50.59180
164.9556, 19.70605
165.4377, 50.05859
165.9198, 73.48682
166.4019, 79.37646
166.8840, 38.47510
167.3662, 58.05078
167.8483, 53.45605
168.3304, 47.97705
168.8125, 76.34424
169.2946, 42.66016
169.7767, 70.67969
170.2589, 74.15723
170.7410, 88.92188
171.2231, 79.31836
171.7052, 77.23926
172.1873, 99.52832
172.6694, 51.34082
173.1516, 17.40088
173.6337, 7.520996
174.1158, 1.158203
174.5979, 30.15381
175.0800, 61.83545
175.5621, 75.25342
176.0443, 80.22559
176.5264, 94.00732
177.0085, 126.3999
177.4906, 160.5645
177.9727, 174.4805
178.4548, 169.5396
178.9370, 156.3882
179.4191, 136.0977
179.9012, 113.2754
180.3833, 99.79834
180.8654, 101.1484
181.3475, 111.9321
181.8297, 124.5601
182.3118, 139.1206
182.7939, 153.6851
183.2760, 166.5439
183.7581, 177.7837
184.2402, 189.3667
184.7224, 208.3618
185.2045, 227.1021
185.6866, 217.5288
186.1687, 175.4805
186.6508, 132.8906
187.1329, 133.5005
187.6151, 172.0859
188.0972, 205.3657
188.5793, 209.4463
189.0614, 191.3062
189.5435, 182.9644
190.0257, 185.8623
190.5078, 195.6582
190.9899, 208.3638
191.4720, 223.9038
191.9541, 238.2236
192.4362, 250.1440
192.9183, 259.8647
193.4005, 265.3730
193.8826, 266.4614
194.3647, 264.2212
194.8468, 257.5342
195.3289, 246.3027
195.8110, 237.1860
196.2932, 228.0391
196.7753, 222.9277
197.2574, 233.4844
197.7395, 265.5835
198.2216, 310.2500
198.7037, 321.7759
199.1859, 294.0337
199.6680, 259.9790
200.1501, 241.7710
200.6322, 230.4165
201.1143, 220.7144
201.5964, 216.3564
202.0786, 216.6880
202.5607, 219.3950
203.0428, 223.1733
203.5249, 221.9609
204.0070, 211.2310
204.4891, 192.8545
204.9713, 176.3159
205.4534, 162.5493
205.9355, 152.0259
206.4176, 149.5137
206.8997, 158.3887
207.3818, 168.3350
207.8640, 167.4438
208.3461, 151.7397
208.8282, 141.4541
209.3103, 143.9829
209.7924, 158.7705
210.2745, 161.1982
210.7567, 146.6470
211.2388, 126.4673
211.7209, 112.7661
212.2030, 105.1196
212.6851, 104.9351
213.1672, 116.5459
213.6494, 141.7476
214.1315, 150.2202
214.6136, 135.5566
215.0957, 111.0034
215.5778, 95.62354
216.0599, 90.57666
216.5421, 87.20752
217.0242, 81.28223
217.5063, 70.57031
217.9884, 73.07910
218.4705, 97.66309
218.9526, 128.6196
219.4348, 136.3857
219.9169, 109.9692
220.3990, 83.32520
220.8811, 68.94727
221.3632, 70.44092
221.8453, 70.85400
222.3274, 70.27051
222.8096, 68.72266
223.2917, 66.14795
223.7738, 62.16504
224.2559, 57.80811
224.7380, 53.08252
225.2201, 46.79150
225.7023, 43.48828
226.1844, 44.86084
226.6665, 48.44824
227.1486, 47.46680
227.6307, 36.70654
228.1128, 29.05469
228.5950, 32.03955
229.0771, 55.21777
229.5592, 65.48535
230.0413, 56.28125
230.5234, 34.73730
231.0055, 22.70508
231.4877, 25.96191
231.9698, 30.38867
232.4519, 27.72314
232.9340, 12.72314
233.4161, 2.067871
233.8982, 0.9370120
234.3804, 1.140137
234.8625, 2.984375
235.3446, 18.08252
235.8267, 32.61084
236.3088, 39.22314
236.7909, 31.33301
237.2731, 29.42480
237.7552, 38.98340
238.2373, 56.19092
238.7194, 61.62354
239.2015, 49.10156
239.6836, 32.85889
240.1658, 21.45166
240.6479, 15.04443
241.1300, 14.36670
241.6121, 24.59570
242.0942, 42.69189
242.5763, 45.79492
243.0585, 24.43115
243.5406, 5.8104999E-02
244.0227, 13.21143
244.5048, 9.907715
244.9869, 5.472656
245.4690, 2.096191
245.9512, 0.5859380
246.4333, 7.305664
246.9154, 21.47656
247.3975, 34.84326
247.8796, 41.38574
248.3617, 38.82666
248.8439, 33.11621
249.3260, 23.17676
249.8081, 9.624023
250.2902, 0.3715820
250.7723, 0.6616210
251.2544, 2.126465
251.7366, 12.30762
252.2187, 40.16016
252.7008, 55.94971
253.1829, 49.06201
253.6650, 22.25732
254.1471, 15.93945
254.6292, 40.65820
255.1114, 71.66016
255.5935, 88.35498
256.0756, 85.56201
256.5577, 80.49121
257.0398, 74.60693
257.5219, 68.23438
258.0041, 65.02393
258.4862, 66.29004
258.9683, 69.35840
259.4504, 73.33252
259.9325, 81.54102
260.4146, 81.65625
260.8968, 67.27734
261.3789, 40.73096
261.8610, 30.70459
262.3431, 42.65527
262.8252, 63.06299
263.3073, 81.70801
263.7895, 101.0083
264.2716, 111.3071
264.7537, 106.5581
265.2358, 89.21045
265.7179, 87.62158
266.2000, 109.7476
266.6822, 133.3159
267.1643, 135.3774
267.6464, 106.4971
268.1285, 89.88135
268.6106, 96.94678
269.0927, 124.3286
269.5749, 144.6201
270.0570, 154.1670
270.5391, 163.5498
271.0212, 185.5728
271.5033, 225.1733
271.9854, 253.0083
272.4676, 260.1143
272.9497, 250.0635
273.4318, 248.8008
273.9139, 258.3076
274.3960, 271.0962
274.8781, 281.0898
275.3603, 288.2261
275.8424, 292.5107
276.3245, 293.3325
276.8066, 291.2925
277.2887, 289.6372
277.7708, 288.7510
278.2530, 287.2334
278.7351, 282.6924
279.2172, 274.8066
279.6993, 270.8062
280.1814, 273.0820
280.6635, 280.1821
281.1457, 288.4575
281.6278, 299.3101
282.1099, 305.4775
282.5920, 296.3813
283.0741, 272.0938
283.5562, 256.5586
284.0384, 255.9468
284.5205, 266.4551
285.0026, 274.2666
285.4847, 278.1445
285.9668, 288.4966
286.4489, 321.2251
286.9311, 373.2217
287.4132, 409.9595
287.8953, 420.3188
288.3774, 415.1431
288.8595, 423.0791
289.3416, 444.8594
289.8238, 464.1436
290.3059, 465.4351
290.7880, 451.9878
291.2701, 441.2886
291.7522, 436.5381
292.2343, 437.4492
292.7165, 444.5977
293.1986, 456.9565
293.6807, 468.4683
294.1628, 475.3926
294.6449, 479.3584
295.1270, 482.2671
295.6092, 484.8862
296.0913, 483.7681
296.5734, 467.7183
297.0555, 440.9316
297.5376, 427.5718
298.0197, 459.3296
298.5019, 513.9224
298.9839, 543.6196
299.4661, 535.4795
299.9482, 509.2222
300.4303, 482.1519
300.9124, 458.3765
301.3945, 447.7227
301.8766, 463.2153
302.3588, 491.9897
302.8409, 514.4272
303.3230, 526.5854
303.8051, 535.5986
304.2872, 551.5454
304.7693, 570.0938
305.2515, 581.0591
305.7336, 569.3013
306.2157, 551.9668
306.6978, 549.5181
307.1799, 567.5859
307.6620, 590.2803
308.1442, 604.1636
308.6263, 611.9922
309.1084, 621.3428
309.5905, 643.9961
310.0726, 664.7852
310.5547, 667.8203
311.0369, 647.4336
311.5190, 630.2676
312.0011, 633.0815
312.4832, 650.0513
312.9653, 670.8765
313.4474, 704.6416
313.9296, 731.2778
314.4117, 732.6084
314.8938, 703.3237
315.3759, 679.3560
315.8580, 680.0933
316.3401, 694.6934
316.8223, 709.2056
317.3044, 714.8525
317.7865, 722.9526
318.2686, 741.5811
318.7507, 772.1108
319.2328, 796.0171
319.7150, 804.5366
320.1971, 804.9087
320.6792, 804.3652
321.1613, 809.5273
321.6434, 809.2646
322.1255, 797.4097
322.6077, 773.9429
323.0898, 755.1084
323.5719, 735.6128
324.0540, 726.2422
324.5361, 735.1606
325.0182, 798.5356
325.5004, 841.7397
325.9825, 845.2031
326.4646, 811.5571
326.9467, 785.7256
327.4288, 768.9097
327.9109, 760.6802
328.3931, 761.1948
328.8752, 781.8716
329.3573, 795.8550
329.8394, 800.1226
330.3215, 796.1968
330.8036, 791.1362
331.2858, 782.6118
331.7679, 775.7202
332.2500, 774.0947
332.7321, 785.6074
333.2142, 786.9917
333.6964, 775.7070
334.1785, 754.4517
334.6606, 728.1230
335.1427, 686.0840
335.6248, 657.8657
336.1069, 663.7686
336.5891, 721.0190
337.0712, 746.8960
337.5533, 729.9253
338.0354, 692.2754
338.5175, 676.8809
338.9996, 689.0400
339.4818, 703.0664
339.9639, 709.0098
340.4460, 706.7642
340.9281, 702.7607
341.4102, 697.3901
341.8923, 689.8501
342.3745, 677.5430
342.8566, 660.3120
343.3387, 644.6880
343.8208, 632.1621
344.3029, 623.0503
344.7850, 621.0781
345.2672, 627.0366
345.7493, 634.8940
346.2314, 637.8374
346.7135, 636.4541
347.1956, 634.4858
347.6777, 629.1421
348.1599, 625.8369
348.6420, 643.8774
349.1241, 682.3984
349.6062, 714.5259
350.0883, 703.9507
350.5704, 669.2676
351.0526, 658.1201
351.5347, 694.4448
352.0168, 743.4697
352.4989, 759.3311
352.9810, 746.6665
353.4631, 730.5693
353.9453, 725.2441
354.4274, 727.3965
354.9095, 732.3154
355.3916, 737.9990
355.8737, 749.4551
356.3558, 777.6108
356.8380, 814.9097
357.3201, 843.7935
357.8022, 847.7876
358.2843, 845.8813
358.7664, 854.2437
359.2485, 878.1694
359.7307, 900.2607
360.2128, 906.8906
360.6949, 904.9810
361.1770, 906.4238
361.6591, 927.9316
362.1412, 941.2178
362.6233, 932.8589
363.1054, 901.6240
363.5876, 866.5850
364.0697, 833.7910
364.5518, 795.6479
365.0339, 747.7349
365.5160, 666.6162
365.9981, 599.9917
366.4803, 563.0405
366.9624, 555.6274
367.4445, 550.6333
367.9266, 550.5293
368.4087, 549.6138
368.8908, 544.1758
369.3730, 535.1152
369.8551, 520.5474
370.3372, 497.9858
370.8193, 469.2954
371.3014, 443.1733
371.7835, 416.0562
372.2657, 395.9917
372.7478, 388.8408
373.2299, 401.7803
373.7120, 408.4497
374.1941, 406.3467
374.6762, 399.2520
375.1584, 396.4897
375.6405, 401.4468
376.1226, 400.4678
376.6047, 381.4512
377.0868, 342.4990
377.5689, 332.9526
378.0511, 361.9590
378.5332, 400.1997
379.0153, 407.5332
379.4974, 383.2666
379.9795, 353.2119
380.4616, 320.4404
380.9438, 288.7773
381.4259, 277.8521
381.9080, 288.5444
382.3901, 306.6084
382.8722, 321.6968
383.3543, 333.4409
383.8365, 340.9346
384.3186, 343.4102
384.8007, 341.9526
385.2828, 335.3960
385.7649, 324.8442
386.2470, 318.1914
386.7292, 323.2217
387.2113, 334.7925
387.6934, 347.3745
388.1755, 363.5811
388.6576, 371.4873
389.1397, 351.4512
389.6219, 314.8970
390.1040, 287.5483
390.5861, 295.2798
391.0682, 308.8228
391.5503, 303.6318
392.0324, 273.8828
392.5146, 248.1313
392.9967, 245.3247
393.4788, 252.9785
393.9609, 255.7900
394.4430, 246.1719
394.9251, 233.3857
395.4073, 221.3735
395.8894, 210.2686
396.3715, 195.3364
396.8536, 165.1455
397.3357, 137.4116
397.8178, 124.3345
398.3000, 152.6040
398.7821, 164.8457
399.2642, 151.7559
399.7463, 118.4907
400.2284, 83.55176
400.7105, 32.15527
401.1927, 3.195313
401.6748, 4.528320
402.1569, 51.31055
402.6390, 77.35107
403.1211, 59.41846
403.6032, 23.14404
404.0854, 16.94287
404.5675, 52.75977
405.0496, 82.03809
405.5317, 86.88281
406.0138, 68.22021
406.4959, 50.32910
406.9781, 32.36426
407.4602, 16.01953
407.9423, 2.666016
408.4244, 8.075195
408.9065, 14.57568
409.3886, 15.93750
409.8708, 12.91992
410.3529, 5.265137
410.8350, 6.916504
411.3171, 16.55029
411.7992, 17.88477
412.2813, 12.60254
412.7635, 3.248047
413.2456, 11.42969
413.7277, 23.17529
414.2098, 20.45020
414.6919, 9.971191
415.1740, 5.059082
415.6562, 14.90186
416.1383, 32.16699
416.6204, 52.91504
417.1025, 77.58008
417.5846, 94.80225
418.0667, 96.68115
418.5489, 87.10303
419.0310, 70.89209
419.5131, 35.05127
419.9952, 6.677246
420.4773, 4.409180
420.9594, 24.96680
421.4416, 34.58545
421.9237, 10.52295
422.4058, 18.03906
422.8879, 33.35938
423.3700, 20.07373
423.8521, 10.11963
424.3342, 6.402344
424.8163, 7.409180
425.2985, 9.371094
425.7806, 10.65771
426.2627, 14.76270
426.7448, 23.82715
427.2269, 39.63477
427.7090, 53.45459
428.1912, 68.65137
428.6733, 78.60791
429.1554, 71.87158
429.6375, 42.87842
430.1196, 20.47998
430.6017, 12.73340
431.0839, 17.07373
431.5660, 18.70801
432.0481, 17.06934
432.5302, 16.50195
433.0123, 20.57324
433.4944, 28.96826
433.9766, 38.89990
434.4587, 50.41406
434.9408, 62.37061
435.4229, 76.02295
435.9050, 89.80811
436.3871, 95.68799
436.8693, 76.88428
437.3514, 51.71240
437.8335, 53.10938
438.3156, 84.43848
438.7977, 114.4819
439.2798, 113.6465
439.7620, 96.23584
440.2441, 83.28076
440.7262, 86.62744
441.2083, 92.92969
441.6904, 94.47559
442.1725, 92.06934
442.6547, 90.24121
443.1368, 92.67676
443.6189, 95.01270
444.1010, 94.12402
444.5831, 86.66846
445.0652, 81.39062
445.5474, 82.09326
446.0295, 85.83496
446.5116, 87.11572
446.9937, 85.35840
447.4758, 81.58936
447.9579, 74.44482
448.4401, 62.97559
448.9222, 59.62402
449.4043, 71.82910
449.8864, 84.20605
450.3685, 81.08154
450.8506, 54.75342
451.3328, 38.79150
451.8149, 41.14893
452.2970, 55.36426
452.7791, 59.32910
453.2612, 51.89111
453.7433, 41.58691
454.2255, 31.44385
454.7076, 21.82617
455.1897, 16.78174
455.6718, 16.24316
456.1539, 20.61475
456.6360, 38.12695
457.1182, 62.83350
457.6003, 73.57617
458.0824, 49.58545
458.5645, 14.48730
459.0466, 2.521484
459.5287, 11.61230
460.0109, 21.77783
460.4930, 18.04590
460.9751, 8.735840
461.4572, 3.203125
461.9393, 5.954102
462.4214, 7.986328
462.9036, 2.704590
463.3857, 6.490723
463.8678, 12.65137
464.3499, 13.85156
464.8320, 11.42676
465.3141, 5.215332
465.7963, 5.233887
466.2784, 15.43408
466.7605, 25.92285
467.2426, 35.14307
467.7247, 41.57764
468.2068, 40.69043
468.6890, 45.02393
469.1711, 62.68652
469.6532, 86.33936
470.1353, 83.39111
470.6174, 39.43018
471.0995, 0.6713870
471.5817, 7.009766
472.0638, 21.28711
472.5459, 43.93652
473.0280, 60.08984
473.5101, 71.31250
473.9922, 81.70459
474.4744, 90.43457
474.9565, 89.75146
475.4386, 74.31348
475.9207, 51.45508
476.4028, 33.09863
476.8849, 20.05908
477.3671, 17.78320
477.8492, 36.31250
478.3313, 62.03125
478.8134, 77.21582
479.2955, 80.30225
479.7776, 77.02100
480.2598, 57.28418
480.7419, 32.96729
481.2240, 26.61621
481.7061, 68.25098
482.1882, 111.5991
482.6703, 134.2197
483.1525, 135.3276
483.6346, 134.1362
484.1167, 132.1821
484.5988, 131.7412
485.0809, 134.3687
485.5630, 147.0610
486.0451, 153.8936
486.5273, 149.0859
487.0094, 139.6470
487.4915, 142.3906
487.9736, 165.3306
488.4557, 185.4971
488.9378, 193.8540
489.4200, 189.8555
489.9021, 196.6094
490.3842, 218.5068
490.8663, 238.9580
491.3484, 235.7485
491.8305, 210.0342
492.3127, 197.1284
492.7948, 206.0562
493.2769, 226.3926
493.7590, 242.5464
494.2411, 254.5586
494.7232, 262.5044
495.2054, 265.1318
495.6875, 264.4863
496.1696, 263.8540
496.6517, 263.6577
497.1338, 261.6367
497.6159, 250.7441
498.0981, 239.1743
498.5802, 237.0322
499.0623, 261.7466
499.5444, 281.7251
500.0265, 281.3252
500.5086, 265.0562
500.9908, 247.7119
501.4729, 220.4185
501.9550, 203.0991
502.4371, 208.6138
502.9192, 251.9609
503.4013, 272.2607
503.8835, 246.9644
504.3656, 214.6865
504.8477, 219.7788
505.3298, 282.6064
505.8119, 329.6450
506.2940, 345.3237
506.7762, 336.7734
507.2583, 328.5562
507.7404, 319.9238
508.2225, 316.9775
508.7046, 330.4243
509.1867, 355.4834
509.6689, 359.8926
510.1510, 340.0615
510.6331, 313.6357
511.1152, 300.3574
511.5973, 296.0469
512.0795, 289.5166
512.5616, 273.2134
513.0437, 256.6836
513.5258, 251.2788
514.0079, 254.5068
514.4901, 256.0903
514.9722, 244.0200
515.4542, 232.1523
515.9363, 233.7485
516.4185, 256.4468
516.9006, 265.7310
517.3827, 240.0742
517.8648, 202.7798
518.3469, 178.9790
518.8290, 185.5664
519.3112, 189.0093
519.7933, 181.0176
520.2754, 166.1108
520.7575, 168.6104
521.2396, 199.8550
521.7217, 226.6802
522.2039, 231.4404
522.6860, 211.3950
523.1681, 191.4951
523.6502, 170.6899
524.1323, 152.4111
524.6144, 140.5693
525.0966, 134.5815
525.5787, 134.3740
526.0608, 146.1768
526.5429, 155.9990
527.0250, 132.5586
527.5071, 82.62451
527.9893, 41.13867
528.4714, 38.88135
528.9535, 49.12744
529.4356, 44.97168
529.9177, 24.15186
530.3998, 5.722168
530.8820, 7.581055
531.3641, 14.24951
531.8462, 9.539551
532.3283, 28.29639
532.8104, 57.92285
533.2925, 67.57861
533.7747, 61.33545
534.2568, 54.94580
534.7389, 52.52148
535.2210, 46.00928
535.7031, 30.03174
536.1852, 2.217773
536.6674, 12.11426
537.1495, 6.443359
537.6316, 1.668945
538.1137, 9.261230
538.5958, 40.67773
539.0779, 57.68164
539.5601, 49.87842
540.0422, 32.38623
540.5243, 36.99219
541.0064, 60.37549
541.4885, 79.49170
541.9706, 77.92773
542.4528, 66.76855
542.9349, 62.95459
543.4170, 66.75537
543.8991, 66.92822
544.3812, 44.05664
544.8633, 19.17383
545.3455, 15.55664
545.8276, 53.37207
546.3097, 86.49414
546.7918, 94.44043
547.2739, 87.40430
547.7560, 85.22559
548.2382, 103.5254
548.7203, 112.9463
549.2024, 102.7402
549.6845, 73.37109
550.1666, 52.70117
550.6487, 40.30859
551.1309, 37.59570
551.6130, 50.09277
552.0951, 81.41406
552.5772, 97.80566
553.0593, 94.99805
553.5414, 83.52441
554.0236, 78.35938
554.5057, 78.72168
554.9878, 77.57129
555.4699, 69.35449
555.9520, 61.09082
556.4341, 64.57324
556.9163, 78.22363
557.3984, 93.68457
557.8805, 107.1318
558.3626, 119.3037
558.8447, 132.7979
559.3268, 150.0352
559.8090, 156.6514
560.2911, 132.9541
560.7732, 101.6543
561.2553, 86.23340
561.7374, 103.6514
562.2195, 121.4688
562.7017, 138.8770
563.1838, 153.6611
563.6659, 159.9707
564.1480, 155.0186
564.6301, 146.3379
565.1122, 133.9727
565.5944, 117.9414
566.0765, 114.7148
566.5586, 126.5811
567.0407, 141.7051
567.5228, 148.6523
568.0049, 149.5039
568.4871, 156.6396
568.9692, 175.5908
569.4513, 191.4951
569.9334, 177.0635
570.4155, 145.2520
570.8976, 127.9150
571.3798, 159.0156
571.8619, 193.8740
572.3440, 198.4424
572.8261, 176.2812
573.3082, 155.2109
573.7903, 142.5215
574.2725, 136.0928
574.7546, 134.8623
575.2367, 139.0400
575.7188, 148.2002
576.2009, 172.4414
576.6830, 194.2402
577.1652, 191.6689
577.6473, 153.0928
578.1294, 122.4951
578.6115, 106.0039
579.0936, 102.6729
579.5757, 117.5176
580.0579, 151.9121
580.5400, 174.9424
581.0221, 155.9873
581.5042, 115.2910
581.9863, 111.4619
582.4684, 144.7979
582.9506, 182.1084
583.4327, 197.3457
583.9148, 200.9395
584.3969, 207.0996
584.8790, 222.7002
585.3611, 231.5957
585.8433, 215.9209
586.3254, 190.6973
586.8075, 178.4697
587.2896, 196.2607
587.7717, 215.1787
588.2538, 232.0488
588.7360, 245.7891
589.2181, 247.7744
589.7002, 230.0645
590.1823, 212.2236
590.6644, 202.0781
591.1465, 200.5586
591.6287, 207.2988
592.1108, 222.2920
592.5929, 244.3584
593.0750, 282.0400
593.5571, 329.8574
594.0392, 354.3818
594.5214, 343.6113
595.0035, 316.9385
595.4856, 288.6797
595.9677, 262.5986
596.4498, 247.9219
596.9319, 264.0352
597.4141, 280.9277
597.8962, 274.8994
598.3783, 248.8359
598.8604, 231.4834
599.3425, 243.1992
599.8246, 257.4717
600.3068, 259.4043
600.7889, 242.5498
601.2710, 230.5410
601.7531, 222.6621
602.2352, 220.9521
602.7173, 229.2080
603.1995, 249.5664
603.6816, 263.5156
604.1637, 264.5938
604.6458, 263.2041
605.1279, 286.4482
605.6100, 331.5039
606.0922, 364.4541
606.5743, 361.4795
607.0564, 340.4385
607.5385, 323.5615
608.0206, 311.4902
608.5027, 309.6963
608.9849, 326.3652
609.4670, 351.9629
609.9491, 380.6797
610.4312, 416.3047
610.9133, 439.7451
611.3954, 438.4424
611.8776, 425.7363
612.3597, 415.9316
612.8418, 411.6768
613.3239, 407.0273
613.8060, 400.3750
614.2881, 393.8662
614.7703, 393.8916
615.2524, 401.9561
615.7345, 410.1211
616.2166, 414.3916
616.6987, 416.6797
617.1808, 424.7100
617.6630, 438.5273
618.1451, 453.4414
618.6272, 472.1035
619.1093, 487.3945
619.5914, 482.7959
620.0735, 451.5273
620.5557, 430.8379
621.0378, 456.1016
621.5199, 500.7568
622.0020, 535.5000
622.4841, 550.7256
622.9662, 557.1318
623.4484, 545.6621
623.9305, 527.1582
624.4126, 528.0234
624.8947, 562.1777
625.3768, 592.6387
625.8589, 607.0352
626.3411, 605.9189
626.8232, 612.5557
627.3053, 630.5684
627.7874, 639.4033
628.2695, 614.8457
628.7516, 569.5811
629.2338, 551.1484
629.7159, 564.8711
630.1980, 581.0430
630.6801, 567.8594
631.1622, 543.3809
631.6443, 535.0430
632.1265, 566.2588
632.6086, 585.3154
633.0907, 558.8672
633.5728, 505.9697
634.0549, 459.2217
634.5370, 430.0947
635.0192, 400.4961
635.5013, 360.6729
635.9834, 315.4717
636.4655, 298.3096
636.9476, 321.3701
637.4297, 341.4180
637.9119, 333.6729
638.3939, 300.3643
638.8760, 278.9004
639.3582, 269.5723
639.8403, 263.9678
640.3224, 256.3037
640.8045, 246.2041
641.2866, 230.5400
641.7687, 205.6250
642.2509, 187.4570
642.7330, 197.8398
643.2151, 219.8174
643.6972, 230.0840
644.1793, 206.8848
644.6614, 187.4473
645.1436, 183.4307
645.6257, 190.7197
646.1078, 195.5244
646.5899, 200.3057
647.0720, 198.6025
647.5541, 187.1143
648.0363, 166.7266
648.5184, 146.3301
649.0005, 125.0918
649.4826, 109.4834
649.9647, 109.7686
650.4468, 119.6621
650.9290, 116.5371
651.4111, 98.60645
651.8932, 79.93555
652.3753, 75.22266
652.8574, 77.48145
653.3395, 76.55176
653.8217, 65.85645
654.3038, 54.45020
654.7859, 46.82617
655.2680, 43.74609
655.7501, 44.17480
656.2322, 54.66504
656.7144, 56.50195
657.1965, 44.01855
657.6786, 21.46777
658.1607, 4.087891
658.6428, 7.343750
659.1249, 16.40527
659.6071, 26.77539
660.0892, 36.28516
660.5713, 33.66406
661.0534, 18.94727
661.5355, 3.250977
662.0176, 36.64551
662.4998, 69.46289
662.9819, 78.66504
663.4640, 54.67188
663.9461, 40.61719
664.4282, 72.34668
664.9103, 121.9541
665.3925, 161.0449
665.8746, 181.7666
666.3567, 191.8379
666.8388, 191.3311
667.3209, 180.9512
667.8030, 159.7354
668.2852, 123.2783
668.7673, 91.16309
669.2494, 68.31543
669.7315, 53.19434
670.2136, 41.62695
670.6957, 33.94434
671.1779, 32.09473
671.6600, 42.49805
672.1421, 58.58984
672.6242, 69.15625
673.1063, 75.07520
673.5884, 80.09766
674.0706, 90.60547
674.5527, 97.67969
675.0348, 93.94336
675.5169, 75.78711
675.9990, 56.89062
676.4811, 31.44043
676.9633, 11.28320
677.4454, 5.857422
677.9275, 19.46387
678.4096, 35.51465
678.8917, 56.29688
679.3738, 73.62891
679.8560, 72.46484
680.3381, 54.77832
680.8202, 36.92578
681.3023, 23.83105
681.7844, 12.71777
682.2665, 5.722656
682.7487, 24.87305
683.2308, 28.97949
683.7129, 3.270508
684.1950, 39.43652
684.6771, 65.65723
685.1592, 80.94727
685.6414, 84.38867
686.1235, 52.99023
686.6056, 32.46875
687.0877, 45.97461
687.5698, 98.30859
688.0519, 117.3857
688.5341, 93.49316
689.0162, 64.97754
689.4983, 70.89062
689.9804, 102.4365
690.4625, 103.7637
690.9446, 66.00293
691.4268, 26.95117
691.9089, 26.56152
692.3910, 48.26855
692.8731, 67.56250
693.3552, 77.46289
693.8373, 84.69434
694.3195, 93.39062
694.8016, 101.0381
695.2837, 103.2373
695.7658, 92.71875
696.2479, 85.56738
696.7300, 86.17578
697.2122, 90.77051
697.6943, 87.16699
698.1764, 73.62207
698.6585, 61.01953
699.1406, 53.63086
699.6227, 50.34863
700.1049, 46.81543
700.5870, 43.78223
701.0691, 47.27637
701.5512, 73.12207
702.0333, 100.1436
702.5154, 101.5391
702.9976, 75.05273
703.4797, 59.60547
703.9618, 92.45703
704.4439, 125.4551
704.9260, 122.1602
705.4081, 58.23535
705.8903, 25.42773
706.3724, 37.85840
706.8545, 61.68848
707.3366, 62.74316
707.8187, 40.14355
708.3008, 19.51367
708.7830, 4.220703
709.2651, 8.589844
709.7472, 28.58789
710.2293, 49.10352
710.7114, 51.89355
711.1935, 16.46777
711.6757, 17.15430
712.1578, 12.33398
712.6399, 13.32422
713.1220, 23.03418
713.6041, 8.769531
714.0862, 40.33887
714.5684, 61.75098
715.0505, 74.86035
715.5326, 89.28613
716.0147, 108.5186
716.4968, 118.2578
716.9789, 112.3770
717.4611, 91.92090
717.9432, 56.94824
718.4253, 8.889648
718.9074, 34.54980
719.3895, 70.81396
719.8716, 91.81494
720.3538, 77.07422
720.8359, 24.07129
721.3180, 15.78711
721.8001, 0.2802730
722.2822, 26.30078
722.7643, 28.03125
723.2465, 11.20996
723.7286, 41.35645
724.2107, 64.05078
724.6928, 75.20508
725.1749, 64.42383
725.6570, 28.85156
726.1392, 14.58789
726.6213, 31.32324
727.1034, 55.34863
727.5855, 55.67188
728.0676, 38.41016
728.5497, 16.33691
729.0319, 16.58398
729.5140, 36.31543
729.9961, 11.58154
730.4782, 34.93359
730.9603, 61.55371
731.4424, 33.11816
731.9246, 13.19043
732.4067, 18.61621
732.8888, 41.03760
733.3709, 53.37695
733.8530, 53.73047
734.3351, 49.80713
734.8173, 39.89844
735.2994, 29.33643
735.7815, 40.49023
736.2636, 70.36572
736.7457, 95.13232
737.2278, 92.35938
737.7100, 82.41406
738.1921, 93.91309
738.6742, 124.9941
739.1563, 131.7129
739.6384, 50.43311
740.1205, 21.99170
740.6027, 20.57861
741.0848, 73.93457
741.5669, 132.8535
742.0490, 146.7363
742.5311, 140.2090
743.0132, 127.2500
743.4954, 108.5996
743.9775, 95.54102
744.4596, 88.42578
744.9417, 88.85693
745.4238, 108.4277
745.9059, 133.1475
746.3881, 138.3262
746.8702, 110.9497
747.3523, 87.76318
747.8344, 86.37598
748.3165, 98.53418
748.7986, 115.5884
749.2808, 160.8804
749.7629, 168.4937
750.2450, 111.7163
750.7271, 37.41748
751.2092, 33.62500
751.6913, 104.1611
752.1735, 143.9565
752.6556, 114.4751
753.1377, 66.55176
753.6198, 87.71631
754.1019, 154.7329
754.5840, 206.2583
755.0662, 198.7021
755.5483, 185.4927
756.0304, 199.1963
756.5125, 230.7329
756.9946, 252.4121
757.4767, 247.6567
757.9589, 247.8208
758.4410, 261.8154
758.9231, 286.1660
759.4052, 309.6338
759.8873, 334.8545
760.3694, 337.9800
760.8516, 287.0923
761.3337, 213.4590
761.8158, 197.4482
762.2979, 231.1450
762.7800, 263.2085
763.2621, 255.5166
763.7442, 239.4448
764.2263, 237.0771
764.7084, 250.1675
765.1906, 266.3389
765.6727, 287.8247
766.1548, 307.6709
766.6369, 325.0259
767.1190, 341.1187
767.6011, 332.0039
768.0833, 291.8647
768.5654, 252.5957
769.0475, 241.9873
769.5296, 252.6963
770.0117, 268.4497
770.4938, 287.4756
770.9760, 298.4229
771.4581, 286.5664
771.9402, 267.7764
772.4223, 256.0464
772.9044, 251.3047
773.3865, 261.4038
773.8687, 301.3149
774.3508, 344.9727
774.8329, 374.1807
775.3150, 390.3994
775.7971, 380.2583
776.2792, 335.1982
776.7614, 286.0054
777.2435, 280.5981
777.7256, 305.2275
778.2077, 320.1240
778.6898, 315.9868
779.1719, 309.0889
779.6541, 311.7827
780.1362, 316.5269
780.6183, 316.1611
781.1004, 300.7036
781.5825, 293.6904
782.0646, 305.0391
782.5468, 321.0752
783.0289, 318.4326
783.5110, 291.5645
783.9931, 279.5664
784.4752, 292.2295
784.9573, 317.1484
785.4395, 341.3682
785.9216, 361.0088
786.4037, 363.2617
786.8858, 330.8149
787.3679, 293.1401
787.8500, 264.2656
788.3322, 246.5620
788.8143, 244.7549
789.2964, 283.0005
789.7785, 309.3145
790.2606, 314.5752
790.7427, 303.0532
791.2249, 280.7549
791.7070, 244.5288
792.1891, 228.1001
792.6712, 253.2954
793.1533, 293.7822
793.6354, 299.5073
794.1176, 277.5913
794.5997, 253.1787
795.0818, 224.1797
795.5639, 210.0391
796.0460, 237.0649
796.5281, 292.4312
797.0103, 316.2358
797.4924, 277.4824
797.9745, 241.9541
798.4566, 230.4673
798.9387, 237.8291
799.4208, 235.5083
799.9030, 223.2603
800.3851, 208.6436
800.8672, 192.9580
801.3493, 178.7905
801.8314, 174.1123
802.3135, 176.2544
802.7957, 171.6328
803.2778, 145.5732
803.7599, 118.5718
804.2420, 100.9102
804.7241, 93.15527
805.2062, 88.39551
805.6884, 90.19043
806.1705, 87.78320
806.6526, 73.69434
807.1347, 51.04248
807.6168, 39.48877
808.0989, 38.75049
808.5811, 44.13965
809.0632, 61.99854
809.5453, 78.50879
810.0274, 72.90576
810.5095, 46.95508
810.9916, 24.24951
811.4738, 7.168457
811.9559, 2.197266
812.4380, 20.41943
812.9201, 62.60107
813.4022, 74.31396
813.8843, 46.73633
814.3665, 16.02002
814.8486, 3.773926
815.3307, 6.286133
815.8128, 6.216797
816.2949, 4.029297
816.7770, 7.569824
817.2592, 28.32568
817.7413, 52.97119
818.2234, 67.80713
818.7055, 71.32666
819.1876, 83.55518
819.6697, 115.4482
820.1519, 150.6260
820.6340, 185.5586
821.1161, 220.7241
821.5982, 233.9756
822.0803, 221.4277
822.5624, 214.9409
823.0446, 253.4829
823.5267, 309.4961
824.0088, 327.8672
824.4909, 306.8828
824.9730, 269.8940
825.4551, 200.7490
825.9373, 144.3848
826.4194, 136.6182
826.9015, 191.1060
827.3836, 229.8438
827.8657, 248.2632
828.3478, 257.2607
828.8300, 261.3164
829.3121, 260.5654
829.7942, 256.6562
830.2763, 249.1621
830.7584, 247.5273
831.2405, 244.6470
831.7227, 278.0146
832.2048, 299.0205
832.6869, 308.3276
833.1690, 270.8398
833.6511, 293.8257
834.1332, 292.6055
834.6154, 290.4233
835.0975, 322.0083
835.5796, 291.4824
836.0617, 322.6123
836.5438, 329.1729
837.0259, 347.0093
837.5081, 340.4888
837.9902, 341.5244
838.4723, 366.9712
838.9544, 378.9336
839.4365, 369.6963
839.9186, 388.3755
840.4008, 360.7764
840.8829, 327.3481
841.3650, 305.7998
841.8471, 300.9531
842.3292, 304.7598
842.8113, 314.1748
843.2935, 329.1323
843.7756, 351.5776
844.2577, 381.9497
844.7398, 404.9868
845.2219, 401.5098
845.7040, 389.0645
846.1862, 391.8208
846.6683, 409.6504
847.1504, 423.3359
847.6325, 418.1904
848.1146, 413.1934
848.5967, 418.7124
849.0789, 434.4526
849.5610, 442.3223
850.0431, 439.7739
850.5252, 438.8066
851.0073, 453.8760
851.4894, 474.5322
851.9716, 458.5605
852.4537, 413.1494
852.9358, 388.5054
853.4179, 442.7427
853.9000, 504.6431
854.3821, 526.0918
854.8643, 507.4688
855.3464, 495.9067
855.8285, 500.2856
856.3106, 499.8120
856.7927, 484.3491
857.2748, 458.7461
857.7570, 443.5142
858.2391, 438.7432
858.7212, 444.2427
859.2033, 467.7393
859.6854, 491.1958
860.1675, 494.6118
860.6497, 483.5518
861.1318, 478.4326
861.6139, 491.6494
862.0960, 501.5068
862.5781, 500.1426
863.0602, 489.6709
863.5424, 480.6470
864.0245, 473.2578
864.5066, 468.2603
864.9887, 468.4634
865.4708, 469.3633
865.9529, 462.3740
866.4351, 448.1045
866.9172, 430.4482
867.3993, 405.6289
867.8814, 384.4634
868.3635, 366.1206
868.8456, 320.2134
869.3278, 347.4458
869.8099, 364.3618
870.2920, 371.5059
870.7741, 331.4370
871.2562, 348.8672
871.7383, 340.5151
872.2205, 331.1714
872.7026, 355.8970
873.1847, 318.2324
873.6668, 341.9434
874.1489, 341.1274
874.6310, 353.9126
875.1132, 343.9663
875.5953, 339.1318
876.0774, 356.9844
876.5595, 361.2437
877.0416, 345.0557
877.5237, 358.4756
878.0059, 323.1387
878.4880, 331.8936
878.9701, 358.6250
879.4522, 344.4868
879.9343, 356.6523
880.4164, 341.3247
880.8986, 338.7915
881.3807, 347.4028
881.8628, 351.6055
882.3449, 343.7959
882.8270, 333.9648
883.3091, 333.7012
883.7913, 346.6084
884.2734, 346.8994
884.7555, 326.7554
885.2375, 305.1021
885.7197, 306.6270
886.2018, 320.0996
886.6839, 326.9033
887.1660, 323.2070
887.6481, 314.5581
888.1302, 297.1987
888.6124, 281.3457
889.0945, 273.9688
889.5766, 276.8716
890.0587, 276.1904
890.5408, 270.8960
891.0229, 265.7993
891.5051, 262.2178
891.9872, 261.8540
892.4693, 273.9565
892.9514, 297.9307
893.4335, 313.0513
893.9156, 303.7378
894.3978, 284.4385
894.8799, 258.8091
895.3620, 226.6382
895.8441, 218.0415
896.3262, 245.4014
896.8083, 267.5098
897.2905, 258.6167
897.7726, 231.7192
898.2547, 241.8462
898.7368, 281.1621
899.2189, 300.8833
899.7010, 250.9121
900.1832, 190.7183
900.6653, 162.7290
901.1474, 161.3594
901.6295, 156.4409
902.1116, 138.4141
902.5938, 128.3735
903.0759, 137.4790
903.5580, 152.4717
904.0401, 127.3579
904.5222, 69.13379
905.0043, 34.30029
905.4865, 58.53662
905.9686, 90.54834
906.4507, 77.10596
906.9328, 41.14062
907.4149, 22.74854
907.8970, 53.67627
908.3792, 72.57373
908.8613, 69.20801
909.3434, 56.90576
909.8255, 57.51660
910.3076, 69.79492
910.7897, 67.52002
911.2719, 44.30664
911.7540, 15.64404
912.2361, 9.072754
912.7182, 26.36523
913.2003, 30.68604
913.6824, 16.44629
914.1646, 1.028809
914.6467, 21.20947
915.1288, 35.09473
915.6109, 23.40723
916.0930, 16.26562
916.5751, 27.39746
917.0573, 7.434570
917.5394, 12.64111
918.0215, 0.2338870
918.5036, 23.61230
918.9857, 31.40967
919.4678, 21.65381
919.9500, 6.750977
920.4321, 22.46777
920.9142, 42.08887
921.3963, 39.37939
921.8784, 17.53467
922.3605, 3.486328
922.8427, 2.665039
923.3248, 0.7182620
923.8069, 16.57861
924.2890, 36.73877
924.7711, 44.94922
925.2532, 42.59619
925.7354, 33.80518
926.2175, 17.26025
926.6996, 2.893555
927.1817, 35.24805
927.6638, 65.78271
928.1459, 58.99268
928.6281, 11.47754
929.1102, 20.87451
929.5923, 21.55615
930.0744, 10.99072
930.5565, 18.84814
931.0386, 32.62451
931.5208, 29.00146
932.0029, 20.19482
932.4850, 46.12061
932.9671, 7.235352
933.4492, 41.51172
933.9313, 49.66846
934.4135, 11.88867
934.8956, 17.04248
935.3777, 34.17725
935.8598, 39.47168
936.3419, 24.97119
936.8240, 2.009766
937.3062, 13.76855
937.7883, 20.25977
938.2704, 26.73242
938.7525, 37.18945
939.2346, 47.49902
939.7167, 58.86523
940.1989, 70.11865
940.6810, 56.40576
941.1631, 15.73291
941.6452, 12.14111
942.1273, 10.95215
942.6094, 49.42236
943.0916, 57.30469
943.5737, 42.47021
944.0558, 31.73682
944.5379, 42.82910
945.0200, 47.94385
945.5021, 34.31689
945.9843, 14.51123
946.4664, 21.53613
946.9485, 55.46777
947.4306, 76.16113
947.9127, 71.00635
948.3948, 58.15967
948.8770, 54.86816
949.3591, 58.59277
949.8412, 66.35938
950.3233, 82.44238
950.8054, 92.02393
951.2875, 90.44922
951.7697, 85.49219
952.2518, 83.52051
952.7339, 84.56445
953.2160, 86.45215
953.6981, 89.41309
954.1802, 87.07959
954.6624, 63.85840
955.1445, 39.71533
955.6266, 36.13965
956.1087, 54.59717
956.5908, 74.87744
957.0729, 99.13184
957.5551, 116.3442
958.0372, 120.8623
958.5193, 115.8989
959.0014, 115.1855
959.4835, 118.3496
959.9656, 122.0020
960.4478, 126.9810
960.9299, 129.1816
961.4120, 120.0796
961.8941, 106.6440
962.3762, 103.5801
962.8583, 120.7759
963.3405, 136.6753
963.8226, 151.0117
964.3047, 160.7290
964.7868, 159.9146
965.2689, 150.0801
965.7510, 135.6685
966.2332, 115.2090
966.7153, 103.3296
967.1974, 118.2188
967.6795, 141.7256
968.1616, 159.4395
968.6437, 171.0649
969.1259, 168.6064
969.6080, 146.3389
970.0901, 124.5610
970.5722, 116.4600
971.0543, 119.9214
971.5364, 130.0454
972.0186, 145.4966
972.5007, 155.6812
972.9828, 155.5928
973.4649, 148.2129
973.9470, 126.4263
974.4291, 97.98486
974.9113, 87.10693
975.3934, 95.77539
975.8755, 110.4287
976.3576, 128.7231
976.8397, 147.0825
977.3218, 163.2168
977.8040, 174.9238
978.2861, 175.3740
978.7682, 152.0615
979.2503, 139.9966
979.7324, 165.2305
980.2145, 195.6465
980.6967, 206.5674
981.1788, 196.5430
981.6609, 180.2354
982.1430, 156.1182
982.6251, 140.6636
983.1072, 161.8149
983.5894, 190.8247
984.0715, 187.0415
984.5536, 151.8628
985.0357, 124.0488
985.5178, 114.2563
985.9999, 118.2275
986.4821, 142.3760
986.9642, 177.4019
987.4463, 196.3843
987.9284, 199.9087
988.4105, 197.1865
988.8926, 187.1211
989.3748, 179.2261
989.8569, 184.9204
990.3390, 194.9062
990.8211, 199.1782
991.3032, 192.2036
991.7853, 183.1245
992.2675, 164.7246
992.7496, 145.0864
993.2317, 135.0239
993.7138, 133.4727
994.1959, 138.6392
994.6780, 150.5078
995.1602, 155.2896
995.6423, 132.6577
996.1244, 109.5371
996.6065, 107.1787
997.0886, 122.2578
997.5707, 122.6201
998.0529, 103.9272
998.5350, 89.06494
999.0171, 86.20166
999.4992, 89.97266
999.9813, 98.75098
1000.463, 110.4058
1000.946, 119.5215
1001.428, 126.2832
1001.910, 126.3755
1002.392, 114.8628
1002.874, 99.84668
1003.356, 85.65918
1003.838, 70.97754
1004.320, 81.59473
1004.802, 121.9512
1005.285, 154.4297
1005.767, 135.9463
1006.249, 99.95605
1006.731, 77.37842
1007.213, 70.49170
1007.695, 74.53857
1008.177, 97.12012
1008.659, 115.5640
1009.141, 122.5952
1009.624, 119.9307
1010.106, 108.2451
1010.588, 90.47705
1011.070, 78.43018
1011.552, 79.71875
1012.034, 83.66406
1012.516, 81.77393
1012.998, 79.77148
1013.481, 87.20557
1013.963, 111.1787
1014.445, 121.5083
1014.927, 115.7573
1015.409, 101.5146
1015.891, 81.10156
1016.373, 59.24756
1016.855, 42.39307
1017.337, 31.45166
1017.820, 29.66797
1018.302, 45.90381
1018.784, 63.40234
1019.266, 76.36816
1019.748, 86.05078
1020.230, 99.86719
1020.712, 117.4468
1021.194, 124.6538
1021.677, 111.8862
1022.159, 96.47363
1022.641, 91.84668
1023.123, 95.80078
1023.605, 106.1772
1024.087, 136.1738
1024.569, 143.3853
1025.051, 119.4863
1025.533, 91.52832
1026.016, 82.22266
1026.498, 87.63623
1026.980, 98.48193
1027.462, 113.6138
1027.944, 129.2129
1028.426, 150.8906
1028.908, 164.3135
1029.390, 159.6343
1029.873, 141.8857
1030.355, 122.8530
1030.837, 102.0044
1031.319, 88.34521
1031.801, 86.26709
1032.283, 89.72754
1032.765, 91.28223
1033.247, 90.63037
1033.729, 84.10449
1034.212, 63.09375
1034.694, 58.93311
1035.176, 84.69434
1035.658, 109.0107
1036.140, 105.7314
1036.622, 81.15820
1037.104, 67.31836
1037.586, 63.75293
1038.068, 66.51855
1038.551, 83.72900
1039.033, 95.90771
1039.515, 85.99756
1039.997, 63.57324
1040.479, 53.55908
1040.961, 58.24121
1041.443, 64.02197
1041.925, 68.20654
1042.408, 74.09619
1042.890, 91.35742
1043.372, 110.8423
1043.854, 118.5132
1044.336, 110.3765
1044.818, 100.3086
1045.300, 88.20752
1045.782, 78.85156
1046.265, 75.77393
1046.747, 77.27441
1047.229, 78.32666
1047.711, 77.15283
1048.193, 63.10791
1048.675, 2.173828
1049.157, 42.99805
1049.639, 20.97021
1050.121, 34.43848
1050.604, 63.30713
1051.086, 60.00000
1051.568, 45.84424
1052.050, 18.43457
1052.532, 0.3847660
1053.014, 26.35742
1053.496, 68.42432
1053.978, 80.25879
1054.460, 58.26025
1054.943, 40.72266
1055.425, 43.24023
1055.907, 43.37402
1056.389, 33.49072
1056.871, 17.43457
1057.353, 2.195313
1057.835, 10.43018
1058.317, 9.491699
1058.800, 16.72803
1059.282, 38.66260
1059.764, 31.95068
1060.246, 15.39990
1060.728, 8.638184
1061.210, 13.07275
1061.692, 26.04297
1062.174, 50.08545
1062.656, 64.20166
1063.139, 41.19873
1063.621, 6.863281
1064.103, 8.282715
1064.585, 5.626953
1065.067, 5.815430
1065.549, 38.06152
1066.031, 57.23047
1066.513, 54.25244
1066.995, 41.56152
1067.478, 37.04785
1067.960, 40.16699
1068.442, 52.92041
1068.924, 77.89307
1069.406, 92.87891
1069.888, 67.38135
1070.370, 41.08301
1070.852, 46.10303
1071.334, 79.25000
1071.817, 90.75244
1072.299, 79.43457
1072.781, 69.72705
1073.263, 74.91016
1073.745, 84.29346
1074.227, 88.26709
1074.709, 87.85938
1075.191, 84.59912
1075.674, 76.32812
1076.156, 69.45361
1076.638, 63.74561
1077.120, 60.78857
1077.602, 64.98633
1078.084, 71.04932
1078.566, 68.69629
1079.048, 59.37207
1079.531, 55.02051
1080.013, 66.86963
1080.495, 78.20850
1080.977, 84.53809
1081.459, 86.38037
1081.941, 85.04102
1082.423, 80.50244
1082.905, 71.05762
1083.387, 55.16797
1083.870, 40.14404
1084.352, 31.27881
1084.834, 25.94971
1085.316, 21.17188
1085.798, 16.27832
1086.280, 19.17773
1086.762, 31.39990
1087.244, 43.92090
1087.726, 57.90283
1088.209, 65.06348
1088.691, 40.30469
1089.173, 0.8222660
1089.655, 23.36279
1090.137, 1.427246
1090.619, 18.16992
1091.101, 33.52832
1091.583, 43.35303
1092.066, 46.37744
1092.548, 42.94238
1093.030, 31.43213
1093.512, 12.92773
1093.994, 1.455566
1094.476, 3.544922
1094.958, 2.182617
1095.440, 0.7260740
1095.922, 1.125488
1096.405, 4.620605
1096.887, 9.789551
1097.369, 14.89404
1097.851, 20.02588
1098.333, 22.72705
1098.815, 12.66309
1099.297, 4.489746
1099.779, 18.60742
1100.261, 60.49658
1100.744, 68.35107
1101.226, 31.84521
1101.708, 3.990723
1102.190, 12.51758
1102.672, 38.48096
1103.154, 57.37891
1103.636, 69.57861
1104.118, 76.16895
1104.601, 75.32568
1105.083, 71.47607
1105.565, 63.14160
1106.047, 55.39941
1106.529, 54.75586
1107.011, 56.96143
1107.493, 52.29883
1107.975, 39.62305
1108.458, 27.40381
1108.940, 14.41748
1109.422, 9.713379
1109.904, 24.12939
1110.386, 44.37744
1110.868, 45.88916
1111.350, 29.26367
1111.832, 18.81396
1112.314, 17.68457
1112.797, 25.38477
1113.279, 54.43018
1113.761, 81.69482
1114.243, 86.04102
1114.725, 68.01514
1115.207, 45.75977
1115.689, 15.20459
1116.171, 5.487305
1116.653, 35.71387
1117.136, 71.48633
1117.618, 57.82471
1118.100, 24.07178
1118.582, 14.87158
1119.064, 53.51367
1119.546, 77.96973
1120.028, 84.53174
1120.510, 80.60986
1120.993, 65.02295
1121.475, 45.01074
1121.957, 42.19482
1122.439, 51.54785
1122.921, 56.10400
1123.403, 31.86133
1123.885, 27.46045
1124.367, 68.12305
1124.849, 111.0991
1125.332, 104.4717
1125.814, 57.18311
1126.296, 18.07568
1126.778, 9.263672
1127.260, 19.24609
1127.742, 12.90527
1128.224, 41.17822
1128.706, 35.30322
1129.188, 10.55273
1129.671, 0.8295900
1130.153, 1.198730
1130.635, 10.24902
1131.117, 26.53857
1131.599, 41.50928
1132.081, 48.73975
1132.563, 50.29639
1133.045, 47.98584
1133.528, 41.80420
1134.010, 25.72363
1134.492, 4.306152
1134.974, 19.92871
1135.456, 5.488770
1135.938, 19.69971
1136.420, 37.89209
1136.902, 47.49316
1137.385, 44.70850
1137.867, 17.95215
1138.349, 6.958496
1138.831, 15.39014
1139.313, 30.98438
1139.795, 54.28125
1140.277, 74.99268
1140.759, 63.59229
1141.241, 31.86914
1141.724, 11.18555
1142.206, 24.79248
1142.688, 36.15234
1143.170, 42.75146
1143.652, 42.48438
1144.134, 28.78027
1144.616, 6.445801
1145.098, 11.14941
1145.580, 22.00293
1146.063, 16.58154
1146.545, 33.53955
1147.027, 71.82178
1147.509, 75.24707
1147.991, 60.95508
1148.473, 54.49609
1148.955, 54.72656
1149.437, 53.99072
1149.920, 51.16016
1150.402, 47.09961
1150.884, 42.79590
1151.366, 36.83105
1151.848, 25.73584
1152.330, 12.12402
1152.812, 9.784180
1153.294, 18.58984
1153.776, 27.87891
1154.259, 35.61719
1154.741, 38.47754
1155.223, 22.58594
1155.705, 7.210938
1156.187, 19.05029
1156.669, 61.68896
1157.151, 73.33008
1157.633, 50.91260
1158.115, 29.17529
1158.598, 24.24072
1159.080, 29.85449
1159.562, 47.45898
1160.044, 68.15967
1160.526, 76.75293
1161.008, 67.75830
1161.490, 54.50732
1161.972, 35.17578
1162.455, 19.63623
1162.937, 21.31201
1163.419, 27.50195
1163.901, 12.90625
1164.383, 13.32373
1164.865, 20.97021
1165.347, 8.095215
1165.829, 36.15332
1166.312, 63.83740
1166.794, 79.18408
1167.276, 56.22803
1167.758, 17.09912
1168.240, 6.874512
1168.722, 24.88184
1169.204, 37.46045
1169.686, 26.58301
1170.168, 21.86670
1170.651, 32.61084
1171.133, 46.12891
1171.615, 36.03564
1172.097, 14.09473
1172.579, 11.60254
1173.061, 34.38086
1173.543, 53.84668
1174.025, 61.77441
1174.507, 60.42822
1174.990, 45.29932
1175.472, 25.60889
1175.954, 30.11963
1176.436, 50.61377
1176.918, 59.52832
1177.400, 45.82471
1177.882, 34.50830
1178.364, 42.94873
1178.847, 50.08105
1179.329, 40.02246
1179.811, 16.93799
1180.293, 29.08447
1180.775, 67.48682
1181.257, 85.47754
1181.739, 50.19336
1182.221, 19.60254
1182.703, 29.33398
1183.186, 48.77979
1183.668, 52.48145
1184.150, 40.85010
1184.632, 45.94775
1185.114, 64.87939
1185.596, 74.96924
1186.078, 43.13477
1186.560, 18.42676
1187.042, 32.32031
1187.525, 63.35986
1188.007, 91.00879
1188.489, 115.7446
1188.971, 119.5625
1189.453, 102.4341
1189.935, 84.90674
1190.417, 88.77539
1190.899, 88.75391
1191.382, 58.89404
1191.864, 19.07910
1192.346, 8.618164
1192.828, 29.23682
1193.310, 38.25342
1193.792, 30.63086
1194.274, 19.94531
1194.756, 11.24561
1195.238, 9.058105
1195.721, 22.24756
1196.203, 44.44287
1196.685, 56.94141
1197.167, 57.96729
1197.649, 44.95947
1198.131, 14.08154
1198.613, 5.755859
1199.095, 28.87305
1199.578, 71.45166
1200.060, 76.61475
1200.542, 50.16895
1201.024, 45.35059
1201.506, 64.03223
1201.988, 80.83594
1202.470, 90.74805
1202.952, 89.64502
1203.434, 59.49951
1203.917, 28.05908
1204.399, 28.72656
1204.881, 60.62061
1205.363, 76.38623
1205.845, 75.34082
1206.327, 66.07324
1206.809, 46.61865
1207.291, 32.36865
1207.773, 47.38281
1208.256, 71.58936
1208.738, 80.46729
1209.220, 72.01660
1209.702, 58.54346
1210.184, 38.82129
1210.666, 29.05762
1211.148, 42.45508
1211.630, 61.50830
1212.113, 72.66162
1212.595, 76.60742
1213.077, 73.42725
1213.559, 61.74756
1214.041, 50.85742
1214.523, 40.22949
1215.005, 33.94873
1215.487, 34.16846
1215.969, 40.24658
1216.452, 63.56885
1216.934, 87.92334
1217.416, 81.36377
1217.898, 29.31006
1218.380, 5.032715
1218.862, 12.00928
1219.344, 24.53174
1219.826, 22.25000
1220.308, 18.43457
1220.791, 24.10986
1221.273, 37.72705
1221.755, 55.63721
1222.237, 78.94824
1222.719, 95.79199
1223.201, 107.2236
1223.683, 111.3477
1224.165, 98.03076
1224.648, 85.61719
1225.130, 103.1079
1225.612, 132.9185
1226.094, 114.3716
1226.576, 31.74121
1227.058, 1.087891
1227.540, 31.87158
1228.022, 73.49512
1228.505, 77.46582
1228.987, 66.20850
1229.469, 52.69727
1229.951, 40.02197
1230.433, 34.10107
1230.915, 34.89258
1231.397, 48.01562
1231.879, 76.16016
1232.361, 101.4585
1232.844, 114.6753
1233.326, 112.9277
1233.808, 82.06445
1234.290, 33.65527
1234.772, 14.40771
1235.254, 25.95410
1235.736, 21.90869
1236.218, 10.77002
1236.700, 32.58545
1237.183, 12.26318
1237.665, 61.52783
1238.147, 58.67627
1238.629, 18.02197
1239.111, 0.7529300
1239.593, 6.109375
1240.075, 8.511719
1240.557, 0.2280270
1241.040, 5.820801
1241.522, 4.951172
1242.004, 17.27832
1242.486, 18.32324
1242.968, 11.51465
1243.450, 17.72900
1243.932, 35.22656
1244.414, 48.24512
1244.896, 52.03320
1245.379, 49.96777
1245.861, 36.97314
1246.343, 25.62354
1246.825, 24.17334
1247.307, 31.24902
1247.789, 40.24756
1248.271, 51.06787
1248.753, 64.50098
1249.235, 84.92285
1249.718, 96.19092
1250.200, 77.54395
1250.682, 62.37793
1251.164, 76.45654
1251.646, 109.9233
1252.128, 114.8687
1252.610, 95.42139
1253.092, 65.09033
1253.575, 16.47412
1254.057, 13.29492
1254.539, 2.244629
1255.021, 21.11914
1255.503, 48.20459
1255.985, 72.51758
1256.467, 59.34326
1256.949, 23.08691
1257.432, 9.993652
1257.914, 56.52979
1258.396, 86.33350
1258.878, 81.27686
1259.360, 66.48779
1259.842, 56.84229
1260.324, 50.70703
1260.806, 39.37305
1261.288, 28.00391
1261.771, 31.07617
1262.253, 74.68408
1262.735, 91.09766
1263.217, 68.02783
1263.699, 39.43799
1264.181, 28.01318
1264.663, 28.05127
1265.145, 32.16211
1265.627, 37.86035
1266.110, 39.30469
1266.592, 25.77686
1267.074, 28.70020
1267.556, 53.92236
1268.038, 73.36816
1268.520, 58.46484
1269.002, 28.90771
1269.484, 13.27686
1269.967, 7.956055
1270.449, 15.13330
1270.931, 37.26660
1271.413, 61.15137
1271.895, 87.14844
1272.377, 101.7056
1272.859, 83.64697
1273.341, 60.42090
1273.823, 56.89551
1274.306, 66.21924
1274.788, 73.98975
1275.270, 79.36035
1275.752, 88.09570
1276.234, 100.4824
1276.716, 104.7627
1277.198, 82.52295
1277.680, 57.77393
1278.162, 55.80859
1278.645, 63.49658
1279.127, 67.39111
1279.609, 67.58691
1280.091, 58.53613
1280.573, 41.10645
1281.055, 30.73145
1281.537, 45.79297
1282.019, 58.40625
1282.502, 53.60205
1282.984, 44.02686
1283.466, 45.29004
1283.948, 54.42090
1284.430, 53.05811
1284.912, 42.39209
1285.394, 34.23438
1285.876, 34.36523
1286.359, 37.96094
1286.841, 46.01709
1287.323, 52.90918
1287.805, 52.95605
1288.287, 46.94629
1288.769, 31.32812
1289.251, 10.09033
1289.733, 1.185059
1290.215, 26.17578
1290.698, 37.75098
1291.180, 29.34082
1291.662, 14.62891
1292.144, 0.2368160
1292.626, 6.912109
1293.108, 8.805176
1293.590, 41.25342
1294.072, 66.89111
1294.554, 86.37744
1295.037, 87.63281
1295.519, 65.34229
1296.001, 44.18994
1296.483, 39.88525
1296.965, 36.88818
1297.447, 52.04688
1297.929, 67.13867
1298.411, 60.63086
1298.894, 28.93945
1299.376, 8.057617
1299.858, 7.8125000E-02
1300.340, 0.0000000E+00
##END=



