##NAMES=Hingganite-(Y)
##RRUFFID=R070466
##IDEAL CHEMISTRY=BeY^3+^(SiO_4_)(OH)
##LOCALITY=Tuften Quarry, Tvedalen, Larvik, Vestfold, Norway
##OWNER=RRUFF
##SOURCE=Michael Scott
##DESCRIPTION=White prismatic crystals
##STATUS=The identification of this mineral has been confirmed only by single crystal X-ray diffraction.
##URL=rruff.info/R070466
172.5823, 0.0000000E+00
173.0644, 15.05957
173.5465, 12.38184
174.0287, 3.191406
174.5108, 19.07080
174.9929, 53.15479
175.4750, 69.11279
175.9571, 62.26123
176.4392, 51.72119
176.9214, 58.08887
177.4035, 75.54346
177.8856, 88.48682
178.3677, 82.36572
178.8498, 67.61719
179.3319, 62.57617
179.8141, 72.50830
180.2962, 84.48145
180.7783, 78.80029
181.2604, 58.96582
181.7425, 44.73340
182.2246, 57.22363
182.7068, 84.72168
183.1889, 99.15625
183.6710, 90.78809
184.1531, 73.35645
184.6352, 69.38672
185.1173, 78.34082
185.5995, 88.56152
186.0816, 90.54688
186.5637, 86.03418
187.0458, 81.67578
187.5279, 78.62598
188.0100, 76.87012
188.4922, 74.42383
188.9743, 71.04492
189.4564, 72.27734
189.9385, 88.13965
190.4206, 116.2344
190.9027, 137.8838
191.3849, 146.1387
191.8670, 143.8574
192.3491, 141.9961
192.8312, 140.8896
193.3133, 139.1338
193.7954, 132.3945
194.2776, 120.9043
194.7597, 116.0850
195.2418, 125.3086
195.7239, 146.3623
196.2060, 163.1045
196.6881, 175.4111
197.1703, 183.1523
197.6524, 185.6807
198.1345, 182.6689
198.6166, 176.5859
199.0987, 165.8682
199.5808, 150.5078
200.0630, 141.8271
200.5451, 140.4268
201.0272, 144.9824
201.5093, 155.1924
201.9914, 172.3564
202.4735, 188.2109
202.9557, 201.5605
203.4378, 213.3369
203.9199, 208.5693
204.4020, 179.2920
204.8841, 139.2627
205.3662, 126.0430
205.8484, 146.6045
206.3305, 170.3643
206.8126, 176.5049
207.2947, 160.3379
207.7768, 158.0127
208.2589, 179.8428
208.7411, 215.1289
209.2232, 222.5234
209.7053, 192.0244
210.1874, 157.5938
210.6695, 143.8574
211.1517, 156.4277
211.6338, 165.9131
212.1159, 168.7285
212.5980, 165.4619
213.0801, 159.4033
213.5622, 150.2402
214.0444, 138.6973
214.5265, 121.6885
215.0086, 92.07715
215.4907, 81.55176
215.9728, 103.3516
216.4549, 153.6113
216.9371, 178.4219
217.4192, 167.5283
217.9013, 145.7803
218.3834, 137.1602
218.8655, 147.5488
219.3476, 154.5771
219.8298, 151.0771
220.3119, 136.7754
220.7940, 135.8242
221.2761, 157.9092
221.7582, 182.2188
222.2403, 183.2627
222.7225, 146.8418
223.2046, 119.3896
223.6867, 114.3926
224.1688, 134.4141
224.6509, 148.1836
225.1330, 153.1338
225.6152, 154.5615
226.0973, 161.2266
226.5794, 181.4727
227.0615, 188.9385
227.5436, 170.7842
228.0257, 119.1885
228.5079, 90.35449
228.9900, 92.86426
229.4721, 110.5908
229.9542, 119.6455
230.4363, 113.3906
230.9184, 109.6094
231.4006, 115.2949
231.8827, 133.8770
232.3648, 141.3848
232.8469, 130.8467
233.3290, 113.3193
233.8111, 109.7793
234.2933, 132.6328
234.7754, 148.6357
235.2575, 143.5098
235.7396, 106.3525
236.2217, 83.30469
236.7038, 77.03027
237.1860, 83.62305
237.6681, 96.94922
238.1502, 124.4844
238.6323, 146.8945
239.1144, 157.0977
239.5965, 151.1299
240.0787, 142.1797
240.5608, 125.2842
241.0429, 107.2266
241.5250, 106.6660
242.0071, 139.9531
242.4892, 164.7637
242.9714, 159.6250
243.4535, 102.8193
243.9356, 69.78418
244.4177, 68.83105
244.8998, 89.57910
245.3819, 106.6074
245.8641, 125.2871
246.3462, 132.3662
246.8283, 117.9854
247.3104, 65.00391
247.7925, 32.27246
248.2746, 27.78906
248.7568, 42.42383
249.2389, 49.82715
249.7210, 44.05078
250.2031, 40.01953
250.6852, 46.54688
251.1674, 71.89160
251.6495, 86.76465
252.1316, 84.17090
252.6137, 71.74023
253.0958, 76.00879
253.5779, 111.3350
254.0601, 137.8584
254.5422, 128.2178
255.0243, 57.22266
255.5064, 17.02246
255.9885, 23.01074
256.4706, 60.51172
256.9528, 81.03906
257.4349, 79.52051
257.9170, 69.37598
258.3991, 55.15820
258.8812, 30.57324
259.3633, 20.73340
259.8455, 33.42871
260.3276, 60.68750
260.8097, 72.54102
261.2918, 61.16797
261.7739, 49.10059
262.2560, 51.00684
262.7382, 74.58691
263.2203, 88.61230
263.7024, 88.53125
264.1845, 78.49414
264.6666, 74.56055
265.1487, 81.09668
265.6309, 84.58008
266.1130, 73.33691
266.5951, 39.17676
267.0772, 21.13086
267.5593, 26.51855
268.0414, 48.24023
268.5236, 61.31543
269.0057, 63.22266
269.4878, 63.09473
269.9699, 67.00977
270.4520, 76.14648
270.9341, 84.33691
271.4163, 93.63086
271.8984, 100.4268
272.3805, 89.16602
272.8626, 52.06836
273.3447, 19.93359
273.8268, 15.37207
274.3090, 43.24023
274.7911, 65.59961
275.2732, 80.19043
275.7553, 86.01367
276.2374, 75.87012
276.7195, 45.14941
277.2017, 16.49902
277.6838, 4.971680
278.1659, 11.80664
278.6480, 21.16309
279.1301, 33.30078
279.6122, 45.56250
280.0944, 51.50879
280.5765, 50.11230
281.0586, 47.71680
281.5407, 51.02441
282.0228, 60.16211
282.5049, 56.80078
282.9871, 35.27148
283.4692, 5.603516
283.9513, 10.53320
284.4334, 12.38965
284.9155, 9.846680
285.3976, 8.213867
285.8798, 7.348633
286.3619, 4.646484
286.8440, 1.575195
287.3261, 7.286133
287.8082, 0.5283200
288.2903, 18.88574
288.7725, 30.31543
289.2546, 11.79688
289.7367, 29.18555
290.2188, 47.51367
290.7009, 34.18262
291.1830, 9.071289
291.6652, 5.985352
292.1473, 23.57324
292.6294, 42.12500
293.1115, 50.19141
293.5936, 50.34961
294.0757, 50.66699
294.5579, 51.19043
295.0400, 54.02441
295.5221, 65.56738
296.0042, 84.03809
296.4863, 97.54199
296.9684, 103.8086
297.4506, 100.4482
297.9327, 75.70215
298.4148, 23.86816
298.8969, 27.36230
299.3790, 45.91797
299.8611, 36.28418
300.3433, 14.21582
300.8254, 29.07910
301.3075, 74.96875
301.7896, 85.73047
302.2717, 55.21387
302.7538, 18.07812
303.2360, 9.646484
303.7181, 21.49902
304.2002, 33.47168
304.6823, 35.91699
305.1644, 33.26855
305.6465, 27.62598
306.1287, 18.53516
306.6108, 14.90625
307.0929, 32.76758
307.5750, 60.55078
308.0571, 78.17383
308.5392, 72.56934
309.0214, 55.44238
309.5035, 28.67969
309.9856, 8.958008
310.4677, 28.38281
310.9498, 15.82520
311.4319, 85.57422
311.9141, 127.5518
312.3962, 89.76172
312.8783, 42.46094
313.3604, 37.89941
313.8426, 74.91016
314.3247, 103.9990
314.8068, 89.16016
315.2889, 56.01855
315.7710, 31.46777
316.2531, 27.16016
316.7353, 30.45898
317.2174, 39.92773
317.6995, 54.44629
318.1816, 63.56348
318.6637, 52.69043
319.1458, 40.07812
319.6280, 40.38379
320.1101, 76.00977
320.5922, 106.0039
321.0743, 114.2891
321.5564, 104.8115
322.0385, 99.75391
322.5207, 115.1562
323.0028, 130.8477
323.4849, 133.7666
323.9670, 106.0254
324.4491, 86.65039
324.9312, 89.30664
325.4134, 106.8604
325.8955, 112.4932
326.3776, 79.42383
326.8597, 51.37305
327.3418, 50.12012
327.8239, 119.1562
328.3061, 155.1006
328.7882, 131.3018
329.2703, 72.24219
329.7524, 40.97070
330.2345, 61.22754
330.7166, 86.07129
331.1988, 99.37109
331.6809, 95.48926
332.1630, 90.89746
332.6451, 88.64258
333.1272, 86.02539
333.6093, 77.15527
334.0915, 56.39355
334.5736, 38.21875
335.0557, 27.88086
335.5378, 27.14355
336.0199, 26.07227
336.5020, 24.71875
336.9842, 23.36328
337.4663, 21.47363
337.9484, 16.19141
338.4305, 16.12793
338.9126, 27.78809
339.3947, 51.24707
339.8769, 65.07129
340.3590, 66.77344
340.8411, 64.34082
341.3232, 67.29883
341.8053, 76.21973
342.2874, 83.92969
342.7696, 89.20801
343.2517, 91.85547
343.7338, 88.77734
344.2159, 79.20410
344.6980, 68.73730
345.1801, 63.94434
345.6623, 64.13574
346.1444, 59.01074
346.6265, 44.27539
347.1086, 25.91797
347.5907, 13.02930
348.0728, 5.458008
348.5550, 7.119141
349.0371, 26.44629
349.5192, 58.04102
350.0013, 86.47266
350.4834, 110.9277
350.9655, 127.1426
351.4477, 123.3926
351.9298, 105.2773
352.4119, 90.70215
352.8940, 94.04590
353.3761, 104.7617
353.8582, 108.5820
354.3404, 106.4531
354.8225, 96.66895
355.3046, 65.08691
355.7867, 23.27832
356.2688, 1.043945
356.7509, 20.18164
357.2331, 55.99805
357.7152, 80.66504
358.1973, 91.99609
358.6794, 94.91504
359.1615, 86.68750
359.6436, 72.99414
360.1258, 61.74609
360.6079, 61.31836
361.0900, 59.90234
361.5721, 46.75195
362.0542, 22.21582
362.5363, 8.141602
363.0185, 20.16016
363.5006, 43.67090
363.9827, 65.28418
364.4648, 95.77148
364.9469, 109.8008
365.4290, 90.25391
365.9112, 42.70703
366.3933, 6.203125
366.8754, 18.97949
367.3575, 26.22070
367.8396, 11.69629
368.3217, 59.81543
368.8039, 110.7070
369.2860, 128.3691
369.7681, 120.3438
370.2502, 109.8008
370.7323, 94.87988
371.2144, 79.26074
371.6966, 63.95410
372.1787, 47.62891
372.6608, 34.43555
373.1429, 21.01465
373.6250, 12.58594
374.1071, 19.64062
374.5893, 50.69629
375.0714, 80.39648
375.5535, 101.1875
376.0356, 112.7900
376.5177, 119.0938
376.9998, 120.1279
377.4820, 115.5947
377.9641, 104.3018
378.4462, 85.66113
378.9283, 62.57129
379.4104, 28.79785
379.8925, 8.221680
380.3747, 6.411133
380.8568, 40.21875
381.3389, 89.15820
381.8210, 101.2402
382.3031, 80.64160
382.7852, 63.04492
383.2674, 54.29785
383.7495, 52.72168
384.2316, 55.09668
384.7137, 61.64062
385.1958, 73.17676
385.6779, 100.6221
386.1601, 132.3389
386.6422, 140.6055
387.1243, 118.9512
387.6064, 85.71777
388.0885, 43.64160
388.5706, 3.249023
389.0528, 7.169922
389.5349, 63.91309
390.0170, 149.8467
390.4991, 183.2568
390.9812, 157.3477
391.4633, 118.1289
391.9455, 87.00000
392.4276, 62.62402
392.9097, 43.42969
393.3918, 31.20508
393.8739, 22.03027
394.3561, 10.96387
394.8382, 1.120117
395.3203, 3.543945
395.8024, 21.30469
396.2845, 49.23828
396.7667, 63.03418
397.2488, 38.23828
397.7309, 25.88574
398.2130, 48.39258
398.6951, 92.10156
399.1772, 114.6787
399.6594, 87.88574
400.1415, 59.46094
400.6236, 47.54883
401.1057, 61.30469
401.5878, 70.05176
402.0699, 71.70508
402.5521, 69.35742
403.0342, 66.83887
403.5163, 61.39941
403.9984, 61.80566
404.4805, 72.70898
404.9626, 94.51953
405.4448, 103.6680
405.9269, 95.31934
406.4090, 83.17383
406.8911, 85.44434
407.3732, 107.6494
407.8553, 108.3223
408.3375, 70.68359
408.8196, 9.585938
409.3017, 30.90039
409.7838, 50.38281
410.2659, 51.28223
410.7480, 27.33203
411.2302, 16.39941
411.7123, 56.78418
412.1944, 93.88672
412.6765, 118.7861
413.1586, 111.6025
413.6407, 78.76660
414.1229, 48.23242
414.6050, 30.13867
415.0871, 25.53223
415.5692, 45.95508
416.0513, 93.43359
416.5334, 128.7783
417.0156, 106.4023
417.4977, 55.51855
417.9798, 20.06543
418.4619, 28.21973
418.9440, 46.05859
419.4261, 53.85449
419.9083, 52.74121
420.3904, 51.34082
420.8725, 51.13184
421.3546, 53.50879
421.8367, 60.14258
422.3188, 76.93359
422.8010, 88.47070
423.2831, 88.23340
423.7652, 80.30371
424.2473, 73.73438
424.7294, 70.89648
425.2115, 67.38086
425.6937, 61.77832
426.1758, 52.16602
426.6579, 47.91895
427.1400, 51.71777
427.6221, 59.03516
428.1042, 65.84863
428.5864, 73.17871
429.0685, 77.46777
429.5506, 75.43457
430.0327, 68.89648
430.5148, 73.95898
430.9969, 95.20312
431.4791, 116.2148
431.9612, 125.2041
432.4433, 121.4844
432.9254, 114.9424
433.4075, 106.3232
433.8896, 96.44824
434.3718, 86.20898
434.8539, 75.64551
435.3360, 66.13770
435.8181, 57.67578
436.3002, 50.80078
436.7823, 47.33984
437.2645, 47.39648
437.7466, 48.87402
438.2287, 52.28027
438.7108, 57.89941
439.1929, 63.85645
439.6750, 67.90137
440.1572, 74.02246
440.6393, 91.96973
441.1214, 117.9316
441.6035, 133.1113
442.0856, 114.7158
442.5677, 87.56641
443.0499, 74.05273
443.5320, 85.08594
444.0141, 93.12305
444.4962, 81.22559
444.9783, 60.16504
445.4604, 47.97070
445.9426, 60.47070
446.4247, 71.60938
446.9068, 70.72266
447.3889, 56.48047
447.8710, 49.13379
448.3531, 59.72168
448.8353, 71.22656
449.3174, 70.68750
449.7995, 48.70312
450.2816, 30.04492
450.7637, 15.38086
451.2458, 5.836914
451.7280, 6.137695
452.2101, 17.34863
452.6922, 34.73438
453.1743, 63.88477
453.6564, 109.5303
454.1385, 121.9512
454.6207, 92.18945
455.1028, 47.67578
455.5849, 25.85840
456.0670, 25.77246
456.5491, 31.13086
457.0313, 37.54297
457.5134, 44.94922
457.9955, 54.05273
458.4776, 64.86035
458.9597, 72.69434
459.4418, 74.74414
459.9240, 71.15918
460.4061, 59.08984
460.8882, 30.96777
461.3703, 10.92676
461.8524, 33.27930
462.3345, 80.59473
462.8167, 111.7363
463.2988, 96.38184
463.7809, 66.50391
464.2630, 36.68262
464.7451, 7.195313
465.2272, 10.08301
465.7094, 2.329102
466.1915, 15.33789
466.6736, 28.93066
467.1557, 31.35840
467.6378, 32.15723
468.1199, 29.75098
468.6021, 27.96484
469.0842, 42.26953
469.5663, 94.55273
470.0484, 133.2627
470.5305, 133.0596
471.0126, 77.64258
471.4948, 37.28223
471.9769, 13.75098
472.4590, 2.550781
472.9411, 0.5791020
473.4232, 7.068359
473.9053, 15.94434
474.3875, 22.34668
474.8696, 28.68262
475.3517, 41.25488
475.8338, 60.03418
476.3159, 80.74023
476.7981, 101.1562
477.2802, 121.2764
477.7623, 139.3486
478.2444, 158.1182
478.7265, 168.9736
479.2086, 151.2852
479.6908, 116.6738
480.1729, 94.36914
480.6550, 111.9307
481.1371, 138.5879
481.6192, 151.1123
482.1013, 148.8955
482.5835, 135.0801
483.0656, 87.84668
483.5477, 42.23633
484.0298, 29.08398
484.5119, 90.02441
484.9940, 137.3535
485.4762, 150.2783
485.9583, 136.2109
486.4404, 114.8125
486.9225, 71.73730
487.4046, 35.66211
487.8867, 16.34082
488.3689, 16.56543
488.8510, 16.00293
489.3331, 8.276367
489.8152, 7.504883
490.2973, 34.41406
490.7794, 101.4395
491.2616, 146.8652
491.7437, 153.7324
492.2258, 130.3936
492.7079, 111.2480
493.1900, 98.64746
493.6721, 86.38379
494.1543, 68.39648
494.6364, 47.64941
495.1185, 33.92676
495.6006, 27.68457
496.0827, 28.62891
496.5648, 39.18750
497.0470, 56.59277
497.5291, 74.94531
498.0112, 97.20410
498.4933, 115.0176
498.9754, 116.5596
499.4576, 106.2773
499.9397, 100.3721
500.4218, 114.1221
500.9039, 129.3711
501.3860, 134.3242
501.8681, 124.6357
502.3503, 113.3740
502.8324, 97.23828
503.3145, 83.38281
503.7966, 80.66016
504.2787, 107.4971
504.7608, 123.0957
505.2430, 114.5723
505.7251, 87.27734
506.2072, 81.27734
506.6893, 110.2139
507.1714, 135.9775
507.6535, 135.7949
508.1357, 105.9688
508.6178, 76.25781
509.0999, 43.72363
509.5820, 20.41797
510.0641, 31.53418
510.5462, 73.89355
511.0284, 105.6729
511.5105, 111.6006
511.9926, 100.8457
512.4747, 86.72363
512.9568, 69.25879
513.4389, 57.47949
513.9210, 58.26758
514.4031, 68.39258
514.8853, 87.86328
515.3674, 121.6660
515.8495, 143.9922
516.3316, 128.9561
516.8137, 95.45996
517.2958, 69.62109
517.7780, 55.38086
518.2601, 54.44727
518.7422, 77.44824
519.2244, 120.2959
519.7065, 145.3428
520.1886, 127.3525
520.6707, 107.9805
521.1528, 108.8262
521.6349, 149.7910
522.1171, 156.5146
522.5992, 110.8203
523.0813, 47.76465
523.5634, 18.96680
524.0455, 31.65430
524.5276, 39.47461
525.0098, 25.28320
525.4919, 0.7578130
525.9740, 8.887695
526.4561, 48.43945
526.9382, 83.86621
527.4203, 80.50195
527.9025, 55.83398
528.3846, 57.84961
528.8667, 96.31055
529.3488, 127.6855
529.8309, 94.84180
530.3130, 29.80273
530.7952, 15.60938
531.2773, 10.90039
531.7594, 10.10156
532.2415, 41.89062
532.7236, 78.69141
533.2057, 94.11328
533.6879, 54.45703
534.1700, 12.14258
534.6521, 5.986328
535.1342, 9.914063
535.6163, 25.60742
536.0984, 44.04492
536.5806, 60.57812
537.0627, 69.35156
537.5448, 67.25586
538.0269, 64.16992
538.5090, 56.71484
538.9911, 51.38672
539.4733, 80.78125
539.9554, 153.1172
540.4375, 202.4785
540.9196, 174.4922
541.4017, 88.80664
541.8839, 39.95312
542.3660, 32.27734
542.8481, 36.93164
543.3302, 20.50781
543.8123, 2.660156
544.2944, 2.556641
544.7766, 42.89062
545.2587, 92.30078
545.7408, 117.4844
546.2229, 121.0059
546.7050, 109.6992
547.1871, 75.84961
547.6693, 36.63281
548.1514, 7.871094
548.6335, 61.19922
549.1156, 82.26562
549.5977, 28.49609
550.0798, 35.28125
550.5620, 63.13086
551.0441, 28.33594
551.5262, 10.76367
552.0083, 19.57227
552.4904, 42.83398
552.9725, 57.45703
553.4547, 62.21094
553.9368, 64.68750
554.4189, 64.79883
554.9010, 64.99414
555.3831, 80.38477
555.8652, 111.4062
556.3474, 135.4883
556.8295, 129.2422
557.3116, 104.2383
557.7937, 84.01758
558.2758, 72.37891
558.7579, 63.42188
559.2401, 47.16406
559.7222, 31.29102
560.2043, 27.76172
560.6864, 50.71289
561.1685, 77.74805
561.6506, 104.3867
562.1328, 128.4453
562.6149, 139.8984
563.0970, 126.7148
563.5791, 109.2930
564.0612, 96.21289
564.5433, 89.14844
565.0255, 79.60352
565.5076, 65.43359
565.9897, 51.31641
566.4718, 40.92578
566.9539, 33.62891
567.4360, 36.24023
567.9182, 55.76758
568.4003, 78.46875
568.8824, 66.14258
569.3645, 22.36914
569.8466, 9.015625
570.3287, 9.453125
570.8109, 49.87695
571.2930, 57.88672
571.7751, 34.81836
572.2572, 22.71680
572.7393, 66.78906
573.2214, 129.0840
573.7036, 171.0020
574.1857, 180.9355
574.6678, 178.3340
575.1499, 164.4980
575.6320, 143.7109
576.1141, 122.1426
576.5963, 97.32812
577.0784, 75.60742
577.5605, 55.54492
578.0426, 38.64453
578.5247, 36.44922
579.0068, 56.51758
579.4890, 75.64258
579.9711, 81.31250
580.4532, 72.65625
580.9353, 66.44336
581.4174, 64.24609
581.8995, 57.85156
582.3817, 26.47266
582.8638, 19.12891
583.3459, 35.64844
583.8280, 0.3027340
584.3101, 46.51172
584.7922, 49.05859
585.2744, 22.58789
585.7565, 5.130859
586.2386, 29.11328
586.7207, 55.53711
587.2028, 58.65820
587.6849, 38.30469
588.1671, 21.40820
588.6492, 12.24609
589.1313, 10.02734
589.6134, 15.70312
590.0955, 38.85938
590.5776, 44.33789
591.0598, 21.46289
591.5419, 9.484375
592.0240, 23.28516
592.5061, 20.06445
592.9882, 1.457031
593.4703, 50.03516
593.9525, 106.4004
594.4346, 112.9531
594.9167, 73.40039
595.3988, 39.88477
595.8809, 51.84570
596.3630, 85.39453
596.8452, 102.3477
597.3273, 101.0078
597.8094, 94.06641
598.2915, 89.54102
598.7736, 83.67188
599.2557, 72.06055
599.7379, 49.80469
600.2200, 29.95703
600.7021, 7.556641
601.1842, 7.957031
601.6663, 1.136719
602.1484, 53.29297
602.6306, 97.41602
603.1127, 119.3301
603.5948, 122.5117
604.0769, 123.2031
604.5590, 121.4902
605.0411, 116.7070
605.5233, 109.7832
606.0054, 99.36133
606.4875, 72.78320
606.9696, 30.28516
607.4517, 4.511719
607.9338, 9.265625
608.4160, 3.521484
608.8981, 11.24219
609.3802, 6.804688
609.8623, 3.552734
610.3444, 12.38086
610.8265, 29.13086
611.3087, 47.20703
611.7908, 78.49414
612.2729, 96.12891
612.7550, 72.41602
613.2371, 17.46094
613.7192, 6.574219
614.2014, 80.37500
614.6835, 150.6875
615.1656, 182.6484
615.6477, 173.4785
616.1298, 147.3672
616.6119, 96.39844
617.0941, 49.36523
617.5762, 40.34375
618.0583, 63.91016
618.5404, 71.19727
619.0225, 50.19336
619.5046, 26.06641
619.9868, 37.49414
620.4689, 71.86914
620.9510, 99.10156
621.4331, 96.49609
621.9152, 91.04102
622.3973, 105.8828
622.8795, 134.6270
623.3616, 150.9941
623.8437, 133.0508
624.3258, 112.3262
624.8079, 105.7910
625.2900, 117.9512
625.7722, 115.7676
626.2543, 82.48438
626.7364, 55.80273
627.2185, 74.94141
627.7006, 152.4375
628.1827, 187.2930
628.6649, 161.5234
629.1470, 115.2031
629.6291, 111.1016
630.1112, 140.3613
630.5933, 155.4121
631.0754, 127.6016
631.5576, 94.14453
632.0397, 111.5371
632.5218, 163.7188
633.0039, 200.2031
633.4860, 182.2285
633.9681, 151.5859
634.4503, 132.1445
634.9324, 125.6816
635.4145, 115.2305
635.8966, 78.57031
636.3787, 52.60156
636.8608, 61.58203
637.3430, 130.1055
637.8251, 163.4414
638.3072, 151.0059
638.7893, 118.8750
639.2714, 95.79883
639.7535, 81.92969
640.2357, 73.29883
640.7178, 69.22852
641.1999, 67.52539
641.6820, 64.09180
642.1641, 60.26953
642.6462, 66.04492
643.1284, 101.6934
643.6105, 137.4531
644.0926, 145.0332
644.5747, 128.1641
645.0568, 112.5977
645.5389, 102.4883
646.0211, 100.8926
646.5032, 114.0254
646.9853, 151.6777
647.4674, 165.7852
647.9495, 138.1660
648.4316, 107.5430
648.9138, 110.6680
649.3959, 156.8789
649.8780, 175.4102
650.3601, 154.5059
650.8422, 119.5469
651.3243, 106.6270
651.8065, 112.2402
652.2886, 117.4746
652.7707, 112.4297
653.2528, 108.8164
653.7349, 130.2031
654.2170, 165.6641
654.6992, 182.2031
655.1813, 132.4062
655.6634, 87.55859
656.1455, 98.64453
656.6276, 167.4121
657.1097, 201.7383
657.5919, 147.4668
658.0740, 97.81836
658.5561, 103.4805
659.0382, 184.5879
659.5203, 228.9316
660.0024, 228.1387
660.4846, 210.7344
660.9667, 208.7109
661.4488, 219.3613
661.9309, 216.6211
662.4130, 193.8242
662.8951, 162.8770
663.3773, 132.5039
663.8594, 105.8184
664.3415, 89.74805
664.8236, 87.16992
665.3057, 95.93555
665.7878, 124.0020
666.2700, 164.3633
666.7521, 192.3770
667.2342, 190.0918
667.7163, 186.3398
668.1984, 194.9180
668.6805, 215.5566
669.1627, 211.1992
669.6448, 172.2383
670.1269, 130.0820
670.6090, 102.9844
671.0911, 90.67188
671.5732, 88.87891
672.0554, 97.81055
672.5375, 113.5801
673.0196, 140.6934
673.5017, 170.2656
673.9838, 186.8301
674.4659, 188.8262
674.9481, 171.2012
675.4302, 101.1094
675.9123, 17.61719
676.3944, 23.19531
676.8765, 33.94141
677.3586, 88.38867
677.8408, 121.7363
678.3229, 138.1777
678.8050, 146.7070
679.2871, 142.4375
679.7692, 143.0801
680.2513, 159.0859
680.7335, 185.0254
681.2156, 193.6230
681.6977, 184.9648
682.1799, 157.7109
682.6620, 84.76953
683.1441, 2.326172
683.6262, 22.64648
684.1083, 14.87109
684.5905, 58.72656
685.0726, 76.89258
685.5547, 83.10156
686.0368, 88.52930
686.5189, 95.80078
687.0010, 100.9805
687.4832, 101.5742
687.9653, 100.9785
688.4474, 101.7930
688.9295, 102.5176
689.4116, 110.9629
689.8937, 133.6758
690.3759, 157.6133
690.8580, 149.2676
691.3401, 111.9688
691.8222, 83.89453
692.3043, 82.06641
692.7864, 93.67188
693.2686, 102.7266
693.7507, 110.7363
694.2328, 120.0547
694.7149, 144.5938
695.1970, 161.6777
695.6791, 149.5059
696.1613, 107.9590
696.6434, 85.71484
697.1255, 116.2207
697.6076, 139.7949
698.0897, 121.0371
698.5718, 46.53320
699.0540, 32.42383
699.5361, 96.63281
700.0182, 166.8848
700.5003, 169.5508
700.9824, 117.7910
701.4645, 68.52539
701.9467, 25.03125
702.4288, 7.072266
702.9109, 62.28320
703.3930, 149.1211
703.8751, 204.5039
704.3572, 200.1895
704.8394, 178.1465
705.3215, 139.7285
705.8036, 96.15820
706.2857, 69.18555
706.7678, 64.97461
707.2499, 68.52734
707.7321, 80.97266
708.2142, 99.54492
708.6963, 117.6895
709.1784, 139.5137
709.6605, 140.6738
710.1426, 92.27148
710.6248, 23.22852
711.1069, 6.839844
711.5890, 37.37891
712.0711, 76.90430
712.5532, 108.1602
713.0353, 132.6855
713.5175, 154.7402
713.9996, 175.5293
714.4817, 176.5547
714.9638, 120.4570
715.4459, 69.13281
715.9280, 64.51953
716.4102, 133.5352
716.8923, 155.5098
717.3744, 114.3086
717.8565, 56.48438
718.3386, 30.31836
718.8207, 33.02734
719.3029, 31.79102
719.7850, 20.35352
720.2671, 10.75195
720.7492, 20.55469
721.2313, 42.69336
721.7134, 61.77148
722.1956, 76.82031
722.6777, 79.71484
723.1598, 53.54492
723.6419, 15.85352
724.1240, 1.351563
724.6061, 42.45898
725.0883, 69.18945
725.5704, 64.64453
726.0525, 39.44336
726.5346, 26.83594
727.0167, 26.73438
727.4988, 40.75977
727.9810, 82.12500
728.4631, 131.5176
728.9452, 133.2266
729.4273, 94.01367
729.9094, 61.93945
730.3915, 74.81836
730.8737, 100.9473
731.3558, 119.3066
731.8379, 128.0762
732.3200, 124.3809
732.8021, 88.36914
733.2842, 56.23828
733.7664, 49.05078
734.2485, 74.19727
734.7306, 84.14062
735.2127, 75.26367
735.6948, 58.43359
736.1769, 40.43555
736.6591, 21.88867
737.1412, 7.189453
737.6233, 3.478516
738.1054, 9.093750
738.5875, 6.066406
739.0696, 3.119141
739.5518, 12.13281
740.0339, 21.37305
740.5160, 26.13672
740.9981, 10.79102
741.4802, 5.587891
741.9623, 7.230469
742.4445, 81.27539
742.9266, 124.4805
743.4087, 118.3613
743.8908, 85.42383
744.3729, 67.92969
744.8550, 64.93750
745.3372, 71.15820
745.8193, 93.86719
746.3014, 113.2285
746.7835, 86.82227
747.2656, 30.05469
747.7477, 11.80664
748.2299, 4.544922
748.7120, 12.43555
749.1941, 22.46680
749.6762, 25.07031
750.1583, 19.50586
750.6404, 10.11133
751.1226, 25.02734
751.6047, 12.80078
752.0868, 24.46680
752.5689, 63.08594
753.0510, 104.9043
753.5331, 132.4941
754.0153, 120.2305
754.4974, 88.62891
754.9795, 96.37891
755.4616, 141.6074
755.9437, 173.8457
756.4258, 143.8223
756.9080, 98.04883
757.3901, 75.34570
757.8722, 85.00977
758.3543, 86.91797
758.8364, 72.38867
759.3185, 50.05664
759.8007, 20.05273
760.2828, 25.81250
760.7649, 39.42188
761.2470, 15.61523
761.7291, 23.18945
762.2112, 63.33008
762.6934, 99.89062
763.1755, 114.3184
763.6576, 101.7383
764.1397, 76.61523
764.6218, 30.58008
765.1039, 13.04688
765.5861, 26.10352
766.0682, 15.39258
766.5503, 60.14453
767.0324, 116.9844
767.5145, 163.0176
767.9966, 166.7734
768.4788, 115.3691
768.9609, 70.83203
769.4430, 39.66406
769.9251, 24.32031
770.4072, 37.90430
770.8893, 72.13672
771.3715, 92.76953
771.8536, 83.65820
772.3357, 64.58594
772.8178, 49.21875
773.2999, 36.73047
773.7820, 25.90430
774.2642, 7.203125
774.7463, 2.298828
775.2284, 19.23438
775.7105, 50.30469
776.1926, 84.65039
776.6747, 131.5254
777.1569, 146.5957
777.6390, 103.5996
778.1211, 29.61719
778.6032, 9.744141
779.0853, 16.57031
779.5674, 4.396484
780.0496, 34.82422
780.5317, 77.92969
781.0138, 103.9316
781.4959, 115.9805
781.9780, 130.9668
782.4601, 180.4766
782.9423, 204.6836
783.4244, 171.3867
783.9065, 88.09180
784.3886, 46.26758
784.8707, 56.02734
785.3528, 68.86328
785.8350, 47.89258
786.3171, 10.11914
786.7992, 24.44922
787.2813, 86.45117
787.7634, 143.6309
788.2455, 161.1348
788.7277, 159.3027
789.2098, 150.1953
789.6919, 134.7656
790.1740, 126.8203
790.6561, 144.0664
791.1382, 155.6016
791.6204, 142.2305
792.1025, 99.88672
792.5846, 85.86719
793.0667, 104.2598
793.5488, 134.0645
794.0309, 175.6406
794.5131, 213.3281
794.9952, 190.5742
795.4773, 103.2031
795.9594, 23.48438
796.4415, 6.328125
796.9236, 0.4101560
797.4058, 45.02734
797.8879, 151.3262
798.3700, 202.7188
798.8521, 153.4883
799.3342, 84.82812
799.8163, 55.13477
800.2985, 70.97461
800.7806, 66.59766
801.2627, 36.12695
801.7448, 8.039063
802.2269, 20.12305
802.7090, 53.54883
803.1912, 67.95312
803.6733, 53.22852
804.1554, 43.80469
804.6375, 71.01172
805.1196, 107.4512
805.6017, 128.3086
806.0839, 130.7578
806.5660, 115.3359
807.0481, 70.18359
807.5302, 21.29688
808.0123, 10.71875
808.4944, 25.95703
808.9766, 1.042969
809.4587, 83.98633
809.9408, 159.1504
810.4229, 131.6270
810.9050, 57.69531
811.3871, 31.11719
811.8693, 92.50391
812.3514, 151.2305
812.8335, 170.1602
813.3156, 166.8848
813.7977, 160.1016
814.2798, 147.4414
814.7620, 139.3652
815.2441, 137.9883
815.7262, 138.2578
816.2083, 131.0430
816.6904, 118.3574
817.1725, 115.8281
817.6547, 130.4805
818.1368, 145.7637
818.6189, 153.4219
819.1010, 155.2402
819.5831, 146.1504
820.0652, 113.9395
820.5474, 89.68359
821.0295, 74.23047
821.5116, 73.22852
821.9937, 103.0918
822.4758, 181.2520
822.9579, 204.6543
823.4401, 146.8555
823.9222, 71.94336
824.4043, 79.86523
824.8864, 139.9199
825.3685, 166.9688
825.8506, 128.0234
826.3328, 77.76758
826.8149, 34.42188
827.2970, 8.353516
827.7791, 13.39844
828.2612, 99.84375
828.7433, 150.9609
829.2255, 156.4336
829.7076, 133.0781
830.1897, 97.33008
830.6718, 49.44922
831.1539, 10.54883
831.6360, 16.76172
832.1182, 29.43359
832.6003, 17.56836
833.0824, 10.60547
833.5645, 41.56836
834.0466, 80.21680
834.5287, 104.8965
835.0109, 86.57812
835.4930, 60.12500
835.9751, 76.26172
836.4572, 161.1719
836.9393, 208.6738
837.4214, 204.4395
837.9036, 171.2891
838.3857, 128.1113
838.8678, 80.58594
839.3499, 55.30078
839.8320, 64.61328
840.3141, 78.48633
840.7963, 67.62500
841.2784, 49.65430
841.7605, 46.52734
842.2426, 80.08203
842.7247, 104.7422
843.2068, 115.1211
843.6890, 118.0449
844.1711, 118.9473
844.6532, 118.0996
845.1353, 127.2129
845.6174, 151.3379
846.0995, 171.7559
846.5817, 161.2656
847.0638, 132.6211
847.5460, 107.3574
848.0281, 89.48828
848.5102, 78.51367
848.9923, 84.93555
849.4744, 92.21094
849.9565, 81.10547
850.4387, 35.36328
850.9208, 14.83398
851.4029, 28.14062
851.8850, 52.53320
852.3671, 63.41602
852.8492, 63.08984
853.3314, 58.26172
853.8135, 48.43945
854.2956, 41.55078
854.7777, 56.52148
855.2598, 74.60156
855.7419, 73.69727
856.2241, 35.79883
856.7062, 10.73828
857.1883, 3.710938
857.6704, 7.119141
858.1525, 17.29102
858.6346, 34.62305
859.1168, 46.25586
859.5989, 50.47266
860.0810, 51.48828
860.5631, 46.48242
861.0452, 42.06445
861.5273, 52.54297
862.0095, 84.35156
862.4916, 102.1777
862.9737, 78.74805
863.4558, 46.95117
863.9379, 29.70898
864.4200, 31.00977
864.9022, 24.63281
865.3843, 7.171875
865.8664, 7.646484
866.3485, 13.43750
866.8306, 2.580078
867.3127, 53.94336
867.7949, 155.9805
868.2770, 225.2734
868.7591, 181.3672
869.2412, 111.7402
869.7233, 80.95508
870.2054, 103.1836
870.6876, 105.8262
871.1697, 80.48047
871.6518, 51.58594
872.1339, 32.58594
872.6160, 22.10547
873.0981, 7.380859
873.5803, 10.82617
874.0624, 16.76172
874.5445, 20.21680
875.0266, 59.49023
875.5087, 52.28125
875.9908, 2.294922
876.4730, 16.11328
876.9551, 44.43359
877.4372, 104.0059
877.9193, 143.1953
878.4014, 160.7227
878.8835, 138.5371
879.3657, 75.12109
879.8478, 27.41016
880.3299, 33.59180
880.8120, 68.45703
881.2941, 114.8613
881.7762, 159.2344
882.2584, 175.7969
882.7405, 130.1289
883.2226, 83.89062
883.7047, 53.15430
884.1868, 38.99219
884.6689, 47.86133
885.1511, 86.23438
885.6332, 114.2266
886.1153, 116.4102
886.5974, 105.8262
887.0795, 106.9883
887.5616, 115.4023
888.0438, 118.8105
888.5259, 102.3711
889.0080, 90.06445
889.4901, 99.16602
889.9722, 117.4414
890.4543, 119.5273
890.9365, 91.57617
891.4186, 87.12305
891.9007, 122.8633
892.3828, 165.9707
892.8649, 157.9902
893.3470, 112.5527
893.8292, 76.81055
894.3113, 62.56250
894.7934, 61.16602
895.2755, 84.25781
895.7576, 108.4355
896.2397, 105.1973
896.7219, 28.96484
897.2040, 0.7460940
897.6861, 37.75000
898.1682, 94.70312
898.6503, 127.1914
899.1324, 137.7559
899.6146, 138.9121
900.0967, 131.0234
900.5788, 124.2500
901.0609, 132.4844
901.5430, 142.5859
902.0251, 140.4434
902.5073, 120.7910
902.9894, 105.2910
903.4715, 89.62305
903.9536, 87.27148
904.4357, 119.7793
904.9178, 182.7285
905.4000, 172.1211
905.8821, 87.23438
906.3642, 15.19141
906.8463, 38.55469
907.3284, 92.36523
907.8105, 101.6699
908.2927, 68.71094
908.7748, 51.47070
909.2569, 91.50000
909.7390, 122.3926
910.2211, 121.1816
910.7032, 93.96289
911.1854, 62.60938
911.6675, 26.32812
912.1496, 20.87500
912.6317, 83.60547
913.1138, 162.9355
913.5959, 197.2129
914.0781, 194.8320
914.5602, 176.7305
915.0423, 120.9238
915.5244, 87.28711
916.0065, 108.4902
916.4886, 150.4805
916.9708, 142.2207
917.4529, 76.12305
917.9350, 46.33984
918.4171, 81.30859
918.8992, 132.0742
919.3813, 132.8242
919.8635, 104.7852
920.3456, 83.18750
920.8277, 79.53320
921.3098, 78.84180
921.7919, 75.68750
922.2740, 74.43555
922.7562, 82.30859
923.2383, 104.8301
923.7204, 98.33594
924.2025, 56.27344
924.6846, 18.20898
925.1667, 30.06445
925.6489, 66.27734
926.1310, 88.24609
926.6131, 91.46680
927.0952, 86.62305
927.5773, 72.69531
928.0594, 56.81250
928.5416, 40.42188
929.0237, 23.70898
929.5058, 21.29492
929.9879, 34.84375
930.4700, 50.98242
930.9521, 57.74414
931.4343, 63.10742
931.9164, 98.92578
932.3985, 153.0488
932.8806, 170.1504
933.3627, 66.38477
933.8448, 12.70898
934.3270, 15.11133
934.8091, 102.3066
935.2912, 118.1445
935.7733, 46.95898
936.2554, 13.57422
936.7375, 66.60156
937.2197, 135.2539
937.7018, 96.00195
938.1839, 3.345703
938.6660, 63.23242
939.1481, 31.28906
939.6302, 1.675781
940.1124, 6.443359
940.5945, 1.035156
941.0766, 8.179688
941.5587, 18.55859
942.0408, 6.841797
942.5229, 30.61133
943.0051, 77.55469
943.4872, 136.4863
943.9693, 187.2441
944.4514, 187.9043
944.9335, 131.0020
945.4156, 86.32227
945.8978, 95.96094
946.3799, 113.7480
946.8620, 116.5684
947.3441, 105.8359
947.8262, 83.39258
948.3083, 46.53125
948.7905, 27.77148
949.2726, 56.91406
949.7547, 108.1758
950.2368, 156.0430
950.7189, 195.8828
951.2010, 212.5664
951.6832, 172.5781
952.1653, 142.6445
952.6474, 152.3652
953.1295, 176.9355
953.6116, 155.7695
954.0938, 86.54102
954.5759, 34.60938
955.0580, 14.39844
955.5401, 17.96875
956.0222, 56.85352
956.5043, 105.5430
956.9865, 123.7500
957.4686, 80.97461
957.9507, 52.98633
958.4328, 61.86719
958.9149, 77.52148
959.3970, 76.19141
959.8792, 57.58594
960.3613, 53.72852
960.8434, 66.25586
961.3255, 74.34180
961.8076, 51.86523
962.2897, 23.07812
962.7719, 15.80469
963.2540, 30.99414
963.7361, 44.05859
964.2182, 48.22070
964.7003, 52.45703
965.1824, 59.38477
965.6646, 68.24609
966.1467, 77.94336
966.6288, 88.22461
967.1109, 92.25977
967.5930, 78.22070
968.0751, 71.69336
968.5573, 109.8164
969.0394, 165.5625
969.5215, 190.4805
970.0036, 158.5371
970.4857, 126.9961
970.9678, 97.05469
971.4500, 72.74219
971.9321, 60.53906
972.4142, 57.52930
972.8963, 60.47461
973.3784, 69.68555
973.8605, 75.39258
974.3427, 64.74219
974.8248, 52.06836
975.3069, 46.85156
975.7890, 49.22266
976.2711, 72.05664
976.7532, 128.0234
977.2354, 164.0156
977.7175, 138.2207
978.1996, 77.78320
978.6817, 53.50781
979.1638, 57.86914
979.6459, 60.62109
980.1281, 35.05078
980.6102, 17.29883
981.0923, 27.06055
981.5744, 54.28516
982.0565, 84.31445
982.5386, 121.8809
983.0208, 129.8086
983.5029, 93.58594
983.9850, 53.20117
984.4671, 66.05273
984.9492, 101.9316
985.4313, 111.0391
985.9135, 72.96094
986.3956, 47.83008
986.8777, 66.38281
987.3598, 91.55469
987.8419, 106.8730
988.3240, 112.5488
988.8062, 87.36133
989.2883, 30.66406
989.7704, 8.279297
990.2525, 24.32422
990.7346, 75.80664
991.2167, 96.11133
991.6989, 87.53906
992.1810, 68.79297
992.6631, 20.50977
993.1452, 1.416016
993.6273, 20.22461
994.1094, 63.42969
994.5916, 82.93945
995.0737, 82.89062
995.5558, 84.40625
996.0379, 91.33789
996.5200, 99.32031
997.0021, 123.4473
997.4843, 148.0957
997.9664, 154.6309
998.4485, 139.9043
998.9306, 111.3457
999.4127, 59.89844
999.8948, 22.42969
1000.377, 36.28125
1000.859, 80.58789
1001.341, 116.7520
1001.823, 140.5625
1002.305, 135.6172
1002.788, 50.91406
1003.270, 15.33594
1003.752, 20.15625
1004.234, 17.26758
1004.716, 62.69336
1005.198, 117.5508
1005.680, 162.9531
1006.162, 195.3125
1006.644, 209.8535
1007.127, 187.5020
1007.609, 147.1895
1008.091, 116.9648
1008.573, 105.8457
1009.055, 99.18750
1009.537, 99.60156
1010.019, 97.58789
1010.501, 82.52930
1010.984, 56.75781
1011.466, 42.43164
1011.948, 40.01953
1012.430, 54.00000
1012.912, 117.1543
1013.394, 170.7812
1013.876, 166.7207
1014.358, 114.4863
1014.841, 65.23047
1015.323, 7.660156
1015.805, 8.427734
1016.287, 38.07031
1016.769, 110.3789
1017.251, 164.8789
1017.733, 194.6504
1018.215, 173.0879
1018.697, 66.85156
1019.180, 5.791016
1019.662, 37.56445
1020.144, 104.1992
1020.626, 127.2598
1021.108, 103.3047
1021.590, 99.25195
1022.072, 116.5176
1022.554, 119.0234
1023.036, 58.12500
1023.519, 11.91797
1024.001, 34.00391
1024.483, 14.81641
1024.965, 15.62305
1025.447, 67.21484
1025.929, 104.2520
1026.411, 119.9473
1026.893, 120.0664
1027.375, 113.2520
1027.858, 99.46094
1028.340, 71.13086
1028.822, 19.22656
1029.304, 7.142578
1029.786, 59.55664
1030.268, 136.7422
1030.750, 149.7793
1031.232, 90.85352
1031.715, 70.67969
1032.197, 94.74609
1032.679, 122.6445
1033.161, 126.9219
1033.643, 123.3496
1034.125, 148.0547
1034.607, 185.9492
1035.089, 193.2383
1035.572, 122.4375
1036.054, 62.09180
1036.536, 21.75391
1037.018, 2.869141
1037.500, 18.97070
1037.982, 63.57812
1038.464, 83.17383
1038.946, 69.71875
1039.428, 49.17578
1039.911, 40.31641
1040.393, 33.21875
1040.875, 13.36523
1041.357, 19.95508
1041.839, 15.62695
1042.321, 39.03711
1042.803, 81.46680
1043.285, 76.05859
1043.767, 50.91992
1044.250, 61.39453
1044.732, 91.24414
1045.214, 103.4473
1045.696, 62.71680
1046.178, 34.23828
1046.660, 35.80273
1047.142, 47.28906
1047.624, 50.61523
1048.107, 47.19727
1048.589, 39.83203
1049.071, 28.43359
1049.553, 16.41797
1050.035, 4.019531
1050.517, 14.83984
1050.999, 10.77930
1051.481, 61.20703
1051.964, 72.05664
1052.446, 23.58594
1052.928, 3.320313
1053.410, 43.39062
1053.892, 106.1035
1054.374, 134.5605
1054.856, 136.9590
1055.338, 122.9180
1055.820, 77.04883
1056.302, 64.49609
1056.785, 146.9023
1057.267, 221.1250
1057.749, 211.1230
1058.231, 125.2383
1058.713, 95.84961
1059.195, 117.9531
1059.677, 126.4707
1060.159, 47.42188
1060.642, 26.35156
1061.124, 27.66992
1061.606, 25.53516
1062.088, 84.51953
1062.570, 161.9941
1063.052, 184.8320
1063.534, 130.4473
1064.016, 64.71094
1064.499, 73.93945
1064.981, 121.4746
1065.463, 147.3750
1065.945, 142.6973
1066.427, 140.6426
1066.909, 163.7285
1067.391, 173.6172
1067.873, 152.0391
1068.355, 109.2070
1068.838, 75.78125
1069.320, 53.86328
1069.802, 55.01367
1070.284, 100.9355
1070.766, 141.8809
1071.248, 144.0957
1071.730, 126.3496
1072.212, 110.8418
1072.694, 96.02539
1073.177, 94.82617
1073.659, 109.7070
1074.141, 119.8047
1074.623, 100.6641
1075.105, 70.89062
1075.587, 48.75000
1076.069, 35.93555
1076.551, 38.00391
1077.034, 67.30664
1077.516, 93.34961
1077.998, 110.4180
1078.480, 125.0215
1078.962, 152.3926
1079.444, 188.8809
1079.926, 224.4434
1080.408, 260.3027
1080.891, 268.6934
1081.373, 207.3359
1081.855, 136.9824
1082.337, 93.85742
1082.819, 76.02930
1083.301, 68.99609
1083.783, 72.79688
1084.265, 95.31055
1084.747, 162.0430
1085.229, 218.4805
1085.712, 196.0703
1086.194, 136.0449
1086.676, 104.9414
1087.158, 122.7305
1087.640, 143.1777
1088.122, 168.8770
1088.604, 182.7129
1089.086, 153.7227
1089.569, 109.6230
1090.051, 112.8086
1090.533, 154.9648
1091.015, 172.4082
1091.497, 103.9727
1091.979, 55.99609
1092.461, 55.28320
1092.943, 85.17188
1093.426, 127.6250
1093.908, 172.7441
1094.390, 179.5781
1094.872, 134.8672
1095.354, 92.36719
1095.836, 86.81836
1096.318, 96.64258
1096.800, 109.7852
1097.282, 122.0488
1097.765, 133.8730
1098.247, 146.2910
1098.729, 143.9258
1099.211, 110.8301
1099.693, 74.00391
1100.175, 45.00195
1100.657, 31.84961
1101.139, 49.88086
1101.622, 136.0703
1102.104, 178.3203
1102.586, 165.1738
1103.068, 139.6172
1103.550, 137.2578
1104.032, 146.6016
1104.514, 144.0195
1104.996, 131.4336
1105.479, 120.8027
1105.961, 128.8652
1106.443, 122.1328
1106.925, 87.56250
1107.407, 42.48633
1107.889, 3.810547
1108.371, 40.41992
1108.853, 21.54688
1109.335, 204.8164
1109.818, 329.6602
1110.300, 225.9883
1110.782, 80.96875
1111.264, 5.970703
1111.746, 7.916016
1112.228, 13.79102
1112.710, 11.73633
1113.192, 6.787109
1113.674, 49.21289
1114.157, 96.98242
1114.639, 146.7949
1115.121, 182.6582
1115.603, 179.7480
1116.085, 118.4297
1116.567, 83.88867
1117.049, 79.83398
1117.531, 88.26367
1118.014, 108.8496
1118.496, 125.2930
1118.978, 111.1934
1119.460, 77.72266
1119.942, 45.87500
1120.424, 13.22461
1120.906, 3.039063
1121.388, 2.583984
1121.870, 15.40430
1122.353, 74.82422
1122.835, 150.5020
1123.317, 144.2266
1123.799, 58.45508
1124.281, 4.185547
1124.763, 87.27344
1125.245, 153.9082
1125.727, 137.2773
1126.209, 75.89453
1126.692, 54.67773
1127.174, 70.17773
1127.656, 91.90820
1128.138, 114.4434
1128.620, 134.6973
1129.102, 162.5156
1129.584, 176.9512
1130.066, 149.6680
1130.549, 86.46875
1131.031, 67.69727
1131.513, 97.03320
1131.995, 114.1289
1132.477, 82.99219
1132.959, 55.26172
1133.441, 103.1074
1133.923, 167.7285
1134.406, 162.3477
1134.888, 39.40625
1135.370, 27.00195
1135.852, 31.23828
1136.334, 1.7578000E-02
1136.816, 78.35938
1137.298, 163.3535
1137.780, 186.9785
1138.262, 161.5625
1138.745, 122.0469
1139.227, 26.89258
1139.709, 4.355469
1140.191, 89.54102
1140.673, 196.9199
1141.155, 231.6523
1141.637, 213.6953
1142.119, 177.1523
1142.601, 128.7246
1143.084, 108.4980
1143.566, 165.8320
1144.048, 215.0996
1144.530, 232.9375
1145.012, 226.5703
1145.494, 200.5605
1145.976, 159.6309
1146.458, 120.7031
1146.941, 84.22266
1147.423, 73.16602
1147.905, 140.3242
1148.387, 197.3770
1148.869, 190.9395
1149.351, 132.3047
1149.833, 68.43945
1150.315, 2.757813
1150.797, 15.76758
1151.280, 45.39844
1151.762, 116.9453
1152.244, 172.3477
1152.726, 193.1328
1153.208, 145.9883
1153.690, 19.47070
1154.172, 19.75195
1154.654, 32.18945
1155.136, 81.62891
1155.619, 70.31641
1156.101, 38.70312
1156.583, 1.582031
1157.065, 21.83984
1157.547, 13.43164
1158.029, 145.9160
1158.511, 216.9062
1158.993, 216.4414
1159.476, 189.8789
1159.958, 156.0469
1160.440, 130.1035
1160.922, 145.7832
1161.404, 188.6562
1161.886, 199.3887
1162.368, 151.8105
1162.850, 109.9570
1163.333, 79.85352
1163.815, 61.64844
1164.297, 54.97266
1164.779, 60.40820
1165.261, 89.57617
1165.743, 139.9336
1166.225, 159.4863
1166.707, 118.2246
1167.189, 85.08203
1167.672, 75.07812
1168.154, 83.31641
1168.636, 115.0977
1169.118, 154.2539
1169.600, 160.3418
1170.082, 121.5215
1170.564, 90.08398
1171.046, 85.96289
1171.528, 90.49023
1172.011, 99.08594
1172.493, 109.7988
1172.975, 120.4180
1173.457, 129.0293
1173.939, 128.7207
1174.421, 112.0527
1174.903, 99.93750
1175.385, 97.82422
1175.868, 106.9688
1176.350, 134.8535
1176.832, 175.4219
1177.314, 181.2051
1177.796, 158.6152
1178.278, 140.6523
1178.760, 135.6230
1179.242, 148.2852
1179.724, 212.5508
1180.207, 270.9727
1180.689, 262.7656
1181.171, 189.0801
1181.653, 143.8828
1182.135, 125.7754
1182.617, 108.4238
1183.099, 52.80078
1183.581, 17.23242
1184.063, 57.11133
1184.546, 123.4980
1185.028, 143.9180
1185.510, 117.1504
1185.992, 86.80469
1186.474, 55.64648
1186.956, 47.55859
1187.438, 95.19141
1187.920, 143.8086
1188.403, 181.8008
1188.885, 196.3594
1189.367, 142.7559
1189.849, 13.54102
1190.331, 61.69336
1190.813, 61.63867
1191.295, 23.71289
1191.777, 44.60156
1192.260, 116.1582
1192.742, 178.2910
1193.224, 223.3418
1193.706, 225.6777
1194.188, 183.1504
1194.670, 138.1172
1195.152, 94.81836
1195.634, 73.25000
1196.116, 116.3516
1196.599, 174.3477
1197.081, 195.7109
1197.563, 178.4121
1198.045, 172.7617
1198.527, 180.6094
1199.009, 178.6289
1199.491, 158.9160
1199.973, 125.0547
1200.455, 55.15430
1200.938, 12.15625
1201.420, 22.00977
1201.902, 37.42188
1202.384, 74.46875
1202.866, 85.76367
1203.348, 102.6914
1203.830, 156.1855
1204.312, 198.8438
1204.795, 159.2090
1205.277, 81.15039
1205.759, 29.11523
1206.241, 9.730469
1206.723, 20.22070
1207.205, 67.50586
1207.687, 98.94727
1208.169, 62.00000
1208.651, 8.882813
1209.134, 3.052734
1209.616, 15.28320
1210.098, 48.77539
1210.580, 109.9844
1211.062, 140.5801
1211.544, 135.9512
1212.026, 119.9277
1212.508, 106.7676
1212.990, 101.6484
1213.473, 123.8262
1213.955, 158.8809
1214.437, 163.0605
1214.919, 119.6934
1215.401, 93.26172
1215.883, 88.60547
1216.365, 89.97852
1216.847, 87.67773
1217.330, 81.34570
1217.812, 64.24219
1218.294, 42.07422
1218.776, 38.64453
1219.258, 59.16211
1219.740, 87.46875
1220.222, 126.5859
1220.704, 146.1387
1221.187, 81.01758
1221.669, 5.162109
1222.151, 10.97852
1222.633, 89.26367
1223.115, 127.9941
1223.597, 108.1738
1224.079, 115.7949
1224.561, 174.9980
1225.043, 227.0957
1225.526, 199.0605
1226.008, 136.4473
1226.490, 79.01172
1226.972, 32.41992
1227.454, 7.601563
1227.936, 7.814453
1228.418, 11.84570
1228.900, 14.25977
1229.382, 19.35742
1229.865, 36.55664
1230.347, 55.85352
1230.829, 60.66992
1231.311, 50.89258
1231.793, 75.68555
1232.275, 144.0703
1232.757, 174.9531
1233.239, 132.5664
1233.722, 75.75781
1234.204, 57.63086
1234.686, 65.09375
1235.168, 93.40625
1235.650, 141.7109
1236.132, 157.4648
1236.614, 137.9648
1237.096, 119.2754
1237.578, 118.1113
1238.061, 115.6855
1238.543, 85.55078
1239.025, 50.38477
1239.507, 37.09180
1239.989, 46.35352
1240.471, 57.15430
1240.953, 69.38867
1241.435, 72.17773
1241.917, 50.44531
1242.400, 36.56641
1242.882, 90.94336
1243.364, 142.1895
1243.846, 95.58594
1244.328, 56.92969
1244.810, 85.40820
1245.292, 6.763672
1245.774, 101.6895
1246.257, 154.3086
1246.739, 175.2598
1247.221, 153.1328
1247.703, 115.2734
1248.185, 83.64062
1248.667, 61.68555
1249.149, 89.17773
1249.631, 160.9785
1250.114, 206.0977
1250.596, 158.1992
1251.078, 110.0547
1251.560, 104.6211
1252.042, 122.9102
1252.524, 155.8906
1253.006, 200.4922
1253.488, 193.7695
1253.970, 141.6016
1254.453, 90.49219
1254.935, 50.66016
1255.417, 35.89844
1255.899, 64.95312
1256.381, 107.8711
1256.863, 144.0898
1257.345, 171.3008
1257.827, 167.9844
1258.310, 138.8984
1258.792, 112.9922
1259.274, 112.4727
1259.756, 107.5664
1260.238, 72.44922
1260.720, 52.83594
1261.202, 121.9258
1261.684, 241.4805
1262.167, 278.1289
1262.649, 241.8477
1263.131, 203.9922
1263.613, 196.6172
1264.095, 184.2070
1264.577, 158.1172
1265.059, 131.7891
1265.541, 119.4375
1266.023, 117.7930
1266.505, 117.2109
1266.988, 120.0781
1267.470, 141.0469
1267.952, 217.5156
1268.434, 247.5898
1268.916, 208.6055
1269.398, 161.6680
1269.880, 179.4609
1270.362, 224.8281
1270.845, 244.5078
1271.327, 240.5195
1271.809, 233.7305
1272.291, 217.3203
1272.773, 230.7070
1273.255, 284.2656
1273.737, 338.3594
1274.219, 371.0352
1274.702, 368.0977
1275.184, 287.9844
1275.666, 155.8086
1276.148, 72.35547
1276.630, 43.04297
1277.112, 50.18359
1277.594, 94.20312
1278.076, 149.8438
1278.558, 218.5430
1279.041, 268.5195
1279.523, 264.7500
1280.005, 222.1719
1280.487, 171.5195
1280.969, 112.1758
1281.451, 83.33594
1281.933, 118.7266
1282.415, 172.7812
1282.897, 264.4258
1283.380, 321.4414
1283.862, 271.4492
1284.344, 181.0352
1284.826, 194.1133
1285.308, 289.3086
1285.790, 307.5117
1286.272, 232.5820
1286.754, 169.6680
1287.237, 183.6172
1287.719, 214.0273
1288.201, 251.6641
1288.683, 278.2148
1289.165, 248.1992
1289.647, 183.2656
1290.129, 136.0469
1290.611, 113.2227
1291.094, 124.1953
1291.576, 215.1406
1292.058, 274.4375
1292.540, 274.6562
1293.022, 247.5430
1293.504, 232.8320
1293.986, 222.4258
1294.468, 200.3125
1294.950, 166.7383
1295.432, 142.5664
1295.915, 126.4180
1296.397, 131.1055
1296.879, 163.6719
1297.361, 197.9531
1297.843, 200.5000
1298.325, 192.0820
1298.807, 200.7383
1299.289, 221.7148
1299.772, 212.6797
1300.254, 170.7344
1300.736, 115.4961
1301.218, 44.69531
1301.700, 10.04297
1302.182, 84.26562
1302.664, 186.0039
1303.146, 286.9766
1303.629, 358.6797
1304.111, 315.9844
1304.593, 169.9688
1305.075, 53.82031
1305.557, 14.48828
1306.039, 31.00781
1306.521, 79.43359
1307.003, 150.3750
1307.485, 95.55078
1307.968, 6.367188
1308.450, 12.28125
1308.932, 54.25781
1309.414, 137.9570
1309.896, 228.5078
1310.378, 274.4688
1310.860, 208.8945
1311.342, 166.5820
1311.824, 166.7812
1312.307, 174.9727
1312.789, 178.6641
1313.271, 143.9492
1313.753, 162.9258
1314.235, 205.1523
1314.717, 218.2109
1315.199, 197.8516
1315.681, 164.1641
1316.164, 118.5117
1316.646, 72.48438
1317.128, 17.37500
1317.610, 0.0000000E+00
##END=



