##NAMES=Kaersutite
##RRUFFID=R141092
##IDEAL CHEMISTRY=NaCa_2_(Mg_3_AlTi^4+^)(Si_6_Al_2_)O_22_O_2_
##LOCALITY=Rothenberg, Bell, Eifel, Germany
##OWNER=RRUFF
##SOURCE=Ch. and H. Schäfer
##DESCRIPTION=Rusty brown blades embedded in matrix
##STATUS=The identification of this mineral has been confirmed only by single crystal X-ray diffraction.
##URL=rruff.info/R141092
90.59540, 21.14754
91.07751, 21.18570
91.55963, 21.41100
92.04175, 21.55153
92.52386, 21.57775
93.00598, 21.56085
93.48810, 21.52671
93.97021, 21.48525
94.45233, 21.46320
94.93445, 21.51298
95.41656, 21.61088
95.89868, 21.65261
96.38080, 21.57789
96.86292, 21.46075
97.34503, 21.42975
97.82715, 21.53720
98.30927, 21.59941
98.79138, 21.48531
99.27350, 21.32528
99.75562, 21.26098
100.2377, 21.35102
100.7198, 21.53068
101.2020, 21.59956
101.6841, 21.43093
102.1662, 21.28653
102.6483, 21.12107
103.1304, 20.99861
103.6126, 21.04402
104.0947, 21.33285
104.5768, 21.67931
105.0589, 21.70443
105.5410, 21.44580
106.0231, 21.19187
106.5053, 21.08888
106.9874, 21.10233
107.4695, 21.07506
107.9516, 20.96085
108.4337, 20.83697
108.9158, 20.72904
109.3980, 20.63952
109.8801, 20.56695
110.3622, 20.50892
110.8443, 20.46586
111.3264, 20.46394
111.8085, 20.58209
112.2907, 20.65327
112.7728, 20.59480
113.2549, 20.44906
113.7370, 20.32206
114.2191, 20.28346
114.7012, 20.31159
115.1834, 20.33334
115.6655, 20.35593
116.1476, 20.35521
116.6297, 20.28845
117.1118, 20.15499
117.5939, 20.07782
118.0761, 20.16225
118.5582, 20.26324
119.0403, 20.29928
119.5224, 20.27052
120.0045, 20.22231
120.4866, 20.20640
120.9688, 20.23161
121.4509, 20.25681
121.9330, 20.31474
122.4151, 20.34524
122.8972, 20.30198
123.3793, 20.19230
123.8615, 20.06925
124.3436, 19.97666
124.8257, 19.91834
125.3078, 19.87892
125.7899, 19.86667
126.2720, 19.86667
126.7542, 19.86869
127.2363, 19.87388
127.7184, 19.87243
128.2005, 19.86487
128.6826, 19.84527
129.1647, 19.80164
129.6469, 19.73227
130.1290, 19.65461
130.6111, 19.59467
131.0932, 19.54782
131.5753, 19.53334
132.0574, 19.58158
132.5396, 19.63424
133.0217, 19.62937
133.5038, 19.56473
133.9859, 19.51591
134.4680, 19.60025
134.9501, 19.84150
135.4323, 20.00673
135.9144, 20.05726
136.3965, 20.04025
136.8786, 19.99605
137.3607, 19.92322
137.8428, 19.84793
138.3250, 19.79156
138.8071, 19.74207
139.2892, 19.67653
139.7713, 19.58078
140.2534, 19.48923
140.7355, 19.49142
141.2177, 19.68807
141.6998, 19.78244
142.1819, 19.67292
142.6640, 19.50301
143.1461, 19.38316
143.6283, 19.35206
144.1104, 19.37777
144.5925, 19.40561
145.0746, 19.44247
145.5567, 19.46124
146.0388, 19.44388
146.5210, 19.41616
147.0031, 19.41170
147.4852, 19.44066
147.9673, 19.46749
148.4494, 19.45404
148.9315, 19.41258
149.4137, 19.35109
149.8958, 19.24069
150.3779, 19.13359
150.8600, 19.17123
151.3421, 19.47737
151.8242, 19.67258
152.3064, 19.60154
152.7885, 19.42097
153.2706, 19.24991
153.7527, 19.14282
154.2348, 19.10373
154.7169, 19.14531
155.1991, 19.37072
155.6812, 19.52814
156.1633, 19.59791
156.6454, 19.61330
157.1275, 19.60204
157.6096, 19.57199
158.0918, 19.52167
158.5739, 19.42221
159.0560, 19.28570
159.5381, 19.21740
160.0202, 19.30473
160.5023, 19.45411
160.9845, 19.50176
161.4666, 19.40592
161.9487, 19.30918
162.4308, 19.28866
162.9129, 19.30593
163.3950, 19.32405
163.8772, 19.32865
164.3593, 19.32671
164.8414, 19.34064
165.3235, 19.42090
165.8056, 19.42388
166.2878, 19.25878
166.7699, 19.07137
167.2520, 18.99601
167.7341, 19.06595
168.2162, 19.19667
168.6983, 19.25876
169.1805, 19.23018
169.6626, 19.20850
170.1447, 19.19177
170.6268, 19.18695
171.1089, 19.20411
171.5910, 19.24586
172.0732, 19.29716
172.5553, 19.37920
173.0374, 19.45485
173.5195, 19.44849
174.0016, 19.30602
174.4837, 19.13163
174.9659, 19.11578
175.4480, 19.34260
175.9301, 19.49177
176.4122, 19.44123
176.8943, 19.32661
177.3764, 19.23740
177.8586, 19.19643
178.3407, 19.17047
178.8228, 19.10358
179.3049, 18.95048
179.7870, 18.88242
180.2691, 18.96183
180.7513, 19.06310
181.2334, 19.09038
181.7155, 19.04120
182.1976, 19.00145
182.6797, 19.06561
183.1618, 19.21976
183.6440, 19.30798
184.1261, 19.29794
184.6082, 19.24702
185.0903, 19.19149
185.5724, 19.13078
186.0545, 19.08417
186.5367, 19.06846
187.0188, 19.06667
187.5009, 19.06082
187.9830, 19.04974
188.4651, 19.05041
188.9472, 19.09939
189.4294, 19.22283
189.9115, 19.26835
190.3936, 19.13477
190.8757, 19.00942
191.3578, 18.97544
191.8399, 19.02206
192.3221, 19.09406
192.8042, 19.14308
193.2863, 19.16862
193.7684, 19.19413
194.2505, 19.20772
194.7326, 19.23362
195.2148, 19.30388
195.6969, 19.39573
196.1790, 19.44274
196.6611, 19.39439
197.1432, 19.30302
197.6253, 19.29888
198.1075, 19.39953
198.5896, 19.46243
199.0717, 19.37441
199.5538, 19.17417
200.0359, 19.03784
200.5180, 19.01878
201.0002, 19.04357
201.4823, 19.07232
201.9644, 19.10119
202.4465, 19.12125
202.9286, 19.12248
203.4107, 19.11175
203.8929, 19.13129
204.3750, 19.20811
204.8571, 19.28266
205.3392, 19.36486
205.8213, 19.43144
206.3034, 19.46202
206.7856, 19.44669
207.2677, 19.37956
207.7498, 19.23858
208.2319, 18.89664
208.7140, 18.71826
209.1961, 18.83221
209.6783, 19.05778
210.1604, 19.21241
210.6425, 19.25415
211.1246, 19.25506
211.6067, 19.30358
212.0888, 19.37992
212.5710, 19.39719
213.0531, 19.28992
213.5352, 19.14891
214.0173, 19.09205
214.4994, 19.13292
214.9816, 19.18134
215.4637, 19.21705
215.9458, 19.22799
216.4279, 19.17194
216.9100, 19.04642
217.3921, 18.94197
217.8743, 19.00505
218.3564, 19.31203
218.8385, 19.49184
219.3206, 19.44869
219.8027, 19.35695
220.2848, 19.27046
220.7670, 19.20323
221.2491, 19.14953
221.7312, 19.09933
222.2133, 19.05171
222.6954, 19.11495
223.1775, 19.44168
223.6597, 19.68729
224.1418, 19.68033
224.6239, 19.51307
225.1060, 19.39556
225.5881, 19.44555
226.0702, 19.57361
226.5524, 19.56143
227.0345, 19.39666
227.5166, 19.25935
227.9987, 19.23831
228.4808, 19.29170
228.9629, 19.31933
229.4451, 19.29322
229.9272, 19.26736
230.4093, 19.28347
230.8914, 19.32753
231.3735, 19.38270
231.8556, 19.45149
232.3378, 19.51452
232.8199, 19.51759
233.3020, 19.41845
233.7841, 19.35342
234.2662, 19.36705
234.7483, 19.41158
235.2305, 19.45695
235.7126, 19.49264
236.1947, 19.51906
236.6768, 19.53841
237.1589, 19.55790
237.6410, 19.54385
238.1232, 19.45101
238.6053, 19.37191
239.0874, 19.37425
239.5695, 19.44329
240.0516, 19.50417
240.5337, 19.49221
241.0159, 19.42075
241.4980, 19.40480
241.9801, 19.49213
242.4622, 19.56714
242.9443, 19.56404
243.4264, 19.50934
243.9086, 19.47964
244.3907, 19.51069
244.8728, 19.56527
245.3549, 19.59893
245.8370, 19.61317
246.3191, 19.60800
246.8013, 19.55940
247.2834, 19.49123
247.7655, 19.47568
248.2476, 19.53263
248.7297, 19.60989
249.2118, 19.71584
249.6940, 19.81217
250.1761, 19.83968
250.6582, 19.77297
251.1403, 19.66275
251.6224, 19.60693
252.1045, 19.62782
252.5867, 19.65357
253.0688, 19.69521
253.5509, 19.72495
254.0330, 19.70209
254.5151, 19.63860
254.9972, 19.60348
255.4794, 19.68225
255.9615, 19.90271
256.4436, 19.98722
256.9257, 19.80487
257.4078, 19.65679
257.8900, 19.71039
258.3721, 19.89218
258.8542, 20.00660
259.3363, 19.93237
259.8184, 19.74711
260.3005, 19.69939
260.7827, 19.83142
261.2648, 19.91470
261.7469, 19.81577
262.2290, 19.63839
262.7111, 19.58219
263.1932, 19.71383
263.6754, 19.87384
264.1575, 19.88040
264.6396, 19.79760
265.1217, 19.75178
265.6038, 19.79939
266.0859, 19.88409
266.5681, 19.91504
267.0502, 19.87707
267.5323, 19.85878
268.0144, 19.93750
268.4965, 20.02096
268.9786, 20.03291
269.4608, 19.96990
269.9429, 19.89584
270.4250, 19.86678
270.9071, 19.87981
271.3892, 19.96194
271.8713, 20.27130
272.3535, 20.49661
272.8356, 20.49301
273.3177, 20.34353
273.7998, 20.20041
274.2819, 20.15615
274.7640, 20.18787
275.2462, 20.19986
275.7283, 20.14632
276.2104, 20.12989
276.6925, 20.16592
277.1746, 20.23403
277.6567, 20.31752
278.1389, 20.41090
278.6210, 20.51797
279.1031, 20.65520
279.5852, 20.83530
280.0673, 20.91549
280.5494, 20.83499
281.0316, 20.70794
281.5137, 20.57363
281.9958, 20.44894
282.4779, 20.40762
282.9600, 20.52435
283.4421, 20.72366
283.9243, 20.83892
284.4064, 20.86048
284.8885, 20.86193
285.3706, 20.88647
285.8527, 20.92222
286.3348, 20.92463
286.8170, 20.86712
287.2991, 20.81496
287.7812, 20.81913
288.2633, 20.86153
288.7454, 20.91259
289.2275, 20.96068
289.7097, 21.01062
290.1918, 21.07799
290.6739, 21.17765
291.1560, 21.24590
291.6381, 21.23386
292.1202, 21.20820
292.6024, 21.20587
293.0845, 21.23434
293.5666, 21.28934
294.0487, 21.37386
294.5308, 21.49327
295.0129, 21.58239
295.4951, 21.62458
295.9772, 21.65131
296.4593, 21.67097
296.9414, 21.67993
297.4235, 21.66146
297.9056, 21.60678
298.3878, 21.54156
298.8699, 21.54036
299.3520, 21.72931
299.8341, 21.79686
300.3162, 21.64818
300.7983, 21.44414
301.2805, 21.29093
301.7626, 21.21715
302.2447, 21.22908
302.7268, 21.34748
303.2089, 21.57314
303.6910, 21.75671
304.1732, 21.91770
304.6553, 22.02165
305.1374, 22.00378
305.6195, 21.91260
306.1016, 21.88816
306.5837, 22.00723
307.0659, 22.18011
307.5480, 22.24156
308.0301, 22.19836
308.5122, 22.15245
308.9943, 22.14667
309.4764, 22.15306
309.9586, 22.10844
310.4407, 21.99312
310.9228, 21.92504
311.4049, 22.02965
311.8870, 22.21583
312.3691, 22.36696
312.8513, 22.46853
313.3334, 22.52016
313.8155, 22.47915
314.2976, 22.35069
314.7797, 22.33069
315.2618, 22.54196
315.7440, 22.77575
316.2261, 22.91898
316.7082, 22.98160
317.1903, 22.99113
317.6724, 22.94448
318.1545, 22.87280
318.6367, 22.88170
319.1188, 23.01630
319.6009, 23.13908
320.0830, 23.19658
320.5651, 23.24602
321.0472, 23.37492
321.5294, 23.57540
322.0115, 23.71079
322.4936, 23.57277
322.9757, 23.07849
323.4578, 22.87618
323.9399, 23.27346
324.4221, 23.64374
324.9042, 23.82168
325.3863, 23.83918
325.8684, 23.73847
326.3505, 23.54240
326.8326, 23.32243
327.3148, 23.27944
327.7969, 23.55401
328.2790, 23.80831
328.7611, 24.14337
329.2432, 24.38690
329.7253, 24.31672
330.2075, 23.97086
330.6896, 23.66439
331.1717, 23.70365
331.6538, 24.07420
332.1359, 24.24085
332.6180, 24.08465
333.1002, 23.90878
333.5823, 23.76467
334.0644, 23.67350
334.5465, 23.68958
335.0286, 23.84050
335.5107, 24.03204
335.9929, 24.11555
336.4750, 24.08144
336.9571, 24.06785
337.4392, 24.11357
337.9214, 24.16832
338.4035, 24.18303
338.8856, 24.15934
339.3677, 24.13835
339.8498, 24.14104
340.3319, 24.16445
340.8141, 24.19371
341.2962, 24.22321
341.7783, 24.28239
342.2604, 24.42147
342.7425, 24.59685
343.2246, 24.71279
343.7068, 24.75827
344.1889, 24.73334
344.6710, 24.53397
345.1531, 24.27870
345.6352, 24.18886
346.1173, 24.37413
346.5995, 24.61800
347.0816, 24.66656
347.5637, 24.52276
348.0458, 24.42522
348.5279, 24.45616
349.0100, 24.53387
349.4922, 24.62977
349.9743, 24.72184
350.4564, 24.72967
350.9385, 24.53204
351.4206, 24.25531
351.9027, 24.28793
352.3849, 24.79146
352.8670, 25.16403
353.3491, 25.10450
353.8312, 24.89016
354.3133, 24.70509
354.7954, 24.58643
355.2776, 24.50986
355.7597, 24.45810
356.2418, 24.43194
356.7239, 24.40792
357.2060, 24.41439
357.6881, 24.38393
358.1703, 24.24730
358.6524, 24.07850
359.1345, 23.98259
359.6166, 24.00249
360.0987, 24.08428
360.5808, 24.13198
361.0630, 24.13333
361.5451, 24.13333
362.0272, 24.13924
362.5093, 24.13979
362.9914, 24.13741
363.4735, 24.12514
363.9557, 24.08027
364.4378, 23.98108
364.9199, 23.85118
365.4020, 23.80784
365.8841, 23.94677
366.3662, 24.03545
366.8484, 24.01501
367.3305, 23.96551
367.8126, 23.95928
368.2947, 24.00332
368.7768, 24.04772
369.2589, 24.03418
369.7411, 23.95657
370.2232, 23.93350
370.7053, 24.05661
371.1874, 24.12494
371.6695, 24.02559
372.1516, 23.86218
372.6338, 23.78808
373.1159, 23.85966
373.5980, 23.99465
374.0801, 24.05861
374.5622, 24.01986
375.0443, 24.00309
375.5265, 24.07479
376.0086, 24.10397
376.4907, 23.96570
376.9728, 23.72201
377.4549, 23.54871
377.9370, 23.55342
378.4192, 23.67471
378.9013, 23.73053
379.3834, 23.70149
379.8655, 23.63990
380.3476, 23.46530
380.8297, 23.31484
381.3119, 23.35472
381.7940, 23.57290
382.2761, 23.77680
382.7582, 23.80028
383.2403, 23.66956
383.7224, 23.60917
384.2046, 23.70963
384.6867, 23.74835
385.1688, 23.59493
385.6509, 23.37170
386.1330, 23.26470
386.6151, 23.32074
387.0973, 23.42496
387.5794, 23.45870
388.0615, 23.41553
388.5436, 23.35149
389.0257, 23.22177
389.5078, 23.11722
389.9900, 23.08944
390.4721, 23.12304
390.9542, 23.19367
391.4363, 23.30322
391.9184, 23.39428
392.4005, 23.34730
392.8827, 23.14766
393.3648, 23.03176
393.8469, 23.07821
394.3290, 23.18081
394.8111, 23.29406
395.2932, 23.39738
395.7754, 23.39396
396.2575, 23.19073
396.7396, 22.90986
397.2217, 22.85381
397.7038, 23.05437
398.1859, 23.21035
398.6681, 23.18504
399.1502, 23.09783
399.6323, 23.11558
400.1144, 23.25151
400.5965, 23.36032
401.0786, 23.32002
401.5608, 23.18852
402.0429, 23.14701
402.5250, 23.20846
403.0071, 23.31849
403.4892, 23.50535
403.9713, 23.71237
404.4535, 23.83733
404.9356, 23.86113
405.4177, 23.80234
405.8998, 23.62790
406.3819, 23.38189
406.8640, 23.24048
407.3462, 23.28103
407.8283, 23.33126
408.3104, 23.26936
408.7925, 23.13330
409.2746, 23.02966
409.7567, 22.98774
410.2389, 22.98569
410.7210, 22.99734
411.2031, 23.02702
411.6852, 23.10529
412.1673, 23.29440
412.6494, 23.48469
413.1316, 23.60269
413.6137, 23.64840
414.0958, 23.60501
414.5779, 23.43107
415.0600, 23.23022
415.5421, 23.17403
416.0243, 23.24140
416.5064, 23.26666
416.9885, 23.15936
417.4706, 23.01990
417.9527, 22.96981
418.4348, 23.00281
418.9170, 22.99963
419.3991, 22.87469
419.8812, 22.71989
420.3633, 22.70768
420.8454, 22.84272
421.3275, 22.95682
421.8097, 22.97022
422.2918, 22.94097
422.7739, 22.94193
423.2560, 22.97858
423.7381, 23.03585
424.2202, 23.11801
424.7024, 23.20566
425.1845, 23.26143
425.6666, 23.28608
426.1487, 23.27961
426.6308, 23.22995
427.1129, 23.15348
427.5951, 23.06003
428.0772, 22.94828
428.5593, 22.88231
429.0414, 22.93429
429.5235, 23.05957
430.0056, 23.11703
430.4878, 23.08715
430.9699, 23.03408
431.4520, 22.98486
431.9341, 22.93486
432.4162, 22.86681
432.8983, 22.77418
433.3805, 22.69759
433.8626, 22.67609
434.3447, 22.70178
434.8268, 22.72619
435.3089, 22.73138
435.7910, 22.76080
436.2732, 22.89362
436.7553, 23.06006
437.2374, 23.08550
437.7195, 22.91235
438.2017, 22.70007
438.6838, 22.60679
439.1659, 22.62599
439.6480, 22.65838
440.1301, 22.72881
440.6122, 22.78146
441.0944, 22.76437
441.5765, 22.70702
442.0586, 22.69501
442.5407, 22.76444
443.0228, 22.82023
443.5049, 22.71070
443.9871, 22.43531
444.4692, 22.29675
444.9513, 22.42031
445.4334, 22.57779
445.9155, 22.63620
446.3976, 22.62141
446.8798, 22.61240
447.3619, 22.64081
447.8440, 22.66959
448.3261, 22.62833
448.8082, 22.49697
449.2903, 22.46589
449.7725, 22.65501
450.2546, 22.84083
450.7367, 22.86683
451.2188, 22.77682
451.7009, 22.70460
452.1830, 22.71086
452.6652, 22.74426
453.1473, 22.71622
453.6294, 22.60448
454.1115, 22.50249
454.5936, 22.38357
455.0757, 22.30025
455.5579, 22.31321
456.0400, 22.38981
456.5221, 22.44814
457.0042, 22.44903
457.4863, 22.39948
457.9684, 22.30332
458.4506, 22.10031
458.9327, 22.01440
459.4148, 22.14470
459.8969, 22.29984
460.3790, 22.38853
460.8611, 22.40364
461.3433, 22.33846
461.8254, 22.18347
462.3075, 22.00312
462.7896, 21.95089
463.2717, 22.11854
463.7538, 22.23091
464.2360, 22.26800
464.7181, 22.27292
465.2002, 22.25060
465.6823, 22.21795
466.1644, 22.20052
466.6465, 22.21245
467.1287, 22.25728
467.6108, 22.35707
468.0929, 22.63599
468.5750, 22.73001
469.0571, 22.52877
469.5392, 22.27322
470.0214, 22.06752
470.5035, 21.92493
470.9856, 21.83101
471.4677, 21.77711
471.9498, 21.76670
472.4319, 21.81671
472.9141, 21.96848
473.3962, 22.09030
473.8783, 22.20341
474.3604, 22.26310
474.8425, 22.21945
475.3246, 22.10257
475.8068, 21.97969
476.2889, 21.88870
476.7710, 21.82929
477.2531, 21.79901
477.7352, 21.79017
478.2173, 21.83345
478.6995, 22.06098
479.1816, 22.22730
479.6637, 22.13332
480.1458, 21.86895
480.6279, 21.67883
481.1100, 21.70898
481.5922, 21.87475
482.0743, 22.01899
482.5564, 22.15562
483.0385, 22.20122
483.5206, 22.01329
484.0027, 21.84753
484.4849, 21.92504
484.9670, 22.15877
485.4491, 22.28270
485.9312, 22.13238
486.4133, 21.85299
486.8954, 21.66506
487.3776, 21.57052
487.8597, 21.53979
488.3418, 21.60241
488.8239, 21.68494
489.3060, 21.72288
489.7881, 21.72636
490.2703, 21.73302
490.7524, 21.77411
491.2345, 21.80662
491.7166, 21.76185
492.1987, 21.64878
492.6808, 21.56782
493.1630, 21.56936
493.6451, 21.57718
494.1272, 21.45790
494.6093, 21.25171
495.0914, 21.15399
495.5735, 21.27526
496.0557, 21.46457
496.5378, 21.65369
497.0199, 21.81619
497.5020, 21.82510
497.9841, 21.60540
498.4662, 21.35279
498.9484, 21.33489
499.4305, 21.55415
499.9126, 21.69851
500.3947, 21.66151
500.8768, 21.63725
501.3589, 21.79307
501.8411, 22.03164
502.3232, 22.12834
502.8053, 22.00867
503.2874, 21.82376
503.7695, 21.76852
504.2516, 21.86564
504.7338, 21.87123
505.2159, 21.72819
505.6980, 21.57150
506.1801, 21.40403
506.6622, 21.26895
507.1443, 21.23979
507.6265, 21.32983
508.1086, 21.46379
508.5907, 21.55843
509.0728, 21.61601
509.5549, 21.60741
510.0370, 21.41115
510.5192, 21.29537
511.0013, 21.39417
511.4834, 21.55638
511.9655, 21.60488
512.4476, 21.51022
512.9297, 21.38658
513.4119, 21.35335
513.8940, 21.40702
514.3761, 21.46435
514.8582, 21.56029
515.3403, 21.60095
515.8224, 21.49206
516.3046, 21.37344
516.7867, 21.40326
517.2688, 21.58153
517.7509, 21.74145
518.2330, 21.72680
518.7151, 21.57870
519.1973, 21.48491
519.6794, 21.47022
520.1615, 21.43479
520.6436, 21.27824
521.1257, 21.12972
521.6078, 21.11419
522.0900, 21.22757
522.5721, 21.35004
523.0542, 21.43366
523.5363, 21.47263
524.0184, 21.43777
524.5005, 21.32626
524.9827, 21.22976
525.4648, 21.17198
525.9469, 21.16271
526.4290, 21.23447
526.9111, 21.38146
527.3932, 21.49586
527.8754, 21.55640
528.3575, 21.56307
528.8396, 21.46416
529.3217, 21.29930
529.8038, 21.24329
530.2859, 21.38473
530.7681, 21.58601
531.2502, 21.64855
531.7323, 21.54750
532.2144, 21.43462
532.6965, 21.26396
533.1786, 21.13089
533.6608, 21.08976
534.1429, 21.11950
534.6250, 21.20204
535.1071, 21.32672
535.5892, 21.43179
536.0714, 21.43380
536.5535, 21.32071
537.0356, 21.21898
537.5177, 21.10092
537.9998, 21.02663
538.4819, 21.04656
538.9641, 21.09880
539.4462, 21.11284
539.9283, 21.07516
540.4104, 21.02363
540.8925, 20.99376
541.3746, 20.98554
541.8568, 21.00208
542.3389, 21.06472
542.8210, 21.11411
543.3031, 21.12568
543.7852, 21.12642
544.2673, 21.14218
544.7495, 21.17230
545.2316, 21.19259
545.7137, 21.17498
546.1958, 21.13999
546.6779, 21.16028
547.1600, 21.25398
547.6422, 21.27232
548.1243, 21.09006
548.6064, 20.88447
549.0885, 20.87853
549.5706, 21.03866
550.0527, 21.11956
550.5349, 20.93156
551.0170, 20.70008
551.4991, 20.67378
551.9812, 20.81517
552.4633, 20.96097
552.9454, 21.06638
553.4276, 21.12327
553.9097, 21.10622
554.3918, 21.01090
554.8739, 20.94698
555.3560, 20.96398
555.8381, 20.96017
556.3203, 20.81787
556.8024, 20.65191
557.2845, 20.67470
557.7666, 20.92302
558.2487, 21.20532
558.7308, 21.32702
559.2130, 21.29095
559.6951, 21.21107
560.1772, 21.01783
560.6593, 20.86762
561.1414, 20.80616
561.6235, 20.77466
562.1057, 20.70994
562.5878, 20.61690
563.0699, 20.55536
563.5520, 20.57421
564.0341, 20.65541
564.5162, 20.73663
564.9984, 20.81790
565.4805, 20.89963
565.9626, 21.02250
566.4447, 21.10935
566.9268, 21.10016
567.4089, 21.01243
567.8911, 20.89972
568.3732, 20.76653
568.8553, 20.65290
569.3374, 20.61328
569.8195, 20.64373
570.3016, 20.73343
570.7838, 20.92108
571.2659, 21.05951
571.7480, 20.96205
572.2301, 20.69534
572.7122, 20.50015
573.1943, 20.37208
573.6765, 20.35821
574.1586, 20.60397
574.6407, 20.93003
575.1228, 21.03440
575.6049, 20.88153
576.0870, 20.68700
576.5692, 20.61592
577.0513, 20.64672
577.5334, 20.66636
578.0155, 20.69657
578.4976, 20.68383
578.9797, 20.53432
579.4619, 20.41805
579.9440, 20.51343
580.4261, 20.75279
580.9082, 20.93038
581.3903, 20.92640
581.8724, 20.79367
582.3546, 20.61191
582.8367, 20.33209
583.3188, 20.21441
583.8009, 20.45662
584.2831, 20.66529
584.7652, 20.60996
585.2473, 20.41928
585.7294, 20.31910
586.2115, 20.38669
586.6937, 20.49097
587.1758, 20.50331
587.6579, 20.44699
588.1400, 20.40064
588.6221, 20.36615
589.1042, 20.37820
589.5864, 20.49168
590.0685, 20.64864
590.5506, 20.71371
591.0327, 20.66632
591.5148, 20.61809
591.9969, 20.60163
592.4791, 20.60000
592.9612, 20.60919
593.4433, 20.61999
593.9254, 20.60336
594.4075, 20.54383
594.8896, 20.46017
595.3718, 20.38361
595.8539, 20.30289
596.3360, 20.27007
596.8181, 20.28167
597.3002, 20.33735
597.7823, 20.48464
598.2645, 20.65579
598.7466, 20.75930
599.2287, 20.77162
599.7108, 20.74752
600.1929, 20.75991
600.6750, 20.79654
601.1572, 20.70565
601.6393, 20.40244
602.1214, 20.18426
602.6035, 20.24552
603.0856, 20.38549
603.5677, 20.42675
604.0499, 20.36953
604.5320, 20.33694
605.0141, 20.39779
605.4962, 20.50653
605.9783, 20.63614
606.4604, 20.77277
606.9426, 20.84489
607.4247, 20.82730
607.9068, 20.74523
608.3889, 20.61091
608.8710, 20.42180
609.3531, 20.28964
609.8353, 20.23894
610.3174, 20.21225
610.7995, 20.19727
611.2816, 20.19338
611.7637, 20.20312
612.2458, 20.22512
612.7280, 20.25470
613.2101, 20.29145
613.6922, 20.32770
614.1743, 20.32552
614.6564, 20.26134
615.1385, 20.21334
615.6207, 20.17671
616.1028, 20.17345
616.5849, 20.25252
617.0670, 20.37347
617.5491, 20.43917
618.0313, 20.39834
618.5134, 20.31607
618.9955, 20.26514
619.4776, 20.23897
619.9597, 20.19340
620.4418, 20.10896
620.9240, 20.06476
621.4061, 20.14076
621.8882, 20.29537
622.3703, 20.38776
622.8524, 20.40000
623.3345, 20.40000
623.8167, 20.40502
624.2988, 20.40627
624.7809, 20.38800
625.2630, 20.35760
625.7451, 20.34472
626.2272, 20.36566
626.7094, 20.39629
627.1915, 20.38773
627.6736, 20.32694
628.1557, 20.27709
628.6378, 20.25322
629.1199, 20.22452
629.6021, 20.15766
630.0842, 20.09322
630.5663, 20.08970
631.0484, 20.15728
631.5305, 20.23396
632.0126, 20.27341
632.4948, 20.27977
632.9769, 20.25351
633.4590, 20.19031
633.9411, 20.14754
634.4232, 20.15477
634.9053, 20.18409
635.3875, 20.19882
635.8696, 20.20000
636.3517, 20.20000
636.8338, 20.19422
637.3159, 20.19452
637.7980, 20.22977
638.2802, 20.26830
638.7623, 20.23604
639.2444, 20.12602
639.7265, 20.03023
640.2086, 20.03786
640.6907, 20.13994
641.1729, 20.27198
641.6550, 20.50731
642.1371, 20.63880
642.6192, 20.60442
643.1013, 20.50380
643.5834, 20.37433
644.0656, 20.23360
644.5477, 20.09890
645.0298, 19.96427
645.5119, 19.87877
645.9940, 19.97403
646.4761, 20.19808
646.9583, 20.19796
647.4404, 19.86389
647.9225, 19.56533
648.4046, 19.59262
648.8867, 19.84392
649.3688, 19.97761
649.8510, 19.93827
650.3331, 19.92640
650.8152, 19.99167
651.2973, 20.09595
651.7794, 20.25245
652.2615, 20.41891
652.7437, 20.49166
653.2258, 20.42350
653.7079, 20.28462
654.1900, 20.17559
654.6721, 20.09326
655.1542, 20.07094
655.6364, 20.14994
656.1185, 20.22898
656.6006, 20.31066
657.0827, 20.35479
657.5648, 20.30446
658.0469, 20.15930
658.5291, 20.00029
659.0112, 19.81232
659.4933, 19.67769
659.9754, 19.79194
660.4575, 20.10034
660.9396, 20.25156
661.4218, 20.10792
661.9039, 19.88947
662.3860, 19.84912
662.8681, 19.99032
663.3502, 20.05918
663.8323, 20.01881
664.3145, 19.96450
664.7966, 19.87394
665.2787, 19.80837
665.7608, 19.85919
666.2429, 19.99748
666.7250, 20.08850
667.2072, 20.03618
667.6893, 19.91560
668.1714, 19.91153
668.6535, 20.04376
669.1356, 20.05124
669.6177, 19.80728
670.0999, 19.58857
670.5820, 19.64689
671.0641, 19.83513
671.5462, 19.89121
672.0283, 19.73648
672.5104, 19.62528
672.9926, 19.73341
673.4747, 19.90239
673.9568, 19.95163
674.4389, 19.89163
674.9210, 19.82659
675.4031, 19.80527
675.8853, 19.80505
676.3674, 19.78526
676.8495, 19.73462
677.3316, 19.73091
677.8137, 19.85991
678.2958, 19.92819
678.7780, 19.87722
679.2601, 19.75422
679.7422, 19.55614
680.2243, 19.31219
680.7064, 19.17308
681.1885, 19.29344
681.6707, 19.52688
682.1528, 19.64228
682.6349, 19.65279
683.1170, 19.67104
683.5991, 19.73167
684.0812, 19.78523
684.5634, 19.78226
685.0455, 19.72715
685.5276, 19.67191
686.0097, 19.57427
686.4918, 19.53452
686.9739, 19.63220
687.4561, 19.74314
687.9382, 19.76013
688.4203, 19.69726
688.9024, 19.62558
689.3845, 19.58162
689.8666, 19.55396
690.3488, 19.50959
690.8309, 19.44855
691.3130, 19.48231
691.7951, 19.66834
692.2772, 19.82051
692.7593, 19.80455
693.2415, 19.71027
693.7236, 19.68719
694.2057, 19.75109
694.6878, 19.79133
695.1699, 19.76435
695.6520, 19.71107
696.1342, 19.66310
696.6163, 19.61371
697.0984, 19.53345
697.5805, 19.41692
698.0626, 19.31232
698.5447, 19.27394
699.0269, 19.29760
699.5090, 19.33364
699.9911, 19.38696
700.4732, 19.44238
700.9553, 19.51581
701.4374, 19.57363
701.9196, 19.58173
702.4017, 19.55388
702.8838, 19.54178
703.3659, 19.58198
703.8480, 19.60686
704.3301, 19.54348
704.8123, 19.43183
705.2944, 19.33324
705.7765, 19.26217
706.2586, 19.27267
706.7407, 19.41898
707.2228, 19.61599
707.7050, 19.62917
708.1871, 19.33675
708.6692, 19.16369
709.1513, 19.14948
709.6334, 19.20450
710.1155, 19.35314
710.5977, 19.52678
711.0798, 19.65655
711.5619, 19.72319
712.0440, 19.70135
712.5261, 19.48388
713.0082, 19.20450
713.4904, 19.14792
713.9725, 19.28817
714.4546, 19.35643
714.9367, 19.25081
715.4188, 19.11464
715.9009, 19.11847
716.3831, 19.25964
716.8652, 19.32833
717.3473, 19.21774
717.8294, 19.18604
718.3115, 19.37222
718.7936, 19.56871
719.2758, 19.60095
719.7579, 19.49508
720.2400, 19.36629
720.7221, 19.26369
721.2042, 19.20735
721.6863, 19.25048
722.1685, 19.37089
722.6506, 19.46587
723.1327, 19.53394
723.6148, 19.49513
724.0969, 19.24156
724.5790, 18.91573
725.0612, 18.83845
725.5433, 19.08960
726.0254, 19.28282
726.5075, 19.40069
726.9896, 19.45591
727.4717, 19.39983
727.9539, 19.31128
728.4360, 19.31756
728.9181, 19.42876
729.4002, 19.50750
729.8823, 19.41007
730.3644, 19.21939
730.8466, 19.18024
731.3287, 19.29922
731.8108, 19.37234
732.2929, 19.33555
732.7750, 19.28092
733.2571, 19.29549
733.7393, 19.36378
734.2214, 19.39533
734.7035, 19.36039
735.1856, 19.33813
735.6677, 19.36094
736.1498, 19.38840
736.6320, 19.37883
737.1141, 19.34840
737.5962, 19.34719
738.0783, 19.39643
738.5604, 19.45045
739.0425, 19.44389
739.5247, 19.38476
740.0068, 19.33654
740.4889, 19.29978
740.9710, 19.27530
741.4531, 19.26667
741.9352, 19.26655
742.4174, 19.25891
742.8995, 19.24334
743.3816, 19.26068
743.8637, 19.36438
744.3458, 19.44084
744.8279, 19.43185
745.3101, 19.38280
745.7922, 19.32639
746.2743, 19.27969
746.7564, 19.28106
747.2385, 19.36925
747.7206, 19.46536
748.2028, 19.38370
748.6849, 19.13137
749.1670, 18.97207
749.6491, 18.94969
750.1312, 18.98110
750.6133, 19.04335
751.0955, 19.11191
751.5776, 19.12281
752.0597, 19.05969
752.5418, 19.01265
753.0239, 18.98287
753.5060, 18.98281
753.9882, 19.03454
754.4703, 19.11356
754.9524, 19.19983
755.4345, 19.28048
755.9166, 19.32174
756.3987, 19.28324
756.8809, 19.19473
757.3630, 19.13440
757.8451, 19.10211
758.3272, 19.06692
758.8093, 19.00855
759.2914, 18.98645
759.7736, 19.07524
760.2557, 19.24493
760.7378, 19.32638
761.2199, 19.27219
761.7020, 19.21962
762.1841, 19.19055
762.6663, 19.16209
763.1484, 19.10396
763.6305, 19.03929
764.1126, 19.01828
764.5947, 19.05702
765.0768, 19.11018
765.5590, 19.12951
766.0411, 19.12687
766.5232, 19.14480
767.0053, 19.18341
767.4874, 19.19696
767.9695, 19.16855
768.4517, 19.11084
768.9338, 19.02433
769.4159, 18.90993
769.8980, 18.86817
770.3801, 18.94294
770.8622, 19.02645
771.3444, 19.14491
771.8265, 19.23380
772.3086, 19.21500
772.7907, 19.12948
773.2728, 19.09370
773.7549, 19.16485
774.2371, 19.24352
774.7192, 19.22161
775.2013, 19.13735
775.6834, 19.06446
776.1655, 19.01166
776.6476, 19.00930
777.1298, 19.07942
777.6119, 19.16644
778.0940, 19.18360
778.5761, 19.12212
779.0582, 19.07301
779.5403, 19.05756
780.0225, 19.02448
780.5046, 18.93393
780.9867, 18.84672
781.4688, 18.81113
781.9510, 18.82439
782.4331, 18.85897
782.9152, 18.91396
783.3973, 18.96939
783.8795, 19.01303
784.3616, 19.04490
784.8437, 19.07312
785.3258, 19.09287
785.8079, 19.06580
786.2900, 18.96697
786.7722, 18.84974
787.2543, 18.81964
787.7364, 18.89220
788.2185, 18.92753
788.7006, 18.91621
789.1827, 18.88568
789.6649, 18.82175
790.1470, 18.76060
790.6291, 18.74231
791.1112, 18.76494
791.5933, 18.79308
792.0754, 18.82110
792.5576, 18.84922
793.0397, 18.89596
793.5218, 18.93162
794.0039, 18.90873
794.4860, 18.83517
794.9681, 18.75725
795.4503, 18.70044
795.9324, 18.67044
796.4145, 18.68892
796.8966, 18.75198
797.3787, 18.79943
797.8608, 18.83441
798.3430, 18.81326
798.8251, 18.67869
799.3072, 18.52030
799.7893, 18.49731
800.2714, 18.64518
800.7535, 18.72257
801.2357, 18.66009
801.7178, 18.61184
802.1999, 18.65541
802.6820, 18.71353
803.1641, 18.69440
803.6462, 18.61068
804.1284, 18.55577
804.6105, 18.58777
805.0926, 18.64395
805.5747, 18.64659
806.0568, 18.61619
806.5389, 18.60543
807.0211, 18.62030
807.5032, 18.65956
807.9853, 18.72999
808.4674, 18.79187
808.9495, 18.76056
809.4316, 18.60806
809.9138, 18.54140
810.3959, 18.59826
810.8780, 18.68496
811.3601, 18.82914
811.8422, 18.95135
812.3243, 18.97359
812.8065, 18.90449
813.2886, 18.81969
813.7707, 18.72930
814.2528, 18.64574
814.7349, 18.56030
815.2170, 18.49509
815.6992, 18.49168
816.1813, 18.53844
816.6634, 18.58354
817.1455, 18.60000
817.6276, 18.60000
818.1097, 18.59735
818.5919, 18.59308
819.0740, 18.60742
819.5561, 18.64788
820.0382, 18.66359
820.5203, 18.62761
821.0024, 18.56925
821.4846, 18.51568
821.9667, 18.46562
822.4488, 18.46485
822.9309, 18.61385
823.4130, 18.67212
823.8951, 18.50409
824.3773, 18.30857
824.8594, 18.24207
825.3415, 18.27898
825.8236, 18.31727
826.3057, 18.31568
826.7878, 18.31993
827.2700, 18.41453
827.7521, 18.51817
828.2342, 18.44107
828.7163, 18.22632
829.1984, 18.12906
829.6805, 18.24848
830.1627, 18.44217
830.6448, 18.54278
831.1269, 18.55460
831.6090, 18.52293
832.0911, 18.42555
832.5732, 18.35335
833.0554, 18.33333
833.5375, 18.33333
834.0196, 18.34117
834.5017, 18.34884
834.9838, 18.33124
835.4659, 18.27308
835.9481, 18.21974
836.4302, 18.14945
836.9123, 18.11907
837.3944, 18.22702
837.8765, 18.38261
838.3586, 18.41327
838.8408, 18.28051
839.3229, 18.12634
839.8050, 18.07080
840.2871, 18.07268
840.7692, 18.04444
841.2513, 17.99944
841.7335, 18.01545
842.2156, 18.11135
842.6977, 18.21912
843.1798, 18.28828
843.6619, 18.32200
844.1440, 18.32613
844.6262, 18.27848
845.1083, 18.26861
845.5904, 18.34583
846.0725, 18.39730
846.5546, 18.32662
847.0367, 18.22795
847.5189, 18.24451
848.0010, 18.39360
848.4831, 18.45900
848.9652, 18.28204
849.4473, 18.12276
849.9294, 18.15400
850.4116, 18.26107
850.8937, 18.30045
851.3758, 18.26262
851.8579, 18.21737
852.3400, 18.20513
852.8221, 18.20526
853.3043, 18.18665
853.7864, 18.15592
854.2685, 18.14213
854.7506, 18.14671
855.2327, 18.13365
855.7148, 18.08191
856.1970, 18.02607
856.6791, 18.02843
857.1612, 18.09670
857.6433, 18.05465
858.1254, 17.78973
858.6075, 17.62706
859.0897, 17.70356
859.5718, 17.84586
860.0539, 17.94692
860.5360, 18.01128
861.0181, 18.06259
861.5002, 18.11255
861.9824, 18.13250
862.4645, 18.09955
862.9466, 18.04521
863.4287, 17.96844
863.9108, 17.89741
864.3929, 17.89001
864.8751, 17.95850
865.3572, 18.03638
865.8393, 18.06255
866.3214, 18.06067
866.8035, 18.07398
867.2856, 18.10009
867.7678, 18.14032
868.2499, 18.19458
868.7320, 18.20157
869.2141, 18.10428
869.6962, 17.94791
870.1783, 17.87564
870.6605, 17.91454
871.1426, 17.92653
871.6247, 17.87477
872.1068, 17.85552
872.5889, 17.95201
873.0710, 18.07940
873.5532, 18.12667
874.0353, 18.09226
874.5174, 18.01810
874.9995, 17.83346
875.4816, 17.70566
875.9637, 17.72619
876.4459, 17.80368
876.9280, 17.86654
877.4101, 17.90516
877.8922, 17.93080
878.3743, 17.95074
878.8564, 17.94686
879.3386, 17.86403
879.8207, 17.76666
880.3028, 17.78085
880.7849, 17.88534
881.2670, 17.97686
881.7491, 18.01740
882.2313, 18.01132
882.7134, 17.95321
883.1955, 17.85819
883.6776, 17.80563
884.1597, 17.80000
884.6418, 17.79887
885.1240, 17.79355
885.6061, 17.79629
886.0882, 17.82508
886.5703, 17.86313
887.0524, 17.85904
887.5345, 17.78038
888.0167, 17.73895
888.4988, 17.74835
888.9809, 17.77755
889.4630, 17.84034
889.9451, 17.90189
890.4272, 17.91974
890.9094, 17.89531
891.3915, 17.87230
891.8736, 17.87256
892.3557, 17.87150
892.8378, 17.82465
893.3199, 17.78773
893.8021, 17.86427
894.2842, 18.01459
894.7663, 18.09547
895.2484, 18.04184
895.7305, 17.92858
896.2126, 17.80961
896.6948, 17.70672
897.1769, 17.69759
897.6590, 17.77374
898.1411, 17.84765
898.6232, 17.89432
899.1053, 17.92186
899.5875, 17.93718
900.0696, 17.94021
900.5517, 17.93231
901.0338, 17.91697
901.5159, 17.87209
901.9980, 17.75936
902.4802, 17.68158
902.9623, 17.70446
903.4444, 17.79043
903.9265, 17.89349
904.4086, 18.03325
904.8907, 18.06834
905.3729, 17.83927
905.8550, 17.69338
906.3371, 17.83322
906.8192, 18.03287
907.3013, 18.08710
907.7834, 18.00377
908.2656, 17.88019
908.7477, 17.71979
909.2298, 17.62104
909.7119, 17.71587
910.1940, 17.86112
910.6761, 17.87688
911.1583, 17.80072
911.6404, 17.76978
912.1225, 17.82293
912.6046, 17.86002
913.0867, 17.75816
913.5688, 17.59691
914.0510, 17.58340
914.5331, 17.69598
915.0152, 17.78153
915.4973, 17.81277
915.9794, 17.80149
916.4615, 17.74615
916.9437, 17.68063
917.4258, 17.69477
917.9079, 17.81530
918.3900, 17.85061
918.8721, 17.75429
919.3542, 17.68641
919.8364, 17.73368
920.3185, 17.79812
920.8006, 17.75366
921.2827, 17.60841
921.7648, 17.53762
922.2469, 17.57134
922.7291, 17.63543
923.2112, 17.76815
923.6933, 17.88196
924.1754, 17.91637
924.6575, 17.89653
925.1396, 17.86582
925.6218, 17.83227
926.1039, 17.80728
926.5860, 17.81717
927.0681, 17.81635
927.5502, 17.74382
928.0323, 17.65285
928.5145, 17.62827
928.9966, 17.67082
929.4787, 17.71873
929.9608, 17.73866
930.4429, 17.73833
930.9250, 17.71810
931.4072, 17.68757
931.8893, 17.66472
932.3714, 17.65328
932.8535, 17.67479
933.3356, 17.73734
933.8177, 17.78508
934.2999, 17.73939
934.7820, 17.63156
935.2641, 17.63486
935.7462, 17.76242
936.2283, 17.84108
936.7104, 17.83117
937.1926, 17.80796
937.6747, 17.82274
938.1568, 17.85595
938.6389, 17.85765
939.1210, 17.80973
939.6031, 17.80215
940.0853, 17.88627
940.5674, 17.93301
941.0495, 17.86939
941.5316, 17.77973
942.0137, 17.73276
942.4958, 17.72553
942.9780, 17.73211
943.4601, 17.73062
943.9422, 17.77201
944.4243, 17.94275
944.9064, 18.08430
945.3885, 18.07446
945.8707, 17.97216
946.3528, 17.87222
946.8349, 17.79746
947.3170, 17.74756
947.7991, 17.75549
948.2813, 17.75449
948.7634, 17.64606
949.2455, 17.51924
949.7276, 17.53716
950.2097, 17.67509
950.6918, 17.75656
951.1740, 17.68327
951.6561, 17.57291
952.1382, 17.54148
952.6203, 17.58350
953.1024, 17.73410
953.5845, 17.95732
954.0667, 18.08590
954.5488, 18.07033
955.0309, 17.97788
955.5130, 17.85636
955.9951, 17.73026
956.4772, 17.67837
956.9594, 17.70081
957.4415, 17.72964
957.9236, 17.75852
958.4057, 17.78840
958.8878, 17.82153
959.3699, 17.85135
959.8521, 17.86667
960.3342, 17.86667
960.8163, 17.86486
961.2984, 17.85166
961.7805, 17.86551
962.2626, 17.97434
962.7448, 18.02981
963.2269, 17.84536
963.7090, 17.52091
964.1911, 17.42113
964.6732, 17.69018
965.1553, 17.84324
965.6375, 17.77237
966.1196, 17.69352
966.6017, 17.69344
967.0838, 17.72225
967.5659, 17.71947
968.0480, 17.68591
968.5302, 17.66937
969.0123, 17.69714
969.4944, 17.72380
969.9765, 17.72672
970.4586, 17.72709
970.9407, 17.75855
971.4229, 17.79644
971.9050, 17.77578
972.3871, 17.68095
972.8692, 17.61438
973.3513, 17.67029
973.8334, 17.75683
974.3156, 17.79849
974.7977, 17.80659
975.2798, 17.78921
975.7619, 17.75741
976.2440, 17.73894
976.7261, 17.74852
977.2083, 17.77830
977.6904, 17.84424
978.1725, 17.91337
978.6546, 17.89806
979.1367, 17.81598
979.6189, 17.74057
980.1010, 17.69697
980.5831, 17.72089
981.0652, 17.86285
981.5474, 18.05182
982.0295, 18.09495
982.5116, 18.00642
982.9937, 17.94496
983.4758, 17.92666
983.9579, 17.93745
984.4401, 17.97828
984.9222, 18.00527
985.4043, 17.94356
985.8864, 17.80316
986.3685, 17.74945
986.8506, 17.80066
987.3328, 17.85401
987.8149, 17.89459
988.2970, 17.92422
988.7791, 17.95130
989.2612, 17.96084
989.7433, 17.90412
990.2255, 17.73679
990.7076, 17.67583
991.1897, 17.78111
991.6718, 17.89262
992.1539, 17.99011
992.6360, 18.05271
993.1182, 18.04379
993.6003, 17.97674
994.0824, 17.93463
994.5645, 17.92547
995.0466, 17.92973
995.5287, 17.97396
996.0109, 18.00016
996.4930, 17.97448
996.9751, 17.91912
997.4572, 17.85834
997.9393, 17.79525
998.4214, 17.74286
998.9036, 17.69643
999.3857, 17.67158
999.8678, 17.68358
1000.350, 17.71078
1000.832, 17.74395
1001.314, 17.77607
1001.796, 17.79222
1002.278, 17.78638
1002.760, 17.79385
1003.243, 17.85549
1003.725, 17.91195
1004.207, 17.90331
1004.689, 17.87392
1005.171, 17.89472
1005.653, 17.95605
1006.135, 17.98658
1006.617, 17.94869
1007.100, 17.89208
1007.582, 17.86271
1008.064, 17.83523
1008.546, 17.74575
1009.028, 17.64104
1009.510, 17.63558
1009.992, 17.74636
1010.474, 17.88946
1010.956, 18.02875
1011.439, 18.11748
1011.921, 18.03752
1012.403, 17.87933
1012.885, 17.85691
1013.367, 17.95679
1013.849, 18.02863
1014.331, 18.01490
1014.813, 17.99898
1015.296, 18.09725
1015.778, 18.23351
1016.260, 18.19566
1016.742, 18.02230
1017.224, 17.88508
1017.706, 17.81385
1018.188, 17.81168
1018.670, 17.88681
1019.152, 17.97444
1019.635, 17.94871
1020.117, 17.83524
1020.599, 17.83731
1021.081, 17.95262
1021.563, 18.04586
1022.045, 18.08523
1022.527, 18.07537
1023.009, 18.01350
1023.492, 17.92224
1023.974, 17.85242
1024.456, 17.80258
1024.938, 17.82397
1025.420, 17.93800
1025.902, 17.97619
1026.384, 17.85693
1026.866, 17.71688
1027.348, 17.70032
1027.831, 17.78791
1028.313, 17.87854
1028.795, 17.97823
1029.277, 18.05638
1029.759, 18.11805
1030.241, 18.13155
1030.723, 18.05919
1031.205, 17.96742
1031.688, 17.95970
1032.170, 18.03760
1032.652, 18.05706
1033.134, 17.97852
1033.616, 17.94292
1034.098, 18.00143
1034.580, 18.05389
1035.062, 18.02739
1035.544, 17.96081
1036.026, 17.93439
1036.509, 17.95116
1036.991, 17.99715
1037.473, 18.13832
1037.955, 18.19893
1038.437, 18.08014
1038.919, 17.93156
1039.401, 17.86667
1039.883, 17.86667
1040.366, 17.86667
1040.848, 17.86667
1041.330, 17.86667
1041.812, 17.88153
1042.294, 17.87777
1042.776, 17.79026
1043.258, 17.72035
1043.740, 17.81135
1044.223, 18.02952
1044.705, 18.12763
1045.187, 17.98220
1045.669, 17.88568
1046.151, 17.86744
1046.633, 17.89809
1047.115, 18.03015
1047.597, 18.16523
1048.079, 18.15175
1048.562, 17.98628
1049.044, 17.87860
1049.526, 17.89974
1050.008, 17.92572
1050.490, 17.93279
1050.972, 17.93333
1051.454, 17.91486
1051.936, 17.90368
1052.418, 17.95846
1052.901, 18.09488
1053.383, 18.18526
1053.865, 18.16226
1054.347, 18.13797
1054.829, 18.16774
1055.311, 18.19754
1055.793, 18.18043
1056.275, 18.12691
1056.758, 18.06029
1057.240, 17.97300
1057.722, 17.93631
1058.204, 18.00400
1058.686, 18.08918
1059.168, 18.18513
1059.650, 18.25178
1060.132, 18.24034
1060.615, 18.16315
1061.097, 18.06886
1061.579, 17.94489
1062.061, 17.87779
1062.543, 17.93860
1063.025, 18.02258
1063.507, 18.08966
1063.989, 18.12776
1064.471, 18.10327
1064.953, 18.03184
1065.436, 18.00817
1065.918, 18.09421
1066.400, 18.17441
1066.882, 18.20377
1067.364, 18.20595
1067.846, 18.20304
1068.328, 18.18254
1068.810, 18.08894
1069.293, 17.93135
1069.775, 17.87374
1070.257, 18.09236
1070.739, 18.27864
1071.221, 18.24371
1071.703, 18.16178
1072.185, 18.19043
1072.667, 18.28000
1073.150, 18.31393
1073.632, 18.26763
1074.114, 18.21347
1074.596, 18.15339
1075.078, 18.12963
1075.560, 18.18505
1076.042, 18.26988
1076.524, 18.37153
1077.006, 18.45474
1077.489, 18.42939
1077.971, 18.25714
1078.453, 18.15119
1078.935, 18.28734
1079.417, 18.42368
1079.899, 18.39176
1080.381, 18.30725
1080.863, 18.31176
1081.346, 18.37881
1081.828, 18.38123
1082.310, 18.26511
1082.792, 18.16172
1083.274, 18.12277
1083.756, 18.12244
1084.238, 18.15433
1084.720, 18.20877
1085.203, 18.30525
1085.685, 18.41785
1086.167, 18.44721
1086.649, 18.32181
1087.131, 18.22337
1087.613, 18.24615
1088.095, 18.30137
1088.577, 18.34756
1089.059, 18.38056
1089.542, 18.41303
1090.024, 18.43653
1090.506, 18.39716
1090.988, 18.20602
1091.470, 18.08732
1091.952, 18.19204
1092.434, 18.33228
1092.916, 18.39711
1093.398, 18.40706
1093.881, 18.38637
1094.363, 18.34569
1094.845, 18.33421
1095.327, 18.37576
1095.809, 18.43764
1096.291, 18.54988
1096.773, 18.63750
1097.255, 18.64487
1097.738, 18.59541
1098.220, 18.50690
1098.702, 18.38527
1099.184, 18.33764
1099.666, 18.45923
1100.148, 18.56667
1100.630, 18.59124
1101.112, 18.59366
1101.594, 18.62890
1102.077, 18.66875
1102.559, 18.64091
1103.041, 18.52572
1103.523, 18.47149
1104.005, 18.55439
1104.487, 18.63732
1104.969, 18.69493
1105.451, 18.72620
1105.933, 18.71783
1106.416, 18.68672
1106.898, 18.67294
1107.380, 18.69047
1107.862, 18.67311
1108.344, 18.53364
1108.826, 18.46588
1109.308, 18.58438
1109.790, 18.73335
1110.273, 18.81950
1110.755, 18.83978
1111.237, 18.77707
1111.719, 18.56695
1112.201, 18.47130
1112.683, 18.58782
1113.165, 18.69825
1113.647, 18.75669
1114.130, 18.78721
1114.612, 18.81606
1115.094, 18.83117
1115.576, 18.78525
1116.058, 18.63108
1116.540, 18.54634
1117.022, 18.58054
1117.504, 18.59707
1117.986, 18.51661
1118.469, 18.45918
1118.951, 18.56365
1119.433, 18.77388
1119.915, 18.85381
1120.397, 18.73761
1120.879, 18.67846
1121.361, 18.69941
1121.843, 18.72440
1122.325, 18.72750
1122.808, 18.72877
1123.290, 18.75196
1123.772, 18.78819
1124.254, 18.78645
1124.736, 18.72229
1125.218, 18.75361
1125.700, 18.92781
1126.182, 19.03135
1126.665, 18.97265
1127.147, 18.85622
1127.629, 18.78797
1128.111, 18.75825
1128.593, 18.71835
1129.075, 18.66344
1129.557, 18.69035
1130.039, 18.81700
1130.521, 18.89948
1131.004, 18.87558
1131.486, 18.82033
1131.968, 18.81320
1132.450, 18.84293
1132.932, 18.87801
1133.414, 18.91612
1133.896, 18.92100
1134.378, 18.89130
1134.860, 18.87561
1135.343, 18.89401
1135.825, 18.92045
1136.307, 18.92106
1136.789, 18.91581
1137.271, 18.97022
1137.753, 19.06476
1138.235, 19.12060
1138.717, 19.13333
1139.200, 19.12788
1139.682, 19.11556
1140.164, 19.12413
1140.646, 19.20361
1141.128, 19.29852
1141.610, 19.28326
1142.092, 19.21683
1142.574, 19.24719
1143.057, 19.36060
1143.539, 19.44242
1144.021, 19.44813
1144.503, 19.41549
1144.985, 19.35460
1145.467, 19.29430
1145.949, 19.27909
1146.431, 19.27955
1146.913, 19.24171
1147.396, 19.17886
1147.878, 19.12576
1148.360, 19.09390
1148.842, 19.16016
1149.324, 19.51667
1149.806, 19.83114
1150.288, 19.79222
1150.770, 19.62586
1151.252, 19.58830
1151.735, 19.64749
1152.217, 19.62600
1152.699, 19.45878
1153.181, 19.39892
1153.663, 19.69872
1154.145, 19.93921
1154.627, 19.88009
1155.109, 19.71145
1155.592, 19.53843
1156.074, 19.41066
1156.556, 19.44686
1157.038, 19.72684
1157.520, 19.85781
1158.002, 19.63647
1158.484, 19.44935
1158.966, 19.39914
1159.448, 19.42657
1159.931, 19.51280
1160.413, 19.63602
1160.895, 19.75286
1161.377, 19.88197
1161.859, 19.92374
1162.341, 19.80066
1162.823, 19.74356
1163.305, 19.83184
1163.787, 19.94880
1164.270, 20.02199
1164.752, 20.05663
1165.234, 20.06613
1165.716, 20.05234
1166.198, 19.98005
1166.680, 19.81832
1167.162, 19.76990
1167.644, 19.90865
1168.127, 20.02301
1168.609, 19.94960
1169.091, 19.79110
1169.573, 19.75077
1170.055, 19.82389
1170.537, 19.98653
1171.019, 20.22803
1171.501, 20.34119
1171.984, 20.28525
1172.466, 20.22791
1172.948, 20.28250
1173.430, 20.37117
1173.912, 20.36999
1174.394, 20.30953
1174.876, 20.23591
1175.358, 20.17777
1175.840, 20.25831
1176.323, 20.46708
1176.805, 20.61566
1177.287, 20.59456
1177.769, 20.50630
1178.251, 20.42644
1178.733, 20.36433
1179.215, 20.31981
1179.697, 20.30665
1180.179, 20.38543
1180.662, 20.52463
1181.144, 20.56869
1181.626, 20.42627
1182.108, 20.29832
1182.590, 20.28947
1183.072, 20.34826
1183.554, 20.47602
1184.036, 20.62506
1184.519, 20.75402
1185.001, 20.85569
1185.483, 20.92820
1185.965, 20.96250
1186.447, 20.99253
1186.929, 21.01531
1187.411, 21.04733
1187.893, 21.12949
1188.375, 21.19434
1188.858, 21.17556
1189.340, 21.08884
1189.822, 20.97790
1190.304, 20.78938
1190.786, 20.74420
1191.268, 20.89219
1191.750, 21.07735
1192.232, 21.28969
1192.714, 21.46457
1193.197, 21.55488
1193.679, 21.56553
1194.161, 21.47652
1194.643, 21.27134
1195.125, 21.25175
1195.607, 21.43134
1196.089, 21.54818
1196.571, 21.53237
1197.054, 21.52802
1197.536, 21.63898
1198.018, 21.81915
1198.500, 22.03112
1198.982, 22.23685
1199.464, 22.30108
1199.946, 22.24229
1200.428, 22.10308
1200.911, 21.92002
1201.393, 21.84341
1201.875, 21.97787
1202.357, 22.14532
1202.839, 22.12011
1203.321, 22.05751
1203.803, 22.21203
1204.285, 22.43516
1204.767, 22.42376
1205.250, 22.21177
1205.732, 22.10657
1206.214, 22.24641
1206.696, 22.41622
1207.178, 22.55814
1207.660, 22.64405
1208.142, 22.57794
1208.624, 22.51032
1209.106, 22.65470
1209.589, 22.93542
1210.071, 23.03919
1210.553, 22.82855
1211.035, 22.73603
1211.517, 22.89644
1211.999, 23.02699
1212.481, 23.01013
1212.963, 23.02189
1213.446, 23.24291
1213.928, 23.55117
1214.410, 23.61717
1214.892, 23.39826
1215.374, 23.28635
1215.856, 23.29670
1216.338, 23.32221
1216.820, 23.33810
1217.302, 23.37496
1217.785, 23.45008
1218.267, 23.56974
1218.749, 23.79542
1219.231, 24.07347
1219.713, 24.14707
1220.195, 24.05242
1220.677, 23.91499
1221.159, 23.78068
1221.641, 23.77048
1222.124, 23.95767
1222.606, 24.14683
1223.088, 24.06553
1223.570, 23.94167
1224.052, 24.13368
1224.534, 24.41685
1225.016, 24.34941
1225.498, 24.04607
1225.981, 24.04705
1226.463, 24.57662
1226.945, 24.94047
1227.427, 24.56748
1227.909, 24.29160
1228.391, 24.69196
1228.873, 25.17216
1229.355, 25.14510
1229.838, 24.82285
1230.320, 24.77644
1230.802, 25.09785
1231.284, 25.38366
1231.766, 25.70185
1232.248, 25.82580
1232.730, 25.58937
1233.212, 25.43903
1233.694, 25.69299
1234.177, 26.06913
1234.659, 26.06618
1235.141, 25.73339
1235.623, 25.65505
1236.105, 25.83026
1236.587, 26.08108
1237.069, 26.37472
1237.551, 26.51559
1238.033, 26.40524
1238.516, 26.28417
1238.998, 26.45949
1239.480, 26.77112
1239.962, 26.93975
1240.444, 27.01348
1240.926, 27.08135
1241.408, 27.14850
1241.890, 27.16159
1242.373, 27.11236
1242.855, 27.16975
1243.337, 27.55549
1243.819, 27.93128
1244.301, 28.06600
1244.783, 28.13479
1245.265, 28.29452
1245.747, 28.48713
1246.229, 28.59893
1246.712, 28.61614
1247.194, 28.60162
1247.676, 28.39820
1248.158, 28.43647
1248.640, 28.89934
1249.122, 29.36004
1249.604, 29.66122
1250.086, 29.84056
1250.568, 29.91285
1251.051, 29.91440
1251.533, 30.07373
1252.015, 30.40177
1252.497, 30.64150
1252.979, 30.77510
1253.461, 30.83809
1253.943, 30.84251
1254.425, 30.85398
1254.908, 30.92774
1255.390, 31.04896
1255.872, 31.20201
1256.354, 31.38038
1256.836, 31.61706
1257.318, 31.85576
1257.800, 31.88936
1258.282, 31.74265
1258.765, 31.82316
1259.247, 32.47134
1259.729, 33.04380
1260.211, 33.14407
1260.693, 33.09569
1261.175, 32.97194
1261.657, 32.91679
1262.139, 33.14053
1262.621, 33.59423
1263.104, 33.95097
1263.586, 34.22935
1264.068, 34.31301
1264.550, 34.08414
1265.032, 33.90834
1265.514, 33.87083
1265.996, 33.93984
1266.478, 34.09562
1266.960, 34.33213
1267.443, 34.70360
1267.925, 35.17806
1268.407, 35.28813
1268.889, 35.08252
1269.371, 34.99261
1269.853, 35.09316
1270.335, 35.21614
1270.817, 35.26493
1271.300, 35.34138
1271.782, 35.59908
1272.264, 35.90387
##END=



