##NAMES=Leningradite
##RRUFFID=R070053
##IDEAL CHEMISTRY=Pb^2+^Cu^2+^_3_(V^5+^O_4_)_2_Cl_2_
##LOCALITY=main fracture, N breakthrough, Tolbachik Volcano, Kamchatka Peninsula, Russia
##OWNER=RRUFF
##SOURCE=Michael Scott
##DESCRIPTION=Dark reddish-brown fragment in epoxy
##STATUS=The identification of this mineral is not yet confirmed.
##URL=rruff.info/R070053
175.2523, 0.0000000E+00
175.7344, 0.2080080
176.2165, 9.521484
176.6986, 18.71094
177.1807, 16.42139
177.6628, 8.882324
178.1450, 6.340332
178.6271, 9.933105
179.1092, 16.17822
179.5913, 24.00830
180.0734, 32.16748
180.5555, 36.15723
181.0377, 28.75928
181.5198, 14.94971
182.0019, 6.610352
182.4840, 3.304199
182.9661, 6.180664
183.4482, 22.37988
183.9303, 50.55225
184.4125, 70.04004
184.8946, 57.17041
185.3767, 20.80518
185.8588, 1.753906
186.3409, 1.129883
186.8230, 17.54199
187.3052, 19.69238
187.7873, 6.985352
188.2694, 5.538086
188.7515, 2.239258
189.2336, 15.14209
189.7157, 29.24316
190.1979, 35.05859
190.6800, 34.73486
191.1621, 33.88867
191.6442, 32.00098
192.1263, 32.27295
192.6084, 40.54932
193.0906, 56.68164
193.5727, 68.86621
194.0548, 71.31592
194.5369, 65.65723
195.0190, 65.55029
195.5011, 73.21436
195.9833, 80.00684
196.4654, 68.48535
196.9475, 36.13477
197.4296, 13.50439
197.9117, 16.73779
198.3938, 45.75098
198.8760, 75.15430
199.3581, 108.6953
199.8402, 136.3545
200.3223, 135.7808
200.8044, 102.0015
201.2865, 65.68506
201.7686, 39.18896
202.2508, 22.40430
202.7329, 20.38330
203.2150, 38.95898
203.6971, 67.37988
204.1792, 77.95312
204.6613, 65.91406
205.1435, 51.83594
205.6256, 47.91406
206.1077, 55.66699
206.5898, 65.01562
207.0719, 76.86133
207.5540, 89.18066
208.0362, 92.40039
208.5183, 81.88867
209.0004, 73.08203
209.4825, 79.67383
209.9646, 107.0996
210.4467, 126.5596
210.9289, 133.3369
211.4110, 128.7998
211.8931, 121.4082
212.3752, 109.8867
212.8573, 97.77539
213.3394, 88.21484
213.8216, 82.21973
214.3037, 75.43848
214.7858, 64.95801
215.2679, 51.39258
215.7500, 50.18750
216.2321, 68.59277
216.7143, 89.34375
217.1964, 91.02539
217.6785, 59.33887
218.1606, 44.58398
218.6427, 65.46777
219.1248, 124.5186
219.6069, 157.3027
220.0891, 153.4531
220.5712, 133.8750
221.0533, 123.8369
221.5354, 127.1816
222.0175, 132.4297
222.4996, 138.9404
222.9818, 149.2207
223.4639, 143.3447
223.9460, 111.7588
224.4281, 71.70508
224.9102, 48.11719
225.3923, 46.28809
225.8745, 51.67188
226.3566, 60.47363
226.8387, 74.05664
227.3208, 87.04199
227.8029, 100.9805
228.2850, 113.4854
228.7672, 119.5420
229.2493, 117.6963
229.7314, 111.9561
230.2135, 103.0654
230.6956, 89.09668
231.1777, 77.52930
231.6599, 69.14160
232.1420, 62.85156
232.6241, 55.32324
233.1062, 40.87598
233.5883, 32.74316
234.0704, 37.98535
234.5526, 65.87695
235.0347, 85.47168
235.5168, 95.20801
235.9989, 96.92090
236.4810, 95.31250
236.9631, 87.72266
237.4453, 80.42090
237.9274, 77.04883
238.4095, 81.43164
238.8916, 80.57227
239.3737, 69.77148
239.8558, 53.63379
240.3380, 49.80762
240.8201, 66.01758
241.3022, 84.15918
241.7843, 94.95605
242.2664, 96.77734
242.7485, 94.27246
243.2307, 85.21680
243.7128, 71.79883
244.1949, 64.19141
244.6770, 65.52051
245.1591, 68.52344
245.6412, 68.14160
246.1234, 59.57129
246.6055, 58.25781
247.0876, 69.65918
247.5697, 90.47949
248.0518, 98.95703
248.5339, 87.03906
249.0161, 73.69238
249.4982, 73.60840
249.9803, 93.04102
250.4624, 106.1816
250.9445, 106.7178
251.4266, 97.37695
251.9088, 98.54980
252.3909, 117.8145
252.8730, 137.6650
253.3551, 144.8809
253.8372, 135.6836
254.3193, 122.3799
254.8014, 103.5039
255.2836, 80.58887
255.7657, 66.71484
256.2478, 62.35156
256.7299, 66.44531
257.2120, 82.21875
257.6942, 122.2520
258.1763, 141.6758
258.6584, 125.4629
259.1405, 78.42578
259.6226, 55.83789
260.1047, 66.95898
260.5869, 88.92090
261.0690, 104.8740
261.5511, 110.4775
262.0332, 111.0068
262.5153, 108.7490
262.9974, 103.5742
263.4795, 90.79980
263.9616, 61.72949
264.4438, 39.56445
264.9259, 51.64258
265.4080, 114.7578
265.8901, 155.1211
266.3722, 153.1650
266.8543, 113.3164
267.3365, 81.58203
267.8186, 58.03613
268.3007, 42.46680
268.7828, 35.32910
269.2649, 37.39160
269.7470, 47.57910
270.2292, 68.93359
270.7113, 97.35449
271.1934, 102.3262
271.6755, 77.29199
272.1576, 44.49805
272.6397, 21.75879
273.1219, 8.721680
273.6040, 9.669922
274.0861, 30.80566
274.5682, 68.36719
275.0503, 91.52051
275.5324, 99.52930
276.0146, 96.03125
276.4967, 77.86523
276.9788, 41.57910
277.4609, 21.62207
277.9430, 27.31934
278.4251, 55.80859
278.9073, 97.27051
279.3894, 158.2100
279.8715, 206.2744
280.3536, 196.8594
280.8357, 127.6680
281.3178, 77.22070
281.8000, 69.07715
282.2821, 92.08594
282.7642, 101.7764
283.2463, 96.71289
283.7284, 85.45312
284.2105, 71.45020
284.6927, 55.24512
285.1748, 50.31348
285.6569, 64.43848
286.1390, 90.30273
286.6211, 104.9639
287.1032, 107.9336
287.5854, 104.2451
288.0675, 93.60156
288.5496, 77.78613
289.0317, 72.31055
289.5138, 86.57324
289.9959, 109.7979
290.4781, 113.4541
290.9602, 97.08887
291.4423, 75.74316
291.9244, 58.32422
292.4065, 45.65918
292.8886, 42.15332
293.3708, 51.64648
293.8529, 68.38477
294.3350, 85.53320
294.8171, 103.0273
295.2992, 112.1738
295.7813, 100.8662
296.2635, 75.66406
296.7456, 54.91699
297.2277, 43.41602
297.7098, 37.56152
298.1919, 29.92871
298.6740, 21.40918
299.1561, 20.04883
299.6382, 44.20117
300.1204, 78.51953
300.6025, 89.62402
301.0846, 59.14453
301.5667, 19.39844
302.0488, 9.717773
302.5309, 26.16211
303.0131, 46.28223
303.4952, 57.24414
303.9773, 62.06250
304.4594, 65.51855
304.9415, 71.75879
305.4236, 71.64160
305.9058, 45.06055
306.3879, 1.012695
306.8700, 26.58984
307.3521, 0.4433590
307.8342, 46.70996
308.3163, 73.04102
308.7985, 65.18652
309.2806, 51.52734
309.7627, 56.30762
310.2448, 72.10547
310.7269, 78.71777
311.2090, 50.81348
311.6912, 17.73340
312.1733, 5.387695
312.6554, 26.26660
313.1375, 47.99902
313.6196, 51.38574
314.1017, 45.44434
314.5839, 42.36133
315.0660, 50.95898
315.5481, 62.37012
316.0302, 72.95508
316.5123, 86.85254
316.9944, 86.34570
317.4766, 46.56934
317.9587, 9.940430
318.4408, 44.38281
318.9229, 29.12988
319.4050, 1.856445
319.8871, 23.86719
320.3693, 48.67676
320.8514, 64.27832
321.3335, 61.67480
321.8156, 50.53223
322.2977, 44.11426
322.7798, 48.46973
323.2620, 54.57910
323.7441, 60.19141
324.2262, 65.36328
324.7083, 69.39062
325.1904, 80.57324
325.6725, 87.63672
326.1547, 78.14453
326.6368, 14.89551
327.1189, 27.84277
327.6010, 26.37793
328.0831, 26.45020
328.5652, 60.88965
329.0474, 67.68164
329.5295, 61.73633
330.0116, 56.43555
330.4937, 52.48730
330.9758, 48.12109
331.4579, 43.40918
331.9401, 38.33789
332.4221, 30.87012
332.9043, 19.48145
333.3864, 7.555664
333.8685, 0.9824220
334.3506, 6.679688
334.8327, 6.125977
335.3148, 5.265625
335.7970, 23.93945
336.2791, 27.74609
336.7612, 8.016602
337.2433, 9.351563
337.7254, 1.981445
338.2076, 37.18750
338.6897, 64.59863
339.1718, 73.58789
339.6539, 68.51465
340.1360, 62.01465
340.6181, 53.64648
341.1003, 45.82227
341.5824, 40.86914
342.0645, 38.25586
342.5466, 34.60742
343.0287, 29.14258
343.5108, 29.17871
343.9930, 58.88770
344.4751, 118.6777
344.9572, 164.0205
345.4393, 165.0059
345.9214, 129.3633
346.4035, 88.61230
346.8857, 40.57617
347.3678, 2.142578
347.8499, 6.640625
348.3320, 46.16016
348.8141, 78.53223
349.2962, 78.76562
349.7784, 58.91992
350.2605, 39.71777
350.7426, 20.92676
351.2247, 11.62793
351.7068, 33.47070
352.1889, 72.15430
352.6711, 94.78223
353.1532, 74.80566
353.6353, 39.33105
354.1174, 18.36328
354.5995, 12.64746
355.0816, 12.66406
355.5638, 14.15137
356.0459, 16.51074
356.5280, 18.65234
357.0101, 15.25586
357.4922, 16.00000
357.9743, 33.75488
358.4565, 64.90137
358.9386, 86.19043
359.4207, 77.35156
359.9028, 57.74219
360.3849, 42.52539
360.8670, 31.25098
361.3492, 30.44629
361.8313, 52.86523
362.3134, 89.62793
362.7955, 112.9395
363.2776, 101.1709
363.7597, 83.39355
364.2419, 76.45801
364.7240, 93.88965
365.2061, 99.89355
365.6882, 75.17285
366.1703, 34.77344
366.6524, 8.944336
367.1346, 8.025391
367.6166, 15.36816
368.0988, 27.28027
368.5809, 46.48633
369.0630, 62.65332
369.5451, 84.34961
370.0272, 99.11816
370.5093, 87.19824
370.9915, 15.04883
371.4736, 31.37891
371.9557, 22.18652
372.4378, 47.54297
372.9199, 86.99414
373.4020, 85.18652
373.8842, 68.06934
374.3663, 60.90234
374.8484, 67.53809
375.3305, 70.29004
375.8126, 62.87109
376.2947, 46.99316
376.7769, 43.36621
377.2590, 55.84375
377.7411, 67.46973
378.2232, 63.69629
378.7053, 44.32422
379.1874, 32.11426
379.6696, 32.33203
380.1517, 38.12988
380.6338, 32.49316
381.1159, 15.71777
381.5980, 6.031250
382.0801, 22.07617
382.5623, 54.90625
383.0444, 75.73340
383.5265, 81.04980
384.0086, 77.51367
384.4907, 68.97168
384.9728, 55.95801
385.4550, 46.73340
385.9371, 47.82227
386.4192, 53.32422
386.9013, 58.04688
387.3834, 61.75879
387.8655, 62.01367
388.3477, 55.77832
388.8298, 44.89648
389.3119, 32.10254
389.7940, 6.210938
390.2761, 11.58105
390.7582, 2.9297000E-02
391.2404, 37.16895
391.7225, 69.07227
392.2046, 80.06934
392.6867, 79.47168
393.1688, 75.58398
393.6509, 69.05762
394.1331, 60.07520
394.6152, 45.16699
395.0973, 26.63281
395.5794, 14.46582
396.0615, 8.919922
396.5436, 11.03516
397.0258, 24.98047
397.5079, 68.29883
397.9900, 86.86426
398.4721, 43.95312
398.9542, 17.53516
399.4363, 30.10254
399.9185, 53.94727
400.4006, 126.8027
400.8827, 161.6191
401.3648, 154.9746
401.8469, 136.8320
402.3290, 98.55078
402.8111, 58.21875
403.2932, 34.94824
403.7754, 33.96875
404.2575, 34.49316
404.7396, 31.23047
405.2217, 25.56445
405.7038, 28.35059
406.1859, 42.03418
406.6681, 54.54785
407.1502, 53.92285
407.6323, 40.64648
408.1144, 38.10254
408.5965, 53.71875
409.0786, 72.79590
409.5608, 60.92383
410.0429, 21.09375
410.5250, 10.44238
411.0071, 7.156250
411.4892, 18.73633
411.9713, 36.43750
412.4535, 43.77930
412.9356, 48.77734
413.4177, 64.81348
413.8998, 85.11816
414.3819, 94.00488
414.8640, 71.01074
415.3462, 42.99805
415.8283, 39.24609
416.3104, 57.84375
416.7925, 72.29102
417.2746, 62.93945
417.7567, 43.30859
418.2389, 26.14844
418.7210, 10.73828
419.2031, 4.017578
419.6852, 11.33594
420.1673, 30.13477
420.6494, 52.46289
421.1316, 86.21191
421.6137, 115.2432
422.0958, 131.7715
422.5779, 133.6465
423.0600, 127.1221
423.5421, 106.6289
424.0243, 79.78418
424.5064, 57.45801
424.9885, 33.75000
425.4706, 22.12695
425.9527, 31.07227
426.4348, 62.89062
426.9170, 75.40820
427.3991, 54.29590
427.8812, 31.75391
428.3633, 40.39355
428.8454, 95.86230
429.3275, 122.6924
429.8097, 106.3477
430.2918, 62.27832
430.7739, 35.26758
431.2560, 27.26953
431.7381, 25.16992
432.2202, 18.83594
432.7024, 10.51562
433.1845, 16.32324
433.6666, 39.18652
434.1487, 70.27148
434.6308, 109.0723
435.1129, 149.9834
435.5951, 164.2861
436.0772, 114.3682
436.5593, 39.93164
437.0414, 6.954102
437.5235, 14.66602
438.0056, 32.90234
438.4877, 42.48633
438.9698, 46.75098
439.4520, 50.08105
439.9341, 56.32617
440.4162, 60.91895
440.8983, 57.06250
441.3804, 46.28613
441.8625, 35.02930
442.3447, 14.11523
442.8268, 3.977539
443.3089, 23.54199
443.7910, 93.22656
444.2731, 137.5205
444.7552, 115.8555
445.2374, 66.27051
445.7195, 39.81445
446.2016, 68.18750
446.6837, 92.18164
447.1658, 100.9756
447.6479, 94.25000
448.1301, 77.75781
448.6122, 41.64453
449.0943, 9.507813
449.5764, 0.5087890
450.0585, 24.89062
450.5406, 41.93262
451.0228, 45.60449
451.5049, 42.16699
451.9870, 44.72168
452.4691, 53.61035
452.9512, 64.02637
453.4333, 74.77246
453.9155, 85.46289
454.3976, 91.96484
454.8797, 94.52051
455.3618, 91.00586
455.8439, 73.04102
456.3260, 45.41406
456.8082, 24.34863
457.2903, 19.14453
457.7724, 25.35840
458.2545, 33.14160
458.7366, 42.03516
459.2188, 49.25879
459.7009, 56.53125
460.1830, 59.60352
460.6651, 50.58691
461.1472, 21.26855
461.6293, 1.877930
462.1115, 0.4091800
462.5936, 19.09375
463.0757, 37.95898
463.5578, 57.45312
464.0399, 70.49121
464.5220, 71.79492
465.0042, 59.80859
465.4863, 50.59277
465.9684, 51.73730
466.4505, 53.61035
466.9326, 47.98438
467.4147, 17.85645
467.8969, 5.449219
468.3790, 22.18164
468.8611, 59.69531
469.3432, 82.15332
469.8253, 82.13672
470.3074, 77.65137
470.7896, 76.33594
471.2717, 78.49902
471.7538, 80.99902
472.2359, 85.15820
472.7180, 86.96680
473.2001, 77.38477
473.6822, 57.07227
474.1643, 45.73926
474.6465, 53.42090
475.1286, 70.87891
475.6107, 73.03711
476.0928, 61.57520
476.5749, 57.02344
477.0570, 82.40918
477.5392, 122.4824
478.0213, 152.7266
478.5034, 169.0225
478.9855, 175.6367
479.4676, 159.2012
479.9497, 137.3242
480.4319, 142.2988
480.9140, 249.1416
481.3961, 334.4443
481.8782, 311.6846
482.3603, 179.8662
482.8424, 73.33789
483.3246, 47.64746
483.8067, 53.11719
484.2888, 55.81738
484.7709, 44.89453
485.2530, 39.69434
485.7351, 42.84961
486.2173, 51.83789
486.6994, 61.86328
487.1815, 77.00879
487.6636, 86.31152
488.1457, 85.55762
488.6278, 74.37793
489.1100, 55.92773
489.5921, 24.43750
490.0742, 1.184570
490.5563, 4.573242
491.0384, 41.85449
491.5205, 69.88184
492.0027, 77.66895
492.4848, 75.13672
492.9669, 87.51172
493.4490, 112.1475
493.9311, 123.2324
494.4132, 88.36621
494.8954, 35.09277
495.3775, 16.51172
495.8596, 38.36523
496.3417, 58.78516
496.8238, 40.24414
497.3059, 3.674805
497.7881, 21.60059
498.2702, 23.31348
498.7523, 13.23438
499.2344, 6.062500
499.7165, 33.51660
500.1986, 63.41016
500.6808, 109.5986
501.1629, 146.3750
501.6450, 159.3496
502.1271, 138.4844
502.6092, 114.5283
503.0913, 80.25098
503.5735, 48.22559
504.0556, 34.03711
504.5377, 44.39844
505.0198, 59.38086
505.5019, 76.91113
505.9840, 96.24609
506.4662, 115.6250
506.9483, 138.6777
507.4304, 145.3691
507.9125, 109.6016
508.3946, 36.88672
508.8767, 2.301758
509.3588, 0.3261720
509.8409, 22.37891
510.3231, 39.68066
510.8052, 52.55078
511.2873, 63.03223
511.7694, 77.08301
512.2515, 85.37207
512.7336, 67.43262
513.2158, 28.70117
513.6979, 4.359375
514.1800, 26.52441
514.6621, 65.23340
515.1442, 97.05566
515.6263, 117.3428
516.1085, 132.4707
516.5906, 147.9785
517.0727, 158.6670
517.5548, 157.1230
518.0369, 129.5508
518.5190, 103.2080
519.0012, 83.67383
519.4833, 70.22559
519.9654, 56.24707
520.4475, 38.22266
520.9296, 24.86035
521.4117, 22.67578
521.8939, 34.55176
522.3760, 44.36914
522.8581, 51.56543
523.3402, 56.47168
523.8223, 61.66895
524.3044, 66.72461
524.7866, 62.26172
525.2687, 39.72559
525.7508, 8.508789
526.2329, 13.12793
526.7150, 25.33594
527.1971, 29.11133
527.6793, 22.67578
528.1614, 9.125000
528.6435, 9.811523
529.1256, 35.67578
529.6077, 56.75586
530.0898, 65.13672
530.5720, 63.99609
531.0541, 57.92969
531.5362, 29.23145
532.0183, 16.39746
532.5004, 43.23926
532.9825, 102.7744
533.4647, 138.5381
533.9468, 128.0410
534.4289, 109.1260
534.9110, 97.93066
535.3931, 98.31738
535.8752, 94.51465
536.3574, 82.28223
536.8395, 70.90039
537.3216, 76.44922
537.8037, 102.5654
538.2858, 121.0762
538.7679, 124.4277
539.2501, 115.9189
539.7322, 97.50000
540.2143, 70.09180
540.6964, 54.05469
541.1785, 81.17969
541.6606, 124.8545
542.1428, 128.3008
542.6249, 82.81641
543.1070, 35.93359
543.5891, 30.36328
544.0712, 45.50293
544.5533, 53.42285
545.0355, 30.50488
545.5176, 13.21777
545.9997, 23.74121
546.4818, 53.58691
546.9639, 73.23340
547.4460, 69.87598
547.9282, 60.48633
548.4103, 51.89062
548.8924, 44.27246
549.3745, 36.79590
549.8566, 26.45020
550.3387, 19.55664
550.8209, 26.30371
551.3030, 53.68457
551.7851, 59.39453
552.2672, 28.54688
552.7493, 16.68750
553.2314, 22.08984
553.7136, 11.86230
554.1957, 46.25586
554.6778, 56.86230
555.1599, 55.28125
555.6420, 71.37305
556.1241, 106.0166
556.6063, 130.7246
557.0884, 113.9971
557.5705, 78.61328
558.0526, 49.99512
558.5347, 36.05957
559.0168, 28.76758
559.4990, 28.20605
559.9811, 31.15820
560.4632, 32.16211
560.9453, 18.87988
561.4274, 14.68359
561.9095, 32.98633
562.3916, 71.64062
562.8737, 95.20898
563.3558, 98.25195
563.8380, 93.80762
564.3201, 88.80371
564.8022, 85.49414
565.2843, 69.12891
565.7664, 31.99512
566.2485, 2.424805
566.7307, 5.398438
567.2128, 51.94043
567.6949, 86.37207
568.1770, 88.96094
568.6591, 75.05371
569.1412, 68.78027
569.6234, 68.63965
570.1055, 67.26172
570.5876, 54.99707
571.0697, 42.73828
571.5518, 42.25391
572.0339, 56.27930
572.5161, 69.34961
572.9982, 76.31445
573.4803, 77.95117
573.9624, 75.25293
574.4445, 66.54785
574.9266, 55.47656
575.4088, 35.26855
575.8909, 14.18457
576.3730, 10.83398
576.8551, 34.74805
577.3372, 58.02832
577.8193, 71.96387
578.3015, 77.56348
578.7836, 87.67676
579.2657, 103.8027
579.7478, 115.9238
580.2299, 114.1201
580.7120, 101.0508
581.1942, 84.95410
581.6763, 64.28320
582.1584, 52.71582
582.6405, 78.35254
583.1226, 122.6357
583.6047, 148.9648
584.0869, 135.7900
584.5690, 106.6484
585.0511, 64.83496
585.5332, 17.60547
586.0153, 11.93066
586.4974, 3.982422
586.9796, 11.89551
587.4617, 26.39746
587.9438, 41.66504
588.4259, 40.35840
588.9080, 6.325195
589.3901, 28.06152
589.8723, 36.14355
590.3544, 11.77344
590.8365, 16.29785
591.3186, 49.17676
591.8007, 79.23730
592.2828, 92.27637
592.7650, 88.71191
593.2471, 75.68164
593.7292, 49.08691
594.2113, 19.36816
594.6934, 0.9863280
595.1755, 5.380859
595.6577, 4.947266
596.1398, 61.24121
596.6219, 120.4512
597.1040, 135.9775
597.5861, 93.03809
598.0682, 56.74609
598.5504, 61.45020
599.0325, 80.56250
599.5146, 88.60840
599.9967, 57.93262
600.4788, 47.45312
600.9609, 72.30078
601.4431, 116.7285
601.9252, 141.7471
602.4073, 143.5967
602.8894, 137.1133
603.3715, 124.7910
603.8536, 108.0020
604.3358, 96.44824
604.8179, 90.50000
605.3000, 84.01074
605.7821, 68.54980
606.2642, 49.48828
606.7463, 40.88281
607.2285, 45.83496
607.7106, 51.50293
608.1927, 39.31055
608.6748, 23.56445
609.1569, 23.85449
609.6390, 73.52246
610.1212, 110.9170
610.6033, 100.3154
611.0854, 59.65332
611.5675, 39.14160
612.0496, 67.12695
612.5317, 88.03906
613.0139, 85.24121
613.4960, 59.08105
613.9781, 30.64453
614.4602, 8.246094
614.9423, 29.22949
615.4244, 2.235352
615.9066, 82.39941
616.3887, 128.3613
616.8708, 131.7920
617.3529, 110.7490
617.8350, 70.45508
618.3171, 21.99805
618.7993, 5.687500
619.2814, 9.015625
619.7635, 30.02539
620.2456, 20.95410
620.7277, 5.257813
621.2098, 15.54297
621.6920, 15.96582
622.1741, 53.50488
622.6562, 86.93066
623.1383, 115.7656
623.6204, 128.2793
624.1025, 113.5537
624.5847, 94.19727
625.0668, 79.63184
625.5489, 67.58496
626.0310, 73.04688
626.5131, 101.7764
626.9952, 134.8555
627.4774, 147.8145
627.9595, 142.8398
628.4416, 139.1758
628.9237, 145.6885
629.4058, 147.2021
629.8879, 110.8857
630.3701, 51.81738
630.8522, 11.40820
631.3343, 25.73730
631.8164, 52.30566
632.2985, 59.36230
632.7806, 49.01758
633.2627, 54.25293
633.7448, 117.4258
634.2269, 170.8486
634.7090, 174.7305
635.1912, 109.6016
635.6733, 63.38965
636.1554, 36.04883
636.6375, 28.23730
637.1196, 52.04395
637.6017, 112.4395
638.0839, 136.9746
638.5660, 107.4775
639.0481, 55.48047
639.5302, 24.46191
640.0123, 13.71289
640.4944, 19.02344
640.9766, 51.70312
641.4587, 88.89160
641.9408, 108.8770
642.4229, 114.0293
642.9050, 115.0801
643.3871, 108.3682
643.8693, 105.3740
644.3514, 114.9766
644.8335, 139.6279
645.3156, 162.4482
645.7977, 196.2275
646.2798, 215.1475
646.7620, 194.8457
647.2441, 114.5898
647.7262, 70.91895
648.2083, 77.25391
648.6904, 106.9795
649.1725, 126.5078
649.6547, 137.0273
650.1368, 150.6943
650.6189, 173.4482
651.1010, 196.4307
651.5831, 208.7744
652.0652, 211.7061
652.5474, 208.7783
653.0295, 199.1934
653.5116, 186.4893
653.9937, 168.8145
654.4758, 147.1699
654.9579, 134.4062
655.4401, 143.8994
655.9222, 153.7334
656.4043, 152.8770
656.8864, 137.6504
657.3685, 128.1152
657.8506, 124.6240
658.3328, 126.4980
658.8149, 134.2627
659.2970, 148.2637
659.7791, 166.1182
660.2612, 191.6777
660.7433, 208.2363
661.2255, 175.7744
661.7076, 115.2520
662.1897, 80.06934
662.6718, 111.3271
663.1539, 152.9131
663.6360, 167.4580
664.1182, 161.4951
664.6003, 154.0381
665.0824, 150.5518
665.5645, 147.0352
666.0466, 140.1680
666.5287, 130.0107
667.0109, 129.1123
667.4930, 146.9824
667.9751, 157.5400
668.4572, 135.7373
668.9393, 79.36914
669.4214, 65.87109
669.9036, 101.7227
670.3857, 149.3154
670.8678, 172.1650
671.3499, 176.2041
671.8320, 175.0508
672.3141, 167.8232
672.7963, 165.3223
673.2784, 190.3271
673.7605, 223.8916
674.2426, 238.4756
674.7247, 220.6973
675.2068, 187.4297
675.6890, 126.8711
676.1711, 53.48828
676.6532, 10.45410
677.1353, 8.990234
677.6174, 17.44434
678.0995, 29.69727
678.5817, 44.34668
679.0638, 45.50391
679.5459, 32.17480
680.0280, 26.22266
680.5101, 56.31055
680.9922, 102.1475
681.4744, 112.4023
681.9565, 83.28809
682.4386, 54.18359
682.9207, 59.89551
683.4028, 77.99902
683.8849, 85.16016
684.3671, 69.81934
684.8492, 59.86719
685.3313, 69.17285
685.8134, 84.50879
686.2955, 89.86328
686.7776, 81.32422
687.2598, 70.44629
687.7419, 56.91699
688.2240, 43.27441
688.7061, 30.57031
689.1882, 18.67578
689.6703, 26.72852
690.1525, 78.04004
690.6346, 140.0107
691.1167, 146.9795
691.5988, 110.2959
692.0809, 80.15039
692.5630, 96.16406
693.0452, 121.3965
693.5273, 124.8359
694.0094, 104.8340
694.4915, 99.60938
694.9736, 144.8350
695.4557, 184.4170
695.9379, 185.8271
696.4200, 134.4150
696.9021, 104.1025
697.3842, 100.0879
697.8663, 106.6885
698.3484, 110.7793
698.8306, 112.2871
699.3127, 111.1055
699.7948, 108.3779
700.2769, 98.36914
700.7590, 62.19922
701.2411, 15.65625
701.7233, 10.43652
702.2054, 8.045898
702.6874, 31.57617
703.1696, 40.82227
703.6517, 40.99902
704.1338, 43.31152
704.6159, 48.81250
705.0980, 58.70312
705.5801, 81.06250
706.0623, 108.2969
706.5444, 98.75781
707.0265, 41.68359
707.5086, 1.806641
707.9907, 8.265625
708.4728, 54.72656
708.9550, 70.27539
709.4371, 56.29883
709.9192, 42.24219
710.4013, 55.03125
710.8834, 75.78320
711.3655, 83.34570
711.8477, 74.74609
712.3298, 63.39062
712.8119, 53.82422
713.2940, 43.90430
713.7761, 31.57812
714.2582, 13.64258
714.7404, 0.4511720
715.2225, 6.494141
715.7046, 10.57422
716.1867, 18.98438
716.6688, 32.28711
717.1509, 23.11133
717.6331, 23.13672
718.1152, 77.49219
718.5973, 97.91602
719.0794, 93.22070
719.5615, 84.07812
720.0436, 66.08398
720.5258, 60.04297
721.0079, 100.2617
721.4900, 162.7715
721.9721, 187.2305
722.4542, 117.9238
722.9363, 55.82227
723.4185, 25.67578
723.9006, 23.33398
724.3827, 25.06055
724.8648, 32.83203
725.3469, 39.58203
725.8290, 38.99414
726.3112, 31.54297
726.7933, 27.45312
727.2754, 29.00391
727.7575, 34.92773
728.2396, 48.24414
728.7217, 61.68750
729.2039, 72.06641
729.6860, 78.74609
730.1681, 85.65234
730.6502, 96.40430
731.1323, 106.5117
731.6144, 114.2773
732.0966, 128.2480
732.5787, 114.2207
733.0608, 55.82617
733.5429, 3.351563
734.0250, 7.343750
734.5071, 44.00000
734.9893, 80.91602
735.4714, 92.42773
735.9535, 91.54297
736.4356, 91.29297
736.9177, 90.94922
737.3998, 88.72656
737.8820, 80.01953
738.3641, 75.27539
738.8462, 84.31445
739.3283, 100.3594
739.8104, 110.7949
740.2925, 112.3066
740.7747, 109.4199
741.2568, 103.1152
741.7389, 92.76953
742.2210, 71.00391
742.7031, 33.93945
743.1852, 15.94141
743.6674, 40.45508
744.1495, 87.08398
744.6316, 110.4961
745.1137, 112.8398
745.5958, 102.8789
746.0779, 66.86914
746.5601, 35.28125
747.0422, 37.08008
747.5243, 71.40039
748.0064, 97.87305
748.4885, 105.8613
748.9706, 104.0117
749.4528, 93.07227
749.9349, 71.54688
750.4170, 61.20508
750.8991, 65.72461
751.3812, 69.45703
751.8633, 56.31445
752.3455, 31.71680
752.8276, 17.45703
753.3097, 15.31250
753.7918, 18.70703
754.2739, 25.71680
754.7560, 33.47852
755.2382, 38.24414
755.7203, 38.28125
756.2024, 38.95117
756.6845, 40.41406
757.1666, 44.20898
757.6487, 51.02734
758.1309, 59.00781
758.6130, 78.24805
759.0951, 117.5391
759.5772, 154.0137
760.0593, 147.6230
760.5414, 105.5918
761.0236, 76.43359
761.5057, 75.45898
761.9878, 81.29492
762.4699, 72.36328
762.9520, 53.65430
763.4341, 33.90625
763.9163, 6.972656
764.3984, 10.06250
764.8805, 6.845703
765.3626, 9.265625
765.8447, 22.72852
766.3268, 36.29297
766.8090, 39.62109
767.2911, 25.90039
767.7732, 3.988281
768.2553, 1.699219
768.7374, 7.736328
769.2195, 20.02734
769.7017, 33.05469
770.1838, 43.32617
770.6659, 42.21680
771.1480, 33.66211
771.6301, 32.40625
772.1122, 67.42969
772.5944, 89.33398
773.0764, 59.68359
773.5585, 14.71289
774.0406, 40.74219
774.5228, 5.742188
775.0049, 51.16992
775.4870, 56.44727
775.9691, 30.99805
776.4512, 46.89453
776.9333, 102.6133
777.4155, 142.9453
777.8976, 104.7832
778.3797, 41.66797
778.8618, 25.22266
779.3439, 58.24609
779.8260, 89.24219
780.3082, 102.8105
780.7903, 102.4688
781.2724, 87.20898
781.7545, 55.02930
782.2366, 22.03125
782.7188, 19.53711
783.2009, 46.72656
783.6830, 30.66406
784.1651, 21.47070
784.6472, 35.86328
785.1293, 5.078125
785.6115, 21.60547
786.0936, 18.89453
786.5757, 80.14258
787.0578, 98.38477
787.5399, 50.05859
788.0220, 18.73047
788.5042, 67.36523
788.9863, 123.4902
789.4684, 122.8926
789.9505, 23.29883
790.4326, 28.28320
790.9147, 19.14062
791.3969, 13.75195
791.8790, 30.76758
792.3611, 35.69336
792.8432, 47.04688
793.3253, 70.02344
793.8074, 89.87695
794.2896, 85.93750
794.7717, 72.50977
795.2538, 69.41211
795.7359, 94.48828
796.2180, 107.7520
796.7001, 80.45703
797.1823, 46.50000
797.6644, 48.60547
798.1465, 103.9805
798.6286, 134.7754
799.1107, 129.1816
799.5928, 103.3379
800.0750, 67.94336
800.5571, 31.37305
801.0392, 30.22070
801.5213, 94.03711
802.0034, 153.9688
802.4855, 145.6777
802.9677, 99.10547
803.4498, 59.88672
803.9319, 36.47852
804.4140, 27.52930
804.8961, 40.69336
805.3782, 63.06641
805.8604, 70.23828
806.3425, 59.35352
806.8246, 52.75586
807.3067, 55.41211
807.7888, 64.63477
808.2709, 80.44141
808.7531, 99.40625
809.2352, 111.8242
809.7173, 111.4609
810.1994, 105.9980
810.6815, 99.62695
811.1636, 91.27344
811.6458, 77.91211
812.1279, 34.68164
812.6100, 24.09961
813.0921, 70.44922
813.5742, 145.8105
814.0563, 181.9102
814.5385, 178.3125
815.0206, 169.9414
815.5027, 170.3242
815.9848, 169.5469
816.4669, 148.7500
816.9490, 115.1992
817.4312, 87.62695
817.9133, 73.21875
818.3954, 66.70508
818.8775, 64.29883
819.3596, 68.61523
819.8417, 87.72070
820.3239, 131.0371
820.8060, 167.8730
821.2881, 189.2598
821.7702, 200.7500
822.2523, 221.1934
822.7344, 248.2383
823.2166, 257.0605
823.6987, 226.7695
824.1808, 181.1328
824.6629, 133.0020
825.1450, 87.72266
825.6271, 60.97266
826.1093, 76.63867
826.5914, 89.91992
827.0735, 86.44141
827.5556, 72.69727
828.0377, 70.75000
828.5198, 83.08398
829.0020, 93.95117
829.4841, 98.60742
829.9662, 96.34375
830.4483, 89.65234
830.9304, 79.04883
831.4125, 64.95312
831.8947, 45.57422
832.3768, 29.53516
832.8589, 9.644531
833.3410, 8.800781
833.8231, 5.419922
834.3052, 26.79297
834.7874, 71.84766
835.2695, 137.3125
835.7516, 206.8477
836.2337, 225.7734
836.7158, 195.8516
837.1979, 159.0996
837.6801, 130.3965
838.1622, 106.8281
838.6443, 81.43555
839.1264, 58.11719
839.6085, 47.01953
840.0906, 74.29883
840.5728, 87.88867
841.0549, 59.28320
841.5370, 9.816406
842.0191, 6.466797
842.5012, 16.49414
842.9833, 36.06055
843.4655, 37.04883
843.9475, 31.32227
844.4296, 39.29688
844.9117, 55.77734
845.3939, 62.63281
845.8760, 39.49609
846.3581, 15.86523
846.8402, 1.087891
847.3223, 0.2187500
847.8044, 27.18555
848.2866, 127.0742
848.7687, 180.5605
849.2508, 150.1328
849.7329, 74.20508
850.2150, 52.87109
850.6971, 83.60352
851.1793, 117.5020
851.6614, 143.1602
852.1435, 156.7617
852.6256, 143.0039
853.1077, 114.8984
853.5898, 99.14258
854.0720, 127.2832
854.5541, 143.9688
855.0362, 118.7422
855.5183, 75.83398
856.0004, 62.08008
856.4825, 85.19727
856.9647, 109.4062
857.4468, 130.1875
857.9289, 143.9492
858.4110, 136.2520
858.8931, 117.3262
859.3752, 114.5605
859.8574, 144.9375
860.3395, 180.0332
860.8216, 217.4297
861.3037, 246.7598
861.7858, 248.3418
862.2679, 198.6133
862.7501, 165.5762
863.2322, 150.0898
863.7143, 160.2051
864.1964, 233.9707
864.6785, 354.7676
865.1606, 411.4551
865.6428, 365.9160
866.1249, 301.3047
866.6070, 291.1406
867.0891, 309.9727
867.5712, 326.3457
868.0533, 339.4531
868.5355, 336.6875
869.0176, 293.1758
869.4997, 256.7148
869.9818, 296.8672
870.4639, 423.8066
870.9460, 460.7012
871.4282, 379.1152
871.9103, 276.0293
872.3924, 264.4980
872.8745, 298.0977
873.3566, 307.3652
873.8387, 275.6152
874.3209, 233.0781
874.8030, 175.1602
875.2851, 122.6934
875.7672, 92.79883
876.2493, 92.91602
876.7314, 84.22461
877.2136, 63.15234
877.6957, 46.11133
878.1778, 52.14258
878.6599, 72.78516
879.1420, 91.85938
879.6241, 108.0742
880.1063, 109.5957
880.5884, 65.86328
881.0705, 22.35547
881.5526, 19.62109
882.0347, 71.13672
882.5168, 83.65234
882.9990, 35.79102
883.4811, 5.548828
883.9632, 11.62109
884.4453, 72.52539
884.9274, 87.87891
885.4095, 60.71289
885.8917, 28.39258
886.3738, 7.972656
886.8559, 20.61719
887.3380, 37.44531
887.8201, 158.7012
888.3022, 221.3926
888.7844, 171.3594
889.2665, 116.5859
889.7486, 93.00195
890.2307, 95.01562
890.7128, 86.56836
891.1949, 66.15820
891.6771, 58.75391
892.1592, 95.30078
892.6413, 135.4531
893.1234, 125.7832
893.6055, 82.76172
894.0876, 53.88086
894.5698, 65.93945
895.0519, 79.24219
895.5340, 82.88867
896.0161, 82.19141
896.4982, 94.89453
896.9803, 123.1445
897.4625, 131.3301
897.9446, 103.7148
898.4267, 63.83008
898.9088, 40.02930
899.3909, 27.87891
899.8730, 17.85156
900.3552, 3.154297
900.8373, 2.972656
901.3194, 14.75000
901.8015, 36.72656
902.2836, 37.00195
902.7657, 8.476563
903.2479, 4.314453
903.7300, 5.080078
904.2121, 26.53711
904.6942, 62.52539
905.1763, 97.74805
905.6584, 94.89844
906.1406, 34.08789
906.6227, 8.746094
907.1048, 24.10742
907.5869, 73.90430
908.0690, 89.63867
908.5511, 55.99414
909.0333, 52.81445
909.5154, 89.92188
909.9975, 121.9590
910.4796, 102.7207
910.9617, 51.20508
911.4438, 4.775391
911.9260, 32.95312
912.4081, 50.08594
912.8902, 22.77930
913.3723, 12.53906
913.8544, 33.72852
914.3365, 40.25781
914.8186, 54.06055
915.3007, 76.63281
915.7828, 102.9160
916.2650, 138.5918
916.7471, 172.2012
917.2292, 161.9492
917.7113, 116.8457
918.1934, 79.03711
918.6755, 74.34570
919.1577, 80.10547
919.6398, 89.10547
920.1219, 98.75977
920.6040, 102.0176
921.0861, 100.1660
921.5682, 86.57227
922.0504, 53.02344
922.5325, 16.92188
923.0146, 18.97266
923.4967, 48.83398
923.9788, 70.25391
924.4609, 68.71680
924.9431, 62.13672
925.4252, 57.38672
925.9073, 56.20117
926.3894, 62.06445
926.8715, 84.94727
927.3536, 91.92969
927.8358, 75.78320
928.3179, 57.03516
928.8000, 66.01562
929.2821, 93.68164
929.7642, 89.54297
930.2463, 46.48242
930.7285, 21.80273
931.2106, 95.36328
931.6927, 175.6328
932.1748, 178.5918
932.6569, 76.09180
933.1390, 17.89453
933.6212, 17.09180
934.1033, 30.16211
934.5854, 32.59180
935.0675, 28.30273
935.5496, 33.50391
936.0317, 47.39258
936.5139, 64.01367
936.9960, 92.92578
937.4781, 111.5273
937.9602, 98.25195
938.4423, 59.65430
938.9244, 34.47070
939.4066, 25.99023
939.8887, 28.54102
940.3708, 45.49609
940.8529, 66.52344
941.3350, 64.51172
941.8171, 46.28906
942.2993, 35.12305
942.7814, 43.04297
943.2635, 52.62109
943.7456, 54.14648
944.2277, 50.32812
944.7098, 44.86133
945.1920, 39.26562
945.6741, 35.44922
946.1562, 35.47461
946.6383, 32.53516
947.1204, 9.490234
947.6025, 21.82617
948.0847, 23.58984
948.5668, 9.986328
949.0489, 46.82227
949.5310, 69.24414
950.0131, 86.09766
950.4952, 109.2949
950.9774, 141.9668
951.4595, 133.9336
951.9416, 70.26172
952.4237, 15.35547
952.9058, 9.621094
953.3879, 36.11719
953.8701, 61.05469
954.3522, 81.93750
954.8343, 87.56836
955.3164, 53.68750
955.7985, 22.81641
956.2806, 17.82422
956.7628, 30.31250
957.2449, 36.50977
957.7270, 34.26172
958.2091, 39.13867
958.6912, 54.83594
959.1733, 70.27539
959.6555, 77.16797
960.1376, 77.38672
960.6197, 72.49805
961.1018, 56.89258
961.5839, 51.11914
962.0660, 74.94336
962.5482, 102.5859
963.0303, 112.0859
963.5124, 100.6699
963.9945, 83.28906
964.4766, 57.67188
964.9587, 40.09375
965.4409, 55.81250
965.9230, 80.38281
966.4051, 73.53320
966.8872, 35.67773
967.3693, 5.943359
967.8514, 4.296875
968.3336, 7.705078
968.8157, 8.349609
969.2978, 7.111328
969.7799, 1.214844
970.2620, 8.458984
970.7441, 4.333984
971.2263, 64.04102
971.7084, 126.5859
972.1905, 134.3633
972.6726, 110.8145
973.1547, 98.62109
973.6368, 118.2500
974.1190, 133.4043
974.6011, 146.0215
975.0832, 149.7227
975.5653, 126.4355
976.0474, 81.18359
976.5295, 72.83008
977.0117, 110.0156
977.4938, 150.7578
977.9759, 162.9277
978.4580, 158.7246
978.9401, 150.3848
979.4222, 139.1875
979.9044, 118.3906
980.3865, 76.63086
980.8686, 50.29883
981.3507, 68.00391
981.8328, 110.2109
982.3149, 104.1895
982.7971, 59.77734
983.2792, 25.24414
983.7613, 32.99023
984.2434, 48.92188
984.7255, 65.53516
985.2076, 75.24414
985.6897, 58.72461
986.1718, 1.750000
986.6539, 25.61523
987.1360, 5.345703
987.6182, 53.41016
988.1003, 67.92188
988.5824, 62.40234
989.0645, 64.87891
989.5466, 82.48438
990.0287, 95.28516
990.5109, 86.14648
990.9930, 77.67969
991.4751, 86.50781
991.9572, 113.3359
992.4393, 124.9199
992.9214, 120.8691
993.4036, 106.2988
993.8857, 76.48438
994.3678, 43.20898
994.8499, 15.37695
995.3320, 3.730469
995.8141, 3.521484
996.2963, 49.83203
996.7784, 80.31836
997.2605, 62.02539
997.7426, 27.95508
998.2247, 53.72266
998.7068, 127.3301
999.1890, 155.1934
999.6711, 108.7598
1000.153, 54.86133
1000.635, 45.63281
1001.117, 58.56641
1001.600, 72.28711
1002.082, 82.00391
1002.564, 104.6445
1003.046, 149.7109
1003.528, 182.3965
1004.010, 171.3965
1004.492, 131.8730
1004.974, 108.1445
1005.456, 96.08398
1005.939, 84.14648
1006.421, 54.56836
1006.903, 37.43164
1007.385, 61.33984
1007.867, 103.9023
1008.349, 115.8203
1008.831, 91.92188
1009.313, 77.80078
1009.796, 84.46484
1010.278, 96.01758
1010.760, 95.59766
1011.242, 87.95898
1011.724, 78.00977
1012.206, 64.18555
1012.688, 50.59961
1013.170, 35.84180
1013.652, 24.17383
1014.135, 20.79883
1014.617, 23.64258
1015.099, 7.042969
1015.581, 25.93164
1016.063, 40.58984
1016.545, 6.255859
1017.027, 58.01953
1017.509, 65.46875
1017.992, 47.05273
1018.474, 64.39453
1018.956, 150.9277
1019.438, 182.8848
1019.920, 126.2168
1020.402, 45.65430
1020.884, 41.34570
1021.366, 84.33398
1021.848, 104.1582
1022.331, 82.20117
1022.813, 60.72461
1023.295, 50.82812
1023.777, 53.71484
1024.259, 70.15820
1024.741, 99.49609
1025.223, 132.0527
1025.705, 168.3105
1026.188, 183.8262
1026.670, 141.0000
1027.152, 90.31641
1027.634, 93.22070
1028.116, 127.8320
1028.598, 143.1191
1029.080, 119.1895
1029.562, 84.96680
1030.044, 32.82031
1030.526, 12.01367
1031.009, 8.890625
1031.491, 30.55664
1031.973, 70.77930
1032.455, 107.7637
1032.937, 129.7285
1033.419, 127.4668
1033.901, 108.9922
1034.383, 66.89258
1034.866, 6.089844
1035.348, 2.478516
1035.830, 47.03711
1036.312, 97.75586
1036.794, 130.7090
1037.276, 145.8672
1037.758, 133.1914
1038.240, 105.2090
1038.723, 85.61328
1039.205, 85.35352
1039.687, 89.33203
1040.169, 97.43555
1040.651, 107.4258
1041.133, 123.4434
1041.615, 141.3066
1042.097, 126.9434
1042.579, 79.54883
1043.062, 35.26953
1043.544, 6.685547
1044.026, 0.9804690
1044.508, 33.80469
1044.990, 99.67969
1045.472, 112.3711
1045.954, 57.99805
1046.436, 24.66016
1046.918, 44.41992
1047.401, 83.32617
1047.883, 100.6543
1048.365, 103.0859
1048.847, 99.40234
1049.329, 86.97461
1049.811, 85.24414
1050.293, 107.3281
1050.775, 125.4082
1051.258, 117.0957
1051.740, 86.04102
1052.222, 57.96094
1052.704, 33.70117
1053.186, 20.71484
1053.668, 20.99023
1054.150, 38.40234
1054.632, 99.29492
1055.115, 173.9707
1055.597, 182.7578
1056.079, 107.9590
1056.561, 49.25781
1057.043, 20.15039
1057.525, 19.17383
1058.007, 65.31641
1058.489, 128.4316
1058.971, 168.4609
1059.453, 178.6289
1059.936, 169.3203
1060.418, 127.2012
1060.900, 89.45312
1061.382, 71.18750
1061.864, 69.56445
1062.346, 82.40430
1062.828, 104.5762
1063.310, 110.8125
1063.793, 76.95312
1064.275, 42.86523
1064.757, 26.87695
1065.239, 23.84570
1065.721, 25.30273
1066.203, 30.56641
1066.685, 51.09570
1067.167, 91.15234
1067.650, 114.7949
1068.132, 63.25000
1068.614, 3.621094
1069.096, 12.17188
1069.578, 34.01953
1070.060, 77.90234
1070.542, 123.4102
1071.024, 137.7734
1071.506, 100.5117
1071.989, 47.21875
1072.471, 52.22852
1072.953, 96.34375
1073.435, 123.8301
1073.917, 120.9746
1074.399, 115.3652
1074.881, 105.9004
1075.363, 104.1895
1075.845, 124.9180
1076.328, 166.7148
1076.810, 165.5977
1077.292, 122.4121
1077.774, 69.90234
1078.256, 13.27930
1078.738, 32.75781
1079.220, 57.72461
1079.702, 62.62891
1080.185, 45.71289
1080.667, 8.224609
1081.149, 40.26367
1081.631, 42.83594
1082.113, 37.39844
1082.595, 46.33789
1083.077, 62.71875
1083.559, 78.01172
1084.042, 90.61914
1084.524, 89.52344
1085.006, 54.16406
1085.488, 24.33398
1085.970, 10.42578
1086.452, 9.816406
1086.934, 14.59375
1087.416, 26.36914
1087.898, 58.96289
1088.380, 125.9199
1088.863, 174.0605
1089.345, 154.7227
1089.827, 110.6406
1090.309, 76.90430
1090.791, 54.43945
1091.273, 43.71484
1091.755, 45.78516
1092.237, 46.16602
1092.719, 30.49609
1093.202, 14.14648
1093.684, 9.996094
1094.166, 19.56055
1094.648, 50.17383
1095.130, 141.0273
1095.612, 176.2480
1096.094, 134.5859
1096.576, 75.53516
1097.059, 64.86328
1097.541, 80.32031
1098.023, 65.46289
1098.505, 20.68750
1098.987, 5.648438
1099.469, 28.39258
1099.951, 57.56641
1100.433, 60.37695
1100.916, 47.30469
1101.398, 38.89844
1101.880, 35.74023
1102.362, 45.63086
1102.844, 72.06250
1103.326, 96.91602
1103.808, 122.0098
1104.290, 128.2793
1104.772, 83.62305
1105.255, 10.03516
1105.737, 16.52734
1106.219, 72.96094
1106.701, 134.1562
1107.183, 81.64648
1107.665, 8.634766
1108.147, 26.78125
1108.629, 94.86719
1109.111, 144.2754
1109.594, 167.3438
1110.076, 157.5996
1110.558, 104.3203
1111.040, 49.15039
1111.522, 25.49805
1112.004, 25.67773
1112.486, 45.16797
1112.968, 77.51953
1113.451, 93.34180
1113.933, 63.87305
1114.415, 38.98438
1114.897, 24.95898
1115.379, 24.37109
1115.861, 54.52148
1116.343, 103.3145
1116.825, 112.2949
1117.307, 70.73828
1117.790, 31.91016
1118.272, 25.22461
1118.754, 33.48828
1119.236, 53.96680
1119.718, 80.60156
1120.200, 77.37891
1120.682, 45.09961
1121.164, 27.10938
1121.646, 41.74609
1122.129, 65.59961
1122.611, 83.61133
1123.093, 93.12305
1123.575, 86.20508
1124.057, 59.48633
1124.539, 36.50195
1125.021, 16.10547
1125.503, 7.179688
1125.986, 19.10156
1126.468, 41.49805
1126.950, 64.22852
1127.432, 88.98242
1127.914, 115.1133
1128.396, 165.0938
1128.878, 170.5977
1129.360, 113.6133
1129.843, 49.49414
1130.325, 39.30859
1130.807, 60.14258
1131.289, 58.45508
1131.771, 35.99414
1132.253, 24.65234
1132.735, 47.98047
1133.217, 69.54102
1133.699, 79.54492
1134.182, 85.12500
1134.664, 104.1211
1135.146, 130.4258
1135.628, 134.4844
1136.110, 109.2578
1136.592, 89.51562
1137.074, 109.3418
1137.556, 129.3887
1138.038, 130.2246
1138.521, 116.6895
1139.003, 92.72852
1139.485, 60.33008
1139.967, 49.47266
1140.449, 79.65820
1140.931, 106.3574
1141.413, 85.25586
1141.895, 51.80664
1142.378, 41.74219
1142.860, 57.58008
1143.342, 78.61523
1143.824, 106.2168
1144.306, 114.9590
1144.788, 68.83398
1145.270, 19.89453
1145.752, 32.45703
1146.234, 77.47070
1146.717, 94.72070
1147.199, 59.64258
1147.681, 56.14648
1148.163, 92.15820
1148.645, 131.9102
1149.127, 154.6934
1149.609, 156.3301
1150.091, 111.9922
1150.573, 37.56055
1151.056, 1.066406
1151.538, 26.50781
1152.020, 64.40625
1152.502, 113.3984
1152.984, 152.6758
1153.466, 143.9160
1153.948, 108.9707
1154.430, 90.29883
1154.913, 92.02930
1155.395, 99.86328
1155.877, 116.8379
1156.359, 129.7988
1156.841, 136.8223
1157.323, 136.1797
1157.805, 110.1719
1158.287, 72.62695
1158.770, 72.12500
1159.252, 129.2500
1159.734, 164.8105
1160.216, 111.4746
1160.698, 63.42578
1161.180, 72.62695
1161.662, 122.3145
1162.144, 145.0566
1162.626, 142.0332
1163.109, 115.0898
1163.591, 46.76172
1164.073, 3.468750
1164.555, 6.267578
1165.037, 37.87500
1165.519, 62.95898
1166.001, 81.12695
1166.483, 87.12305
1166.965, 81.45117
1167.448, 71.41406
1167.930, 49.30078
1168.412, 36.98242
1168.894, 56.62695
1169.376, 90.01562
1169.858, 113.7617
1170.340, 128.9512
1170.822, 120.5781
1171.304, 87.44531
1171.787, 57.70898
1172.269, 53.02148
1172.751, 60.20703
1173.233, 77.03711
1173.715, 96.59375
1174.197, 99.14062
1174.679, 78.81641
1175.161, 73.60742
1175.644, 89.30664
1176.126, 109.5977
1176.608, 127.1172
1177.090, 136.7637
1177.572, 137.1465
1178.054, 125.8398
1178.536, 83.43945
1179.018, 18.00195
1179.500, 39.32227
1179.983, 68.20508
1180.465, 192.8828
1180.947, 201.3867
1181.429, 150.9512
1181.911, 98.61719
1182.393, 51.41992
1182.875, 38.96484
1183.357, 74.56836
1183.839, 101.2676
1184.322, 94.89648
1184.804, 83.38477
1185.286, 122.7480
1185.768, 176.8242
1186.250, 186.8535
1186.732, 127.7559
1187.214, 81.14258
1187.696, 47.58398
1188.179, 37.17969
1188.661, 66.06641
1189.143, 108.4395
1189.625, 110.0879
1190.107, 90.79102
1190.589, 90.36133
1191.071, 133.5723
1191.553, 165.8555
1192.036, 187.0430
1192.518, 190.8672
1193.000, 164.1172
1193.482, 121.9160
1193.964, 88.73438
1194.446, 68.79297
1194.928, 72.69336
1195.410, 142.3223
1195.892, 174.9453
1196.375, 151.9277
1196.857, 117.7461
1197.339, 112.8516
1197.821, 125.8145
1198.303, 130.5762
1198.785, 128.0898
1199.267, 125.8027
1199.749, 140.3691
1200.231, 131.6895
1200.714, 83.95117
1201.196, 31.36914
1201.678, 18.81055
1202.160, 29.73438
1202.642, 17.47852
1203.124, 16.02734
1203.606, 33.13477
1204.088, 11.72461
1204.571, 21.12109
1205.053, 70.19727
1205.535, 112.1348
1206.017, 105.0723
1206.499, 67.51758
1206.981, 44.45508
1207.463, 40.75977
1207.945, 40.50586
1208.427, 39.00781
1208.910, 38.74219
1209.392, 40.26367
1209.874, 43.31445
1210.356, 48.50195
1210.838, 50.39648
1211.320, 53.27734
1211.802, 52.25000
1212.284, 51.54102
1212.766, 50.98047
1213.249, 54.04688
1213.731, 65.23047
1214.213, 76.84570
1214.695, 64.59961
1215.177, 39.02734
1215.659, 27.30469
1216.141, 37.12109
1216.623, 52.66602
1217.106, 77.41992
1217.588, 94.79102
1218.070, 94.17188
1218.552, 84.19531
1219.034, 95.41602
1219.516, 115.4082
1219.998, 106.4199
1220.480, 37.58594
1220.963, 4.736328
1221.445, 56.48438
1221.927, 101.6855
1222.409, 75.72656
1222.891, 11.78711
1223.373, 58.03906
1223.855, 170.2227
1224.337, 241.1113
1224.819, 217.8555
1225.302, 187.3887
1225.784, 154.5078
1226.266, 134.1621
1226.748, 146.2227
1227.230, 173.9473
1227.712, 160.1992
1228.194, 121.3438
1228.676, 102.6680
1229.158, 149.9805
1229.641, 168.5293
1230.123, 139.8125
1230.605, 101.9746
1231.087, 87.76367
1231.569, 85.65430
1232.051, 63.27344
1232.533, 30.03320
1233.015, 20.37305
1233.497, 82.98242
1233.980, 108.6465
1234.462, 79.57617
1234.944, 35.69336
1235.426, 1.660156
1235.908, 16.41797
1236.390, 3.601563
1236.872, 52.08789
1237.354, 92.65820
1237.837, 102.6191
1238.319, 129.0156
1238.801, 166.5957
1239.283, 163.3301
1239.765, 179.7578
1240.247, 170.0488
1240.729, 118.8223
1241.211, 42.17578
1241.693, 0.0000000E+00
##END=



