##NAMES=Linarite
##RRUFFID=R060472
##IDEAL CHEMISTRY=Pb^2+^Cu^2+^S^6+^O_4_(OH)_2_
##LOCALITY=Tiger, Arizona, USA
##OWNER=RRUFF
##SOURCE=Michael Scott
##DESCRIPTION=Blue tabular crystals
##STATUS=The identification of this mineral is confirmed by single-crystal X-ray diffraction and chemical analysis.
##URL=rruff.info/R060472
##MEASURED CHEMISTRY=Pb_1.00_Cu_1.00_(S_1.00_O_4_)(OH)_2_
159.0660, 0.0000000E+00
159.5481, 2.295635
160.0302, 3.680325
160.5123, 3.553558
160.9945, 2.860592
161.4766, 2.894653
161.9587, 6.112516
162.4408, 8.151066
162.9229, 7.136219
163.4050, 5.287434
163.8871, 3.322857
164.3693, 1.556662
164.8514, 9.5036000E-02
165.3335, 0.4310840
165.8156, 1.390968
166.2977, 3.135927
166.7798, 5.196177
167.2620, 6.971224
167.7441, 7.118229
168.2262, 4.772018
168.7083, 1.185184
169.1904, 6.1923999E-02
169.6725, 2.673700
170.1547, 5.490509
170.6368, 5.198009
171.1189, 3.149408
171.6010, 2.002447
172.0831, 3.357224
172.5652, 6.046986
173.0474, 7.630278
173.5295, 7.945055
174.0116, 7.484934
174.4937, 6.553785
174.9758, 4.277311
175.4579, 2.734344
175.9401, 3.037355
176.4222, 4.315815
176.9043, 5.733160
177.3864, 7.253386
177.8685, 8.618269
178.3506, 9.807959
178.8328, 11.20121
179.3149, 11.04867
179.7970, 6.358864
180.2791, 0.9888740
180.7612, 1.250530
181.2433, 1.351456
181.7255, 6.503096
182.2076, 8.771736
182.6897, 6.088039
183.1718, 4.011646
183.6539, 3.976221
184.1360, 4.896929
184.6181, 5.709303
185.1003, 5.899443
185.5824, 5.641388
186.0645, 5.557940
186.5466, 5.958450
187.0287, 6.151722
187.5108, 6.218817
187.9930, 5.993658
188.4751, 4.911200
188.9572, 2.549244
189.4393, 0.4928780
189.9214, 0.7201520
190.4035, 6.174326
190.8857, 11.10108
191.3678, 11.40065
191.8499, 8.640179
192.3320, 5.496984
192.8141, 3.488781
193.2962, 2.521963
193.7784, 1.929792
194.2605, 1.906498
194.7426, 1.948214
195.2247, 1.717773
195.7068, 1.381691
196.1889, 1.429522
196.6711, 2.200079
197.1532, 3.615023
197.6353, 5.217501
198.1174, 7.381922
198.5995, 9.162876
199.0816, 10.00603
199.5638, 9.611874
200.0459, 9.178497
200.5280, 9.443659
201.0101, 10.00085
201.4922, 9.749140
201.9743, 8.301617
202.4565, 6.385321
202.9386, 4.354662
203.4207, 2.177950
203.9028, 0.5070290
204.3849, 0.3439850
204.8670, 0.3698060
205.3492, 0.6158430
205.8313, 3.227312
206.3134, 6.113035
206.7955, 7.503349
207.2776, 7.183260
207.7597, 6.556404
208.2419, 5.576538
208.7240, 4.843443
209.2061, 5.214491
209.6882, 7.341669
210.1703, 9.906998
210.6524, 10.27160
211.1346, 7.207859
211.6167, 5.130566
212.0988, 6.431261
212.5809, 8.857769
213.0630, 10.23447
213.5451, 9.623272
214.0273, 7.810467
214.5094, 6.530405
214.9915, 5.987482
215.4736, 5.663923
215.9557, 5.135004
216.4378, 4.851393
216.9200, 5.618343
217.4021, 7.785170
217.8842, 10.47166
218.3663, 11.07067
218.8484, 7.415661
219.3305, 4.718529
219.8127, 3.768948
220.2948, 3.908943
220.7769, 4.617174
221.2590, 5.655401
221.7411, 6.873438
222.2232, 7.620224
222.7054, 7.005201
223.1875, 6.536470
223.6696, 6.421394
224.1517, 6.498989
224.6338, 6.582094
225.1159, 6.588387
225.5980, 6.633451
226.0802, 7.062414
226.5623, 8.694229
227.0444, 9.701908
227.5265, 9.723560
228.0086, 9.138680
228.4907, 8.374619
228.9729, 7.587454
229.4550, 6.855042
229.9371, 6.436634
230.4192, 6.444523
230.9013, 6.658449
231.3834, 7.393074
231.8656, 8.012436
232.3477, 7.508587
232.8298, 5.332737
233.3119, 2.420521
233.7940, 0.9223370
234.2761, 1.298111
234.7583, 1.577011
235.2404, 0.7085170
235.7225, 0.4905870
236.2046, 0.2150480
236.6867, 2.569990
237.1688, 5.920834
237.6510, 5.822929
238.1331, 1.645332
238.6152, 1.471483
239.0973, 0.8222060
239.5794, 2.182735
240.0615, 4.717922
240.5437, 5.963139
241.0258, 6.708054
241.5079, 8.365070
241.9900, 11.00227
242.4721, 12.51858
242.9542, 10.67320
243.4364, 7.010162
243.9185, 6.041803
244.4006, 10.04851
244.8827, 14.27440
245.3648, 13.22593
245.8469, 7.627125
246.3290, 2.500200
246.8112, 0.1280650
247.2933, 4.8760999E-02
247.7754, 1.348671
248.2575, 4.963953
248.7396, 8.316502
249.2217, 9.334997
249.7039, 8.502640
250.1860, 7.335989
250.6681, 6.552546
251.1502, 6.068119
251.6323, 5.468969
252.1144, 4.388000
252.5966, 3.829830
253.0787, 5.134529
253.5608, 7.379110
254.0429, 8.427057
254.5250, 6.291506
255.0071, 1.975626
255.4893, 0.5780490
255.9714, 0.6669500
256.4535, 4.6078000E-02
256.9356, 0.6372780
257.4177, 1.384062
257.8998, 2.934902
258.3820, 6.242968
258.8641, 10.32743
259.3462, 11.39128
259.8283, 7.123636
260.3104, 3.575573
260.7925, 2.933949
261.2747, 3.990612
261.7568, 5.271717
262.2389, 6.140537
262.7210, 6.596491
263.2031, 6.512402
263.6852, 5.330540
264.1674, 4.500166
264.6495, 4.763103
265.1316, 5.336479
265.6137, 5.233631
266.0958, 3.984110
266.5779, 2.271414
267.0601, 1.836424
267.5422, 3.751551
268.0243, 5.035841
268.5064, 5.035318
268.9885, 4.441545
269.4706, 3.616846
269.9528, 2.726814
270.4349, 2.175035
270.9170, 2.935545
271.3991, 6.290363
271.8812, 8.386662
272.3633, 8.829971
272.8455, 8.244001
273.3276, 6.592957
273.8097, 4.073057
274.2918, 1.668388
274.7739, 1.107777
275.2560, 4.107107
275.7382, 5.369272
276.2202, 3.672577
276.7024, 1.679337
277.1845, 1.410307
277.6666, 2.931456
278.1487, 4.510483
278.6308, 3.688923
279.1129, 1.210649
279.5951, 2.528975
280.0772, 2.972759
280.5593, 8.709736
281.0414, 11.43653
281.5235, 11.16480
282.0056, 9.294580
282.4878, 6.951523
282.9699, 3.877148
283.4520, 2.217947
283.9341, 3.317984
284.4162, 4.305506
284.8983, 3.691299
285.3805, 1.920502
285.8626, 0.4893630
286.3447, 0.6639180
286.8268, 2.398539
287.3089, 2.846905
287.7910, 0.2261770
288.2732, 1.668142
288.7553, 1.283661
289.2374, 0.6019170
289.7195, 2.499035
290.2016, 3.539827
290.6837, 3.803461
291.1659, 3.701885
291.6480, 2.365028
292.1301, 1.678167
292.6122, 2.586407
293.0943, 4.165619
293.5764, 5.042458
294.0586, 4.642294
294.5407, 3.431501
295.0228, 2.635847
295.5049, 2.778242
295.9870, 2.711481
296.4691, 1.779778
296.9513, 0.9072740
297.4334, 1.046116
297.9155, 2.453333
298.3976, 4.439688
298.8797, 5.858608
299.3618, 6.382446
299.8440, 6.876425
300.3261, 7.670700
300.8082, 8.230749
301.2903, 8.028767
301.7724, 7.005880
302.2545, 5.583986
302.7367, 4.170553
303.2188, 2.628910
303.7009, 1.811596
304.1830, 1.733946
304.6651, 2.269831
305.1472, 3.638641
305.6294, 5.678518
306.1115, 7.756359
306.5936, 9.353981
307.0757, 10.45463
307.5578, 11.30124
308.0399, 12.45540
308.5221, 12.87512
309.0042, 11.58423
309.4863, 9.125530
309.9684, 6.951303
310.4505, 6.051880
310.9326, 6.182543
311.4148, 5.655947
311.8969, 3.372051
312.3790, 1.793980
312.8611, 1.986090
313.3432, 3.150999
313.8253, 4.071424
314.3075, 4.211519
314.7896, 3.850296
315.2717, 3.783945
315.7538, 4.422195
316.2359, 4.748280
316.7180, 3.872849
317.2001, 3.000856
317.6823, 3.830982
318.1644, 6.799324
318.6465, 10.36612
319.1286, 12.26917
319.6107, 11.91934
320.0928, 10.95689
320.5750, 8.554472
321.0571, 6.120575
321.5392, 4.951618
322.0213, 5.074701
322.5034, 5.308208
322.9855, 4.355896
323.4677, 1.886042
323.9498, 0.7919270
324.4319, 1.652361
324.9140, 3.109184
325.3961, 5.199827
325.8782, 7.422354
326.3604, 8.426193
326.8425, 7.013575
327.3246, 3.544062
327.8067, 2.143274
328.2888, 4.454617
328.7709, 6.647882
329.2531, 7.983700
329.7352, 8.520065
330.2173, 8.413494
330.6994, 7.731850
331.1815, 6.509872
331.6636, 4.819138
332.1458, 0.5237480
332.6279, 1.511887
333.1100, 0.3539310
333.5921, 3.809345
334.0742, 6.951588
334.5563, 9.131079
335.0385, 10.33400
335.5206, 10.52818
336.0027, 9.650726
336.4848, 7.672523
336.9669, 2.089714
337.4490, 2.526106
337.9312, 1.949305
338.4133, 3.049824
338.8954, 8.154999
339.3775, 9.295397
339.8596, 6.187479
340.3417, 4.928034
340.8239, 6.685926
341.3060, 8.347219
341.7881, 9.319548
342.2702, 9.551559
342.7523, 8.992106
343.2344, 7.531145
343.7166, 5.468164
344.1987, 4.300543
344.6808, 4.687918
345.1629, 5.313519
345.6450, 6.173355
346.1271, 7.065368
346.6093, 8.289291
347.0914, 9.904537
347.5735, 11.19817
348.0556, 10.72711
348.5377, 6.303730
349.0198, 4.168507
349.5020, 5.771791
349.9841, 8.193374
350.4662, 9.477221
350.9483, 9.408072
351.4304, 9.026974
351.9125, 9.698032
352.3947, 11.92593
352.8768, 11.78935
353.3589, 5.721115
353.8410, 0.8490230
354.3231, 0.3030830
354.8052, 2.920259
355.2874, 6.013803
355.7695, 7.864606
356.2516, 8.591075
356.7337, 8.878771
357.2158, 8.375802
357.6979, 7.882837
358.1800, 7.572149
358.6621, 7.334925
359.1443, 6.920406
359.6264, 6.234344
360.1085, 5.692080
360.5906, 6.086304
361.0727, 7.702568
361.5548, 9.546320
362.0370, 12.77315
362.5191, 15.24418
363.0012, 15.02529
363.4833, 12.28192
363.9654, 9.240732
364.4475, 8.457592
364.9297, 10.15903
365.4118, 10.44982
365.8939, 7.536334
366.3760, 5.182530
366.8581, 5.173290
367.3402, 6.816984
367.8224, 8.695303
368.3045, 10.21235
368.7866, 11.19886
369.2687, 10.96677
369.7508, 8.897896
370.2329, 6.964294
370.7151, 5.963647
371.1972, 5.349289
371.6793, 4.385216
372.1614, 2.769747
372.6435, 1.548613
373.1256, 2.633291
373.6078, 6.288557
374.0899, 8.328637
374.5720, 6.349977
375.0541, 3.805254
375.5362, 3.381693
376.0183, 4.976398
376.5005, 6.715999
376.9826, 7.313116
377.4647, 7.060817
377.9468, 7.037355
378.4289, 7.339886
378.9110, 7.799593
379.3932, 8.939029
379.8753, 10.12099
380.3574, 9.892009
380.8395, 6.732573
381.3216, 2.946781
381.8037, 1.305385
382.2859, 1.828413
382.7680, 3.423027
383.2501, 6.444141
383.7322, 9.730983
384.2143, 11.46553
384.6964, 11.28304
385.1786, 10.69042
385.6607, 10.46191
386.1428, 10.47513
386.6249, 10.56469
387.1070, 10.89050
387.5891, 10.71047
388.0713, 8.062342
388.5534, 3.238068
389.0355, 1.097510
389.5176, 4.962984
389.9997, 10.50016
390.4818, 13.18467
390.9640, 13.08296
391.4461, 12.69738
391.9282, 14.25340
392.4103, 16.87249
392.8924, 16.19003
393.3745, 9.084635
393.8567, 2.394462
394.3388, 1.263263
394.8209, 2.613093
395.3030, 2.831187
395.7851, 1.951687
396.2672, 0.7036160
396.7494, 0.8821990
397.2315, 3.816443
397.7136, 4.913534
398.1957, 2.811579
398.6778, 0.4128170
399.1599, 3.693548
399.6420, 6.588824
400.1241, 8.105247
400.6063, 7.075598
401.0884, 3.369318
401.5705, 1.522102
402.0526, 3.312700
402.5347, 4.713724
403.0168, 3.681298
403.4990, 1.609819
403.9811, 1.226543
404.4632, 3.879537
404.9453, 7.841593
405.4274, 8.665252
405.9095, 2.693163
406.3917, 0.1991420
406.8738, 2.803566
407.3559, 6.827221
407.8380, 8.338385
408.3201, 7.008345
408.8022, 4.819163
409.2844, 3.638050
409.7665, 3.514337
410.2486, 3.747776
410.7307, 4.787118
411.2128, 5.706489
411.6949, 6.118603
412.1771, 6.234462
412.6592, 6.542164
413.1413, 7.298929
413.6234, 8.129603
414.1055, 8.137280
414.5876, 7.022465
415.0698, 5.999289
415.5519, 5.524506
416.0340, 5.134928
416.5161, 4.423399
416.9982, 3.347716
417.4803, 2.443224
417.9625, 1.903202
418.4446, 1.815843
418.9267, 3.133654
419.4088, 7.142679
419.8909, 10.30544
420.3730, 9.793296
420.8552, 6.888559
421.3373, 3.994630
421.8194, 1.437538
422.3015, 0.2704600
422.7836, 4.7986999E-02
423.2657, 2.359853
423.7479, 4.005633
424.2300, 3.551447
424.7121, 2.195296
425.1942, 1.900294
425.6763, 2.858747
426.1584, 3.840153
426.6406, 3.792856
427.1227, 3.574501
427.6048, 4.862080
428.0869, 8.022608
428.5690, 11.66612
429.0511, 14.88445
429.5333, 17.53984
430.0154, 18.56968
430.4975, 16.53850
430.9796, 14.22854
431.4617, 12.74174
431.9438, 12.20519
432.4260, 13.10612
432.9081, 15.87814
433.3902, 19.40309
433.8723, 20.99876
434.3544, 19.44520
434.8365, 17.86683
435.3187, 16.37715
435.8008, 14.88865
436.2829, 13.16791
436.7650, 11.29439
437.2471, 9.738564
437.7292, 8.956354
438.2114, 8.959375
438.6935, 9.177384
439.1756, 9.819625
439.6577, 10.44705
440.1398, 11.36533
440.6219, 12.08312
441.1040, 11.62916
441.5862, 9.607310
442.0683, 7.247070
442.5504, 7.108998
443.0325, 10.32653
443.5146, 12.27646
443.9967, 11.47996
444.4789, 10.22474
444.9610, 9.676168
445.4431, 9.757227
445.9252, 9.733727
446.4073, 9.030857
446.8894, 7.815345
447.3716, 6.674279
447.8537, 5.482792
448.3358, 4.677471
448.8179, 5.049299
449.3000, 5.645351
449.7821, 5.137513
450.2643, 2.940200
450.7464, 1.130685
451.2285, 1.963810
451.7106, 4.903273
452.1927, 7.153481
452.6748, 8.168869
453.1570, 8.548130
453.6391, 8.918728
454.1212, 9.238871
454.6033, 8.874926
455.0854, 6.473732
455.5675, 4.057501
456.0497, 3.791887
456.5318, 5.496071
457.0139, 7.450855
457.4960, 9.133553
457.9781, 10.25039
458.4602, 9.741226
458.9424, 6.474770
459.4245, 4.219810
459.9066, 4.236250
460.3887, 5.246202
460.8708, 6.241726
461.3529, 6.941525
461.8351, 7.070988
462.3172, 6.247360
462.7993, 4.404146
463.2814, 3.421137
463.7635, 3.842180
464.2456, 4.327320
464.7278, 4.649746
465.2099, 4.806265
465.6920, 4.803497
466.1741, 4.653238
466.6562, 4.505127
467.1383, 4.627993
467.6205, 5.113964
468.1026, 5.590384
468.5847, 6.375454
469.0668, 6.845928
469.5489, 6.731937
470.0310, 6.055172
470.5132, 4.858158
470.9953, 2.891134
471.4774, 0.6817680
471.9595, 0.2390840
472.4416, 0.5128190
472.9237, 1.114382
473.4059, 0.2048800
473.8880, 0.6938270
474.3701, 0.1668800
474.8522, 3.044575
475.3343, 5.624683
475.8164, 6.101213
476.2986, 5.189522
476.7807, 4.652728
477.2628, 4.721392
477.7449, 4.968710
478.2270, 5.300701
478.7091, 5.548432
479.1913, 5.087050
479.6734, 2.548106
480.1555, 0.7668860
480.6376, 2.198288
481.1197, 5.368209
481.6018, 6.997358
482.0839, 5.952297
482.5660, 3.971463
483.0482, 3.608953
483.5303, 5.927727
484.0124, 6.985008
484.4945, 5.599888
484.9766, 3.922847
485.4587, 2.547520
485.9409, 1.676994
486.4230, 1.703770
486.9051, 2.917690
487.3872, 4.721008
487.8693, 5.304068
488.3514, 3.759415
488.8336, 2.687820
489.3157, 2.317969
489.7978, 2.369333
490.2799, 2.750114
490.7620, 3.396008
491.2441, 4.180569
491.7263, 4.971324
492.2084, 5.816643
492.6905, 7.274281
493.1726, 10.27414
493.6547, 11.63155
494.1368, 7.382617
494.6190, 2.112481
495.1011, 1.235469
495.5832, 6.242615
496.0653, 11.19269
496.5474, 10.41009
497.0295, 5.953739
497.5117, 4.457399
497.9938, 7.451143
498.4759, 11.05586
498.9580, 12.10035
499.4401, 10.98702
499.9222, 10.15452
500.4044, 9.843670
500.8865, 9.741603
501.3686, 9.684200
501.8507, 9.716794
502.3328, 10.00799
502.8149, 10.62660
503.2971, 11.27813
503.7792, 11.53077
504.2613, 11.24816
504.7434, 11.03959
505.2255, 11.39436
505.7076, 11.33832
506.1898, 9.681361
506.6719, 7.334164
507.1540, 6.223465
507.6361, 7.394926
508.1182, 9.960893
508.6003, 11.97819
509.0825, 13.54344
509.5646, 14.29736
510.0467, 14.27549
510.5288, 13.37300
511.0109, 10.62059
511.4930, 6.724915
511.9752, 4.015975
512.4573, 4.428939
512.9394, 6.694355
513.4215, 7.916161
513.9036, 7.972758
514.3857, 7.759631
514.8679, 7.464111
515.3500, 7.173007
515.8321, 7.144418
516.3142, 7.468403
516.7963, 7.263061
517.2784, 5.787762
517.7606, 3.725989
518.2427, 1.936027
518.7248, 0.5075020
519.2069, 0.7369980
519.6890, 2.149835
520.1711, 3.393701
520.6533, 2.646909
521.1354, 1.800196
521.6175, 5.633281
522.0996, 8.243822
522.5817, 9.851942
523.0638, 10.40906
523.5460, 10.05037
524.0281, 9.356618
524.5102, 8.900862
524.9923, 8.684084
525.4744, 8.081831
525.9565, 6.205219
526.4387, 4.913154
526.9208, 4.996826
527.4029, 5.838916
527.8850, 7.206919
528.3671, 8.616281
528.8492, 8.995953
529.3314, 6.854155
529.8135, 2.730178
530.2956, 0.8526280
530.7777, 2.170450
531.2598, 4.261406
531.7419, 6.590124
532.2241, 8.496080
532.7062, 8.503834
533.1883, 5.388336
533.6704, 2.287908
534.1525, 1.239433
534.6346, 1.807844
535.1168, 3.309729
535.5989, 5.702624
536.0810, 7.830164
536.5631, 8.490191
537.0452, 7.600187
537.5273, 6.514801
538.0095, 4.386855
538.4916, 3.017620
538.9737, 4.444179
539.4558, 6.588811
539.9379, 5.413376
540.4200, 8.7079003E-02
540.9022, 5.682973
541.3843, 4.832822
541.8664, 4.186763
542.3485, 9.906647
542.8306, 10.13226
543.3127, 9.195921
543.7948, 7.795410
544.2769, 6.283195
544.7590, 4.876244
545.2411, 3.555003
545.7233, 3.015285
546.2054, 5.021408
546.6875, 9.281178
547.1696, 10.97220
547.6517, 8.186979
548.1339, 4.957627
548.6160, 5.342332
549.0981, 8.072052
549.5802, 9.579706
550.0623, 7.884697
550.5444, 6.199322
551.0266, 7.514040
551.5087, 10.32329
551.9908, 10.63639
552.4729, 7.146482
552.9550, 3.034781
553.4371, 2.476224
553.9193, 6.385378
554.4014, 8.286453
554.8835, 6.168127
555.3656, 4.568881
555.8477, 6.087532
556.3298, 8.857522
556.8120, 9.814345
557.2941, 7.895280
557.7762, 4.924873
558.2583, 3.514215
558.7404, 3.876848
559.2225, 4.047365
559.7047, 3.695443
560.1868, 3.528394
560.6689, 3.757402
561.1510, 4.393581
561.6331, 5.518691
562.1152, 7.277415
562.5974, 9.182261
563.0795, 11.25940
563.5616, 13.17504
564.0437, 13.34967
564.5258, 11.12365
565.0079, 8.774044
565.4901, 8.621695
565.9722, 10.53078
566.4543, 11.19678
566.9364, 9.479737
567.4185, 7.835751
567.9006, 7.166073
568.3828, 7.150517
568.8649, 7.259463
569.3470, 7.373583
569.8291, 7.878559
570.3112, 9.409886
570.7933, 12.10637
571.2755, 13.39069
571.7576, 12.12288
572.2397, 10.81664
572.7218, 9.450562
573.2039, 8.668305
573.6860, 9.838715
574.1682, 13.20535
574.6503, 15.81895
575.1324, 13.93370
575.6145, 8.737013
576.0966, 5.567026
576.5787, 4.991769
577.0609, 5.506158
577.5430, 6.779438
578.0251, 8.315672
578.5072, 9.106761
578.9893, 9.264518
579.4714, 8.575834
579.9536, 6.223974
580.4357, 3.428596
580.9178, 1.758107
581.3999, 1.331088
581.8820, 1.161139
582.3641, 0.4391020
582.8463, 0.6096990
583.3284, 0.6051850
583.8105, 2.710277
584.2926, 3.726892
584.7747, 0.9460800
585.2568, 5.705484
585.7390, 5.730536
586.2211, 1.357573
586.7032, 3.426112
587.1853, 5.760698
587.6674, 6.489790
588.1495, 7.953280
588.6317, 10.34961
589.1138, 12.34202
589.5959, 13.75325
590.0780, 14.29780
590.5601, 13.26289
591.0422, 10.68160
591.5244, 8.994635
592.0065, 9.965664
592.4886, 11.35103
592.9707, 10.68589
593.4528, 8.582804
593.9349, 7.557492
594.4171, 8.818222
594.8992, 10.92585
595.3813, 11.31254
595.8634, 9.248448
596.3455, 7.583248
596.8276, 5.526505
597.3098, 4.623139
597.7919, 6.434059
598.2740, 9.561620
598.7561, 11.55015
599.2382, 11.93764
599.7203, 11.53683
600.2025, 10.28564
600.6846, 8.174850
601.1667, 7.093848
601.6488, 7.713186
602.1309, 8.531862
602.6130, 8.289577
603.0952, 7.546782
603.5773, 7.467384
604.0594, 8.577672
604.5415, 10.00171
605.0236, 11.16910
605.5057, 12.30311
605.9879, 14.10987
606.4700, 16.52154
606.9521, 17.89808
607.4342, 16.61951
607.9163, 13.18898
608.3984, 11.43839
608.8806, 12.95640
609.3627, 14.04469
609.8448, 13.90623
610.3269, 13.61426
610.8090, 14.32736
611.2911, 15.83142
611.7733, 16.71202
612.2554, 15.66877
612.7375, 13.63008
613.2196, 13.05653
613.7017, 14.16734
614.1838, 14.19470
614.6660, 11.36660
615.1481, 8.258398
615.6302, 8.335783
616.1123, 11.34250
616.5944, 13.60070
617.0765, 14.34852
617.5587, 14.13472
618.0408, 12.36955
618.5229, 10.04424
619.0050, 9.497894
619.4871, 11.51439
619.9692, 14.37667
620.4514, 15.74431
620.9335, 15.38940
621.4156, 15.30783
621.8977, 15.40860
622.3798, 15.92522
622.8619, 17.62512
623.3441, 19.41537
623.8262, 19.84768
624.3083, 18.61210
624.7904, 17.11073
625.2725, 16.52441
625.7546, 16.58607
626.2367, 16.53989
626.7188, 16.32574
627.2009, 16.30147
627.6830, 16.72357
628.1652, 17.39687
628.6473, 17.85175
629.1294, 17.94651
629.6115, 18.27276
630.0936, 19.56275
630.5757, 20.56267
631.0579, 20.32152
631.5400, 19.01047
632.0221, 17.30880
632.5042, 15.57427
632.9863, 13.49329
633.4684, 9.871337
633.9506, 3.752305
634.4327, 1.238121
634.9148, 5.701875
635.3969, 9.545986
635.8790, 7.847614
636.3611, 3.580355
636.8433, 2.198213
637.3254, 5.867367
637.8075, 9.966043
638.2896, 11.12952
638.7717, 10.38491
639.2538, 9.447582
639.7360, 8.595012
640.2181, 8.149427
640.7002, 8.331440
641.1823, 9.098865
641.6644, 10.12767
642.1465, 12.16000
642.6287, 13.12746
643.1108, 12.34134
643.5929, 10.85602
644.0750, 8.841204
644.5571, 6.755341
645.0392, 6.031971
645.5214, 7.889906
646.0035, 10.37069
646.4856, 9.474225
646.9677, 5.221530
647.4498, 3.096169
647.9319, 4.880974
648.4141, 7.255408
648.8962, 7.371207
649.3783, 5.799109
649.8604, 4.655344
650.3425, 3.546727
650.8246, 3.644152
651.3068, 7.237398
651.7889, 11.33801
652.2710, 11.57250
652.7531, 7.884764
653.2352, 4.024097
653.7173, 2.933528
654.1995, 3.986033
654.6816, 4.649482
655.1637, 5.038647
655.6458, 4.754586
656.1279, 2.951896
656.6100, 1.101932
657.0922, 0.1984150
657.5743, 0.8523810
658.0564, 0.6684610
658.5385, 0.8001120
659.0206, 2.605563
659.5027, 4.509947
659.9849, 6.014656
660.4670, 5.061565
660.9491, 1.088157
661.4312, 2.683000
661.9133, 3.362613
662.3954, 1.100636
662.8776, 1.930659
663.3597, 8.673100
663.8418, 12.26780
664.3239, 9.974504
664.8060, 5.859514
665.2881, 2.353319
665.7703, 0.1462690
666.2524, 0.1001380
666.7345, 2.136606
667.2166, 5.676178
667.6987, 8.441316
668.1808, 10.41658
668.6630, 10.77449
669.1451, 8.825324
669.6272, 6.370692
670.1093, 5.035114
670.5914, 4.791477
671.0735, 4.864309
671.5557, 5.769740
672.0378, 6.343092
672.5199, 6.215841
673.0020, 5.558974
673.4841, 3.994851
673.9662, 1.892858
674.4484, 0.9452490
674.9305, 2.745372
675.4126, 6.223930
675.8947, 7.648739
676.3768, 6.486004
676.8589, 5.673418
677.3411, 6.330892
677.8232, 6.888021
678.3053, 5.568853
678.7874, 3.025655
679.2695, 1.683842
679.7516, 2.544007
680.2338, 4.167738
680.7159, 6.656206
681.1980, 8.998481
681.6801, 9.193599
682.1622, 7.133903
682.6443, 4.888556
683.1265, 4.177559
683.6086, 4.646922
684.0907, 4.558095
684.5728, 3.672080
685.0549, 2.751104
685.5370, 0.8731700
686.0192, 8.8641003E-02
686.5013, 2.024823
686.9834, 6.003337
687.4655, 8.240058
687.9476, 6.606331
688.4297, 4.232407
688.9119, 4.253025
689.3940, 5.588488
689.8761, 5.637477
690.3582, 3.956491
690.8403, 1.710377
691.3224, 0.4522200
691.8046, 2.244612
692.2867, 2.237496
692.7688, 1.798507
693.2509, 4.038174
693.7330, 2.915751
694.2151, 1.281966
694.6973, 0.7908090
695.1794, 1.280335
695.6615, 1.477691
696.1436, 0.8338180
696.6257, 0.4659120
697.1078, 2.393167
697.5900, 5.670914
698.0721, 6.758162
698.5542, 5.047604
699.0363, 2.635181
699.5184, 0.5818280
700.0005, 0.8541500
700.4827, 0.6903580
700.9648, 2.632310
701.4469, 5.028414
701.9290, 6.392514
702.4111, 6.866931
702.8932, 5.495607
703.3754, 3.496883
703.8575, 3.549586
704.3396, 6.895376
704.8217, 10.63821
705.3038, 10.92062
705.7859, 8.465263
706.2681, 6.552858
706.7502, 5.381624
707.2323, 5.379562
707.7144, 7.430704
708.1965, 10.27288
708.6786, 10.87163
709.1607, 8.461682
709.6428, 6.269676
710.1249, 3.411470
710.6071, 1.779553
711.0892, 4.069221
711.5713, 7.989551
712.0534, 9.089208
712.5355, 5.993082
713.0176, 2.193135
713.4998, 1.751967
713.9819, 4.071986
714.4640, 6.041454
714.9461, 7.627560
715.4282, 8.694893
715.9103, 9.241232
716.3925, 9.316068
716.8746, 8.683109
717.3567, 7.195542
717.8388, 6.361753
718.3209, 7.060884
718.8030, 7.619286
719.2852, 6.749901
719.7673, 5.367561
720.2494, 4.872934
720.7315, 5.406562
721.2136, 6.098281
721.6957, 6.610866
722.1779, 6.663662
722.6600, 4.500856
723.1421, 0.4242620
723.6242, 2.595011
724.1063, 0.8389430
724.5884, 5.555063
725.0706, 6.657742
725.5527, 4.467140
726.0348, 3.268888
726.5169, 3.972342
726.9990, 4.853249
727.4811, 5.441432
727.9633, 5.850733
728.4454, 6.298134
728.9275, 6.725372
729.4096, 6.781319
729.8917, 6.211880
730.3738, 5.293419
730.8560, 4.189615
731.3381, 2.863309
731.8202, 2.683148
732.3023, 4.252210
732.7844, 6.063386
733.2665, 7.176092
733.7487, 7.620369
734.2308, 7.669844
734.7129, 6.905195
735.1950, 6.316763
735.6771, 6.454828
736.1592, 6.729287
736.6414, 6.656872
737.1235, 6.309849
737.6056, 5.988241
738.0877, 5.826236
738.5698, 5.702065
739.0519, 5.459278
739.5341, 5.103434
740.0162, 4.360306
740.4983, 2.836689
740.9804, 2.945266
741.4625, 6.998796
741.9446, 12.39786
742.4268, 13.97897
742.9089, 10.91707
743.3910, 8.768007
743.8731, 8.716278
744.3552, 8.871181
744.8373, 8.315339
745.3195, 7.390416
745.8016, 6.741880
746.2837, 6.462488
746.7658, 5.916492
747.2479, 4.129326
747.7300, 1.874145
748.2122, 1.444316
748.6943, 2.865231
749.1764, 4.602294
749.6585, 6.362900
750.1406, 7.789968
750.6227, 8.751006
751.1049, 9.057076
751.5870, 7.734158
752.0691, 1.935799
752.5512, 1.521351
753.0333, 0.5706670
753.5154, 3.892458
753.9976, 4.783917
754.4797, 3.544828
754.9618, 2.524676
755.4439, 2.956556
755.9260, 3.969928
756.4081, 4.515854
756.8903, 4.668049
757.3724, 4.582516
757.8545, 4.193119
758.3366, 4.313478
758.8187, 5.736933
759.3008, 7.558654
759.7830, 7.509297
760.2651, 4.174562
760.7472, 2.316833
761.2293, 2.136674
761.7114, 3.097549
762.1935, 6.701051
762.6757, 10.51880
763.1578, 10.68777
763.6399, 6.507642
764.1220, 2.704063
764.6041, 3.728290
765.0862, 6.843735
765.5684, 7.064026
766.0505, 4.650137
766.5326, 1.799228
767.0147, 0.9455390
767.4968, 2.462538
767.9789, 1.332759
768.4611, 2.335333
768.9432, 5.802925
769.4253, 9.923283
769.9074, 12.36337
770.3895, 12.04350
770.8716, 10.65073
771.3538, 8.616742
771.8359, 6.413473
772.3180, 5.329794
772.8001, 6.417056
773.2822, 7.394175
773.7643, 6.337641
774.2465, 4.394306
774.7286, 3.210354
775.2107, 2.878530
775.6928, 2.792348
776.1749, 2.636117
776.6570, 2.322136
777.1392, 1.463622
777.6213, 0.1815060
778.1034, 0.5860580
778.5855, 0.6280860
779.0676, 2.396622
779.5497, 4.670049
780.0319, 7.004530
780.5140, 9.011024
780.9961, 10.71879
781.4782, 11.17321
781.9603, 9.355504
782.4424, 7.553587
782.9246, 7.254564
783.4067, 7.838366
783.8888, 8.566878
784.3709, 9.153179
784.8530, 9.319484
785.3351, 8.892450
785.8173, 7.818233
786.2994, 5.531243
786.7815, 2.035126
787.2636, 0.3523750
787.7457, 1.297459
788.2278, 0.6831930
788.7100, 2.299492
789.1921, 6.769136
789.6742, 9.185884
790.1563, 9.293999
790.6384, 7.947683
791.1205, 3.072621
791.6026, 1.113684
792.0847, 1.778316
792.5668, 0.3016700
793.0490, 0.7135310
793.5311, 0.5177400
794.0132, 0.6513150
794.4953, 2.838239
794.9774, 5.966301
795.4595, 8.261069
795.9417, 9.688555
796.4238, 10.02534
796.9059, 9.128141
797.3880, 8.357968
797.8701, 9.482339
798.3522, 12.26150
798.8344, 12.47558
799.3165, 7.617968
799.7986, 5.024223
800.2807, 8.839777
800.7628, 12.56100
801.2449, 11.42191
801.7271, 7.139976
802.2092, 4.678268
802.6913, 5.712909
803.1734, 7.352242
803.6555, 8.747179
804.1376, 9.554494
804.6198, 8.568434
805.1019, 6.673046
805.5840, 6.676140
806.0661, 9.753162
806.5482, 13.53087
807.0303, 14.80145
807.5125, 13.81498
807.9946, 13.01166
808.4767, 12.59354
808.9588, 10.89243
809.4409, 6.197149
809.9230, 1.912622
810.4052, 2.418918
810.8873, 7.919428
811.3694, 11.39731
811.8515, 12.60591
812.3336, 12.16280
812.8157, 8.148947
813.2979, 4.209800
813.7800, 3.816021
814.2621, 6.023798
814.7442, 7.595824
815.2263, 7.115179
815.7084, 5.972494
816.1906, 5.128611
816.6727, 4.729057
817.1548, 5.600771
817.6369, 7.479004
818.1190, 8.121902
818.6011, 6.460291
819.0833, 3.852889
819.5654, 2.157439
820.0475, 1.381298
820.5296, 1.503923
821.0117, 3.737208
821.4938, 4.322011
821.9760, 0.2356970
822.4581, 4.583691
822.9402, 3.406860
823.4223, 2.074408
823.9044, 5.982859
824.3865, 6.570816
824.8687, 6.327251
825.3508, 5.320740
825.8329, 4.762843
826.3150, 6.828938
826.7971, 10.14442
827.2792, 10.74021
827.7614, 6.824908
828.2435, 1.978846
828.7256, 0.8214030
829.2077, 2.405090
829.6898, 2.823307
830.1719, 1.977234
830.6541, 2.698627
831.1362, 6.504644
831.6183, 10.50900
832.1004, 11.17396
832.5825, 8.551277
833.0646, 6.299170
833.5468, 3.593016
834.0289, 2.623938
834.5110, 5.378433
834.9931, 8.220469
835.4752, 8.424441
835.9573, 6.916479
836.4395, 6.493264
836.9216, 8.215963
837.4037, 9.603115
837.8858, 8.239958
838.3679, 6.746206
838.8500, 8.992194
839.3322, 13.32537
839.8143, 14.91587
840.2964, 12.24015
840.7785, 8.418951
841.2606, 6.794357
841.7427, 6.865856
842.2249, 6.617222
842.7070, 6.011053
843.1891, 6.140827
843.6712, 7.531609
844.1533, 8.850803
844.6354, 8.894353
845.1176, 7.875955
845.5997, 7.190034
846.0818, 7.212823
846.5639, 7.245222
847.0460, 7.361032
847.5281, 7.311253
848.0103, 7.018459
848.4924, 6.468109
848.9745, 5.785442
849.4566, 4.489624
849.9387, 3.671436
850.4208, 4.634050
850.9030, 5.886368
851.3851, 5.814056
851.8672, 5.072357
852.3493, 5.185597
852.8314, 6.279476
853.3135, 6.931648
853.7957, 5.925279
854.2778, 4.212889
854.7599, 4.149114
855.2420, 5.689855
855.7241, 6.558386
856.2062, 6.307920
856.6884, 6.231022
857.1705, 6.983894
857.6526, 8.385712
858.1347, 10.36533
858.6168, 13.49608
859.0989, 14.54827
859.5811, 12.01322
860.0632, 9.412061
860.5453, 7.028002
861.0274, 5.291702
861.5095, 5.053288
861.9916, 5.891646
862.4738, 5.909127
862.9559, 3.835161
863.4380, 1.967001
863.9201, 1.734682
864.4022, 2.563198
864.8843, 4.596926
865.3665, 7.047345
865.8486, 7.510972
866.3307, 5.033104
866.8128, 1.946218
867.2949, 0.9018770
867.7770, 1.692156
868.2592, 4.243890
868.7413, 8.607604
869.2234, 10.02565
869.7055, 6.518154
870.1876, 2.598517
870.6697, 2.700400
871.1519, 5.953518
871.6340, 7.418816
872.1161, 5.855560
872.5981, 4.886133
873.0803, 4.779432
873.5624, 5.177660
874.0445, 6.253943
874.5266, 7.604593
875.0087, 8.844530
875.4908, 9.952337
875.9730, 10.25328
876.4551, 8.786819
876.9372, 7.273481
877.4193, 6.876795
877.9014, 7.166374
878.3835, 7.695375
878.8657, 8.247775
879.3478, 8.462613
879.8299, 8.049314
880.3120, 7.165344
880.7941, 7.145956
881.2762, 7.580889
881.7584, 5.515907
882.2405, 1.222153
882.7226, 6.0745999E-02
883.2047, 4.552222
883.6868, 10.15601
884.1689, 9.547851
884.6511, 3.027367
885.1332, 0.6561570
885.6153, 4.123229
886.0974, 7.082254
886.5795, 8.023380
887.0616, 8.486418
887.5438, 10.25554
888.0259, 9.464862
888.5080, 12.11541
888.9901, 7.856672
889.4722, 4.474855
889.9543, 2.673843
890.4365, 1.871764
890.9186, 2.580859
891.4007, 3.679239
891.8828, 3.401222
892.3649, 1.712989
892.8470, 0.6827280
893.3292, 1.971409
893.8113, 3.787615
894.2934, 4.649282
894.7755, 4.738895
895.2576, 3.797499
895.7397, 2.252886
896.2219, 2.116695
896.7040, 4.494196
897.1861, 7.335995
897.6682, 7.236000
898.1503, 4.654932
898.6324, 3.342914
899.1146, 3.384131
899.5967, 3.793616
900.0788, 4.472019
900.5609, 4.650019
901.0430, 3.340266
901.5251, 0.9140110
902.0073, 0.2855790
902.4894, 0.2482740
902.9715, 0.9519470
903.4536, 1.141081
903.9357, 2.226842
904.4178, 7.350340
904.9000, 12.46403
905.3821, 10.67360
905.8642, 1.008702
906.3463, 5.767745
906.8284, 5.859364
907.3105, 3.969886
907.7927, 0.7708240
908.2748, 2.292531
908.7569, 3.472270
909.2390, 3.170643
909.7211, 3.239963
910.2032, 4.575466
910.6854, 6.000929
911.1675, 6.859895
911.6496, 6.874964
912.1317, 4.650864
912.6138, 1.131598
913.0959, 0.1383510
913.5781, 1.770675
914.0602, 4.108427
914.5423, 4.216333
915.0244, 2.974440
915.5065, 3.176063
915.9886, 4.836243
916.4708, 6.187430
916.9529, 7.060795
917.4350, 7.340403
917.9171, 6.785968
918.3992, 5.939561
918.8813, 5.856411
919.3635, 6.755869
919.8456, 6.652548
920.3277, 4.278634
920.8098, 2.990240
921.2919, 5.183334
921.7740, 7.171428
922.2562, 4.985052
922.7383, 0.5516440
923.2204, 6.4755000E-02
923.7025, 6.471246
924.1846, 11.03450
924.6667, 9.922141
925.1489, 8.132090
925.6310, 9.566669
926.1131, 11.81829
926.5952, 11.64259
927.0773, 8.837021
927.5594, 6.064785
928.0416, 4.577255
928.5237, 4.066999
929.0058, 4.704088
929.4879, 5.891056
929.9700, 7.007966
930.4521, 7.772654
930.9343, 7.439105
931.4164, 5.731494
931.8985, 3.730187
932.3806, 2.789719
932.8627, 2.532916
933.3448, 1.151201
933.8270, 1.078428
934.3091, 0.3370600
934.7912, 4.396038
935.2733, 8.434320
935.7554, 8.332042
936.2375, 5.601334
936.7197, 3.791281
937.2018, 3.013778
937.6839, 2.594361
938.1660, 2.832464
938.6481, 2.543280
939.1302, 0.2864480
939.6124, 1.304777
940.0945, 1.570271
940.5766, 8.110441
941.0587, 10.78813
941.5408, 5.345242
942.0229, 2.704095
942.5051, 5.553728
942.9872, 8.907516
943.4693, 10.95673
943.9514, 11.82827
944.4335, 11.29371
944.9156, 9.223443
945.3978, 7.276928
945.8799, 4.873552
946.3620, 4.047006
946.8441, 7.089798
947.3262, 11.27665
947.8083, 14.14956
948.2905, 15.62295
948.7726, 16.19473
949.2547, 16.03355
949.7368, 16.12908
950.2189, 17.51547
950.7010, 19.48295
951.1832, 21.08898
951.6653, 22.49935
952.1474, 24.46295
952.6295, 26.90150
953.1116, 28.33005
953.5938, 27.65489
954.0759, 26.48260
954.5580, 27.83959
955.0400, 31.15405
955.5222, 33.40699
956.0043, 34.45417
956.4864, 35.04135
956.9685, 35.34988
957.4506, 35.78857
957.9327, 36.74575
958.4149, 38.16763
958.8970, 39.68418
959.3791, 41.10235
959.8612, 43.90087
960.3433, 49.23866
960.8254, 53.17428
961.3076, 53.16916
961.7897, 51.71498
962.2718, 52.20781
962.7539, 54.68839
963.2360, 56.80658
963.7181, 58.51929
964.2003, 59.54988
964.6824, 59.86313
965.1645, 60.41843
965.6466, 62.34724
966.1287, 64.51548
966.6108, 65.56889
967.0930, 65.55164
967.5751, 62.74593
968.0572, 54.18912
968.5393, 46.04875
969.0214, 40.57383
969.5035, 36.75800
969.9857, 34.19735
970.4678, 32.38509
970.9499, 30.53827
971.4320, 28.52351
971.9141, 25.91013
972.3962, 21.77003
972.8784, 17.58902
973.3605, 14.39739
973.8426, 12.21553
974.3247, 11.10198
974.8068, 11.06325
975.2889, 11.72500
975.7711, 13.30943
976.2532, 14.54742
976.7353, 13.24445
977.2174, 11.01523
977.6995, 11.13400
978.1816, 13.06072
978.6638, 14.80474
979.1459, 15.65335
979.6280, 14.53402
980.1101, 10.11283
980.5922, 4.754593
981.0743, 4.517817
981.5565, 1.594904
982.0386, 0.9744520
982.5207, 0.8527680
983.0028, 2.722606
983.4849, 0.4822390
983.9670, 4.486780
984.4492, 9.414687
984.9313, 13.59842
985.4134, 12.67563
985.8955, 5.460226
986.3776, 2.746758
986.8597, 7.066866
987.3419, 10.19937
987.8240, 7.564861
988.3061, 2.826390
988.7882, 1.134826
989.2703, 2.480035
989.7524, 4.057102
990.2346, 6.763868
990.7167, 7.559788
991.1988, 4.079456
991.6809, 1.415820
992.1630, 3.990966
992.6451, 8.621761
993.1273, 9.236013
993.6094, 5.086731
994.0915, 2.440124
994.5736, 1.514652
995.0557, 1.900187
995.5378, 4.906835
996.0200, 7.856359
996.5021, 8.964264
996.9842, 8.721577
997.4663, 8.140800
997.9484, 7.218718
998.4305, 6.796167
998.9127, 8.934516
999.3948, 10.32889
999.8769, 9.543381
1000.359, 7.384571
1000.841, 3.033019
1001.323, 1.764072
1001.805, 2.375496
1002.287, 3.201908
1002.770, 7.912880
1003.252, 7.077938
1003.734, 5.308916
1004.216, 6.267038
1004.698, 8.171544
1005.180, 8.688792
1005.662, 7.585043
1006.144, 5.550123
1006.627, 2.626900
1007.109, 0.5502710
1007.591, 1.063455
1008.073, 2.939474
1008.555, 5.173306
1009.037, 7.500952
1009.519, 10.26245
1010.001, 12.90901
1010.483, 12.62535
1010.966, 7.341938
1011.448, 1.816456
1011.930, 3.144646
1012.412, 0.3953920
1012.894, 0.4000640
1013.376, 1.701056
1013.858, 0.2339320
1014.340, 3.305050
1014.823, 6.504882
1015.305, 6.753147
1015.787, 5.434349
1016.269, 4.329932
1016.751, 3.634160
1017.233, 4.569774
1017.715, 6.873963
1018.197, 8.299847
1018.679, 8.211016
1019.162, 7.095011
1019.644, 5.089489
1020.126, 3.253951
1020.608, 4.665260
1021.090, 8.952211
1021.572, 10.79841
1022.054, 9.928379
1022.536, 9.072256
1023.018, 9.084234
1023.501, 9.500350
1023.983, 9.981091
1024.465, 10.40393
1024.947, 10.29663
1025.429, 9.591381
1025.911, 9.411016
1026.393, 10.13140
1026.875, 9.248351
1027.358, 5.297756
1027.840, 1.424213
1028.322, 0.8030550
1028.804, 2.682675
1029.286, 4.077869
1029.768, 4.999537
1030.250, 5.453261
1030.732, 5.597672
1031.214, 4.609544
1031.697, 1.117685
1032.179, 1.652292
1032.661, 9.3291000E-02
1033.143, 5.252552
1033.625, 8.152057
1034.107, 7.611554
1034.589, 7.850652
1035.071, 9.721896
1035.553, 10.87682
1036.036, 10.36974
1036.518, 8.918386
1037.000, 6.858019
1037.482, 4.426012
1037.964, 2.977129
1038.446, 2.355138
1038.928, 3.073928
1039.410, 6.378119
1039.893, 9.283636
1040.375, 11.58851
1040.857, 12.42177
1041.339, 10.71827
1041.821, 6.962765
1042.303, 4.431434
1042.785, 3.451307
1043.267, 3.150266
1043.750, 4.108701
1044.232, 4.974430
1044.714, 5.046604
1045.196, 4.985182
1045.678, 5.366108
1046.160, 6.181446
1046.642, 7.421679
1047.124, 10.16305
1047.606, 10.88255
1048.089, 6.417370
1048.571, 3.159322
1049.053, 5.014109
1049.535, 8.331288
1050.017, 9.304869
1050.499, 8.155698
1050.981, 7.098910
1051.463, 6.632627
1051.945, 5.830045
1052.428, 3.514065
1052.910, 2.093000
1053.392, 4.206226
1053.874, 6.263659
1054.356, 2.960840
1054.838, 3.694082
1055.320, 5.631949
1055.802, 0.5920410
1056.285, 5.178222
1056.767, 3.035204
1057.249, 1.410050
1057.731, 6.120298
1058.213, 11.24377
1058.695, 9.067107
1059.177, 2.006025
1059.659, 0.4054620
1060.141, 5.586454
1060.624, 9.624619
1061.106, 6.429827
1061.588, 2.524402
1062.070, 6.2512003E-02
1062.552, 0.7094460
1063.034, 2.745737
1063.516, 8.377112
1063.998, 10.80177
1064.480, 8.567984
1064.963, 6.709545
1065.445, 8.131375
1065.927, 9.315887
1066.409, 7.567619
1066.891, 5.414562
1067.373, 5.772342
1067.855, 7.715199
1068.337, 8.687429
1068.820, 8.073947
1069.302, 6.572683
1069.784, 2.645965
1070.266, 0.1876720
1070.748, 3.033239
1071.230, 6.707129
1071.712, 6.005288
1072.194, 3.055618
1072.677, 3.886858
1073.159, 9.667457
1073.641, 12.65834
1074.123, 6.430110
1074.605, 0.5000610
1075.087, 0.3789650
1075.569, 2.038070
1076.051, 1.797405
1076.533, 0.7128920
1077.016, 1.796020
1077.498, 5.322330
1077.980, 7.402451
1078.462, 5.236096
1078.944, 2.969962
1079.426, 2.845560
1079.908, 3.193235
1080.390, 2.429249
1080.872, 1.311567
1081.354, 1.447602
1081.837, 2.835019
1082.319, 3.524552
1082.801, 2.313789
1083.283, 1.198231
1083.765, 0.6629870
1084.247, 1.024071
1084.729, 3.453858
1085.211, 6.347221
1085.694, 7.703652
1086.176, 7.363989
1086.658, 6.048343
1087.140, 3.486231
1087.622, 1.427427
1088.104, 0.5599500
1088.586, 0.4079510
1089.068, 0.7380720
1089.551, 1.578346
1090.033, 3.469123
1090.515, 6.026995
1090.997, 7.090396
1091.479, 5.829176
1091.961, 4.369063
1092.443, 3.033696
1092.925, 2.281671
1093.407, 2.793200
1093.890, 3.652322
1094.372, 4.157660
1094.854, 4.222121
1095.336, 3.607368
1095.818, 2.095228
1096.300, 1.642275
1096.782, 4.217845
1097.264, 6.181623
1097.746, 5.439354
1098.229, 4.166733
1098.711, 4.359406
1099.193, 5.205140
1099.675, 4.608860
1100.157, 2.286905
1100.639, 1.498224
1101.121, 4.898079
1101.603, 7.286600
1102.086, 6.154449
1102.568, 4.788384
1103.050, 5.147806
1103.532, 6.587484
1104.014, 8.801661
1104.496, 11.43528
1104.978, 11.69679
1105.460, 7.458084
1105.943, 3.617765
1106.425, 0.2281140
1106.907, 1.716963
1107.389, 1.251709
1107.871, 0.2995230
1108.353, 2.399825
1108.835, 4.550763
1109.317, 4.569569
1109.799, 0.4863930
1110.281, 1.230957
1110.764, 1.090684
1111.246, 4.221037
1111.728, 8.538607
1112.210, 12.14579
1112.692, 13.39002
1113.174, 12.64047
1113.656, 10.78833
1114.138, 6.940706
1114.621, 4.029180
1115.103, 1.439362
1115.585, 0.9177480
1116.067, 5.146964
1116.549, 8.263269
1117.031, 5.332490
1117.513, 0.3330610
1117.995, 0.5115570
1118.478, 5.932498
1118.960, 7.889612
1119.442, 4.817680
1119.924, 1.768537
1120.406, 1.922485
1120.888, 3.209143
1121.370, 2.5762999E-02
1121.852, 4.855460
1122.334, 8.681425
1122.817, 11.29835
1123.299, 11.50730
1123.781, 8.258673
1124.263, 7.295393
1124.745, 9.766239
1125.227, 10.54556
1125.709, 7.365568
1126.191, 4.395160
1126.673, 5.303849
1127.156, 8.474569
1127.638, 9.965573
1128.120, 9.707192
1128.602, 9.731675
1129.084, 10.09581
1129.566, 10.07586
1130.048, 9.478772
1130.530, 8.951552
1131.013, 8.880793
1131.495, 8.998621
1131.977, 8.839887
1132.459, 8.564030
1132.941, 9.509931
1133.423, 11.44251
1133.905, 10.17268
1134.387, 5.476949
1134.870, 2.798641
1135.352, 4.283998
1135.834, 7.623699
1136.316, 11.02601
1136.798, 13.65141
1137.280, 12.83849
1137.762, 14.16235
1138.244, 13.81212
1138.726, 12.05259
1139.208, 11.58369
1139.691, 7.596863
1140.173, 4.269433
1140.655, 4.075342
1141.137, 4.996808
1141.619, 4.260771
1142.101, 2.913839
1142.583, 3.157610
1143.065, 4.158415
1143.548, 3.833885
1144.030, 2.268747
1144.512, 0.6744980
1144.994, 0.4191750
1145.476, 0.2419850
1145.958, 2.546784
1146.440, 6.001817
1146.922, 8.530451
1147.405, 10.07438
1147.887, 10.25751
1148.369, 9.464333
1148.851, 8.418584
1149.333, 7.264558
1149.815, 5.661421
1150.297, 3.076385
1150.779, 1.025468
1151.261, 0.2036460
1151.744, 0.4492650
1152.226, 2.246387
1152.708, 4.612954
1153.190, 6.860017
1153.672, 8.590166
1154.154, 8.844441
1154.636, 7.106061
1155.118, 6.074258
1155.600, 7.123459
1156.083, 8.207755
1156.565, 8.796249
1157.047, 9.000237
1157.529, 8.707827
1158.011, 8.209357
1158.493, 8.149562
1158.975, 8.535257
1159.457, 7.808847
1159.940, 4.363017
1160.422, 2.276131
1160.904, 1.954714
1161.386, 2.636146
1161.868, 5.088215
1162.350, 7.227717
1162.832, 7.085784
1163.314, 5.167119
1163.796, 2.702116
1164.279, 0.9871780
1164.761, 1.112099
1165.243, 3.830634
1165.725, 7.737977
1166.207, 9.250735
1166.689, 9.863545
1167.171, 10.47328
1167.653, 10.69324
1168.135, 9.623263
1168.618, 7.644022
1169.100, 6.242338
1169.582, 5.483447
1170.064, 5.134062
1170.546, 5.183268
1171.028, 6.320472
1171.510, 8.773649
1171.992, 10.77048
1172.474, 10.96516
1172.957, 9.477830
1173.439, 5.028993
1173.921, 0.4740240
1174.403, 0.7045770
1174.885, 2.966023
1175.367, 5.732990
1175.849, 6.966978
1176.331, 8.572207
1176.814, 11.25875
1177.296, 12.46531
1177.778, 8.102638
1178.260, 3.460649
1178.742, 6.990746
1179.224, 12.80198
1179.706, 11.27625
1180.188, 5.470013
1180.671, 2.863751
1181.153, 4.440418
1181.635, 6.174474
1182.117, 6.222859
1182.599, 6.602813
1183.081, 10.08301
1183.563, 12.22354
1184.045, 7.834521
1184.527, 2.828064
1185.010, 3.883266
1185.492, 8.846311
1185.974, 11.90123
1186.456, 12.17722
1186.938, 11.99985
1187.420, 12.42958
1187.902, 11.38386
1188.384, 6.635161
1188.866, 2.686509
1189.349, 1.453824
1189.831, 1.977055
1190.313, 3.878985
1190.795, 6.610199
1191.277, 7.855901
1191.759, 9.271903
1192.241, 10.58885
1192.723, 10.33669
1193.206, 11.62027
1193.688, 10.27757
1194.170, 8.985310
1194.652, 9.436946
1195.134, 10.27271
1195.616, 9.664612
1196.098, 7.726830
1196.580, 3.764392
1197.063, 4.726783
1197.545, 1.104593
1198.027, 5.021007
1198.509, 9.391802
1198.991, 9.944389
1199.473, 9.496190
1199.955, 9.995629
1200.437, 10.30322
1200.919, 8.020350
1201.401, 5.176180
1201.884, 6.546095
1202.366, 3.929308
1202.848, 7.721969
1203.330, 2.385611
1203.812, 0.7436350
1204.294, 2.6899001E-02
1204.776, 2.899357
1205.258, 8.220877
1205.741, 12.59166
1206.223, 13.61262
1206.705, 13.27349
1207.187, 11.58692
1207.669, 9.751592
1208.151, 10.05061
1208.633, 11.61275
1209.115, 10.84866
1209.598, 6.337884
1210.080, 4.362630
1210.562, 9.100763
1211.044, 11.63526
1211.526, 7.706625
1212.008, 4.338192
1212.490, 5.153277
1212.972, 7.807631
1213.454, 10.25269
1213.937, 12.00545
1214.419, 10.07386
1214.901, 2.855927
1215.383, 0.5157050
1215.865, 3.964295
1216.347, 7.072843
1216.829, 8.511640
1217.311, 9.069604
1217.793, 9.188192
1218.276, 8.733337
1218.758, 7.235633
1219.240, 5.411392
1219.722, 5.497186
1220.204, 6.969565
1220.686, 8.235853
1221.168, 9.040543
1221.650, 8.934716
1222.133, 7.873043
1222.615, 6.629405
1223.097, 5.692513
1223.579, 4.504715
1224.061, 2.092196
1224.543, 0.2349650
1225.025, 1.514469
1225.507, 1.695695
1225.990, 0.6937260
1226.472, 1.406001
1226.954, 5.477863
1227.436, 11.04226
1227.918, 13.33034
1228.400, 8.234616
1228.882, 5.456925
1229.364, 9.636815
1229.846, 13.32900
1230.328, 14.55163
1230.811, 13.46107
1231.293, 8.889325
1231.775, 3.136592
1232.257, 0.6968220
1232.739, 1.541244
1233.221, 1.533556
1233.703, 5.5477001E-02
1234.185, 0.8027370
1234.668, 4.570349
1235.150, 7.627585
1235.632, 8.775829
1236.114, 8.623789
1236.596, 7.473246
1237.078, 6.186798
1237.560, 6.038944
1238.042, 7.062087
1238.525, 10.78108
1239.007, 15.50902
1239.489, 15.04593
1239.971, 10.19843
1240.453, 6.091616
1240.935, 4.439485
1241.417, 4.744212
1241.899, 7.431893
1242.381, 10.33728
1242.864, 12.40305
1243.346, 13.36967
1243.828, 12.21578
1244.310, 10.50457
1244.792, 9.966405
1245.274, 10.36280
1245.756, 10.42153
1246.238, 9.961082
1246.720, 9.283936
1247.203, 7.289648
1247.685, 7.022152
1248.167, 11.00947
1248.649, 13.04469
1249.131, 10.02993
1249.613, 6.444310
1250.095, 5.584924
1250.577, 6.503446
1251.059, 7.452169
1251.542, 8.452887
1252.024, 10.25221
1252.506, 12.84152
1252.988, 14.08801
1253.470, 13.81814
1253.952, 12.39376
1254.434, 10.04885
1254.916, 8.091890
1255.399, 7.168303
1255.881, 7.462838
1256.363, 8.426692
1256.845, 9.519642
1257.327, 10.33800
1257.809, 10.75777
1258.291, 11.04255
1258.773, 10.59937
1259.255, 7.011185
1259.738, 0.7516540
1260.220, 1.335417
1260.702, 5.214213
1261.184, 9.926153
1261.666, 7.630942
1262.148, 5.323354
1262.630, 7.233896
1263.112, 8.491669
1263.594, 3.542677
1264.077, 2.565621
1264.559, 1.618974
1265.041, 5.238946
1265.523, 7.930371
1266.005, 5.440777
1266.487, 4.892488
1266.969, 6.738696
1267.451, 7.977904
1267.934, 7.880929
1268.416, 7.976553
1268.898, 9.153185
1269.380, 10.36507
1269.862, 10.20115
1270.344, 11.11826
1270.826, 10.38612
1271.308, 11.82510
1271.791, 12.69104
1272.273, 12.90601
1272.755, 11.31112
1273.237, 9.839304
1273.719, 9.831448
1274.201, 12.14868
1274.683, 11.88533
1275.165, 7.701444
1275.647, 4.403224
1276.130, 1.832731
1276.612, 0.6008960
1277.094, 1.697089
1277.576, 3.798096
1278.058, 6.229187
1278.540, 8.188878
1279.022, 7.016707
1279.504, 2.257539
1279.986, 1.309955
1280.469, 5.069307
1280.951, 7.005651
1281.433, 6.398851
1281.915, 5.747401
1282.397, 5.995774
1282.879, 5.647853
1283.361, 3.392365
1283.843, 0.8534650
1284.326, 3.1985998E-02
1284.808, 0.0000000E+00
##END=



