##NAMES=Metaschoderite
##RRUFFID=R100023
##IDEAL CHEMISTRY=AlPO_4_&#183;3H_2_O
##LOCALITY=Fish Creek Range, Eureka County, Nevada, USA
##OWNER=RRUFF
##SOURCE=Marcus Origlieri
##DESCRIPTION=Microcrystalline greenish-yellow coating
##STATUS=The identification of this mineral is not yet confirmed.
##URL=rruff.info/R100023
101.1755, 0.0000000E+00
101.6577, 1.062775
102.1398, 1.622490
102.6219, 0.5659030
103.1040, 1.1364000E-02
103.5861, 0.4154780
104.0682, 1.028580
104.5504, 1.307953
105.0325, 1.275646
105.5146, 1.209801
105.9967, 1.670654
106.4788, 3.397341
106.9609, 4.689768
107.4431, 3.933159
107.9252, 2.432297
108.4073, 1.329613
108.8894, 0.9231720
109.3715, 0.9988880
109.8536, 1.262285
110.3358, 1.838995
110.8179, 2.201305
111.3000, 1.667831
111.7821, 0.4287150
112.2642, 0.2316170
112.7463, 0.2266650
113.2285, 1.173018
113.7106, 1.914309
114.1927, 2.332798
114.6748, 2.680708
115.1569, 3.548090
115.6390, 4.306530
116.1212, 4.477016
116.6033, 3.664486
117.0854, 2.595919
117.5675, 2.087833
118.0496, 2.631748
118.5317, 3.900234
119.0139, 4.302361
119.4960, 2.556992
119.9781, 1.252745
120.4602, 1.195950
120.9423, 1.903738
121.4244, 2.456194
121.9066, 2.093317
122.3887, 0.7021880
122.8708, 1.2150000E-02
123.3529, 0.3988690
123.8350, 0.9656660
124.3171, 1.397631
124.7993, 1.637863
125.2814, 1.689486
125.7635, 1.528011
126.2456, 1.093649
126.7277, 0.7032660
127.2098, 0.3792110
127.6920, 9.3138002E-02
128.1741, 0.2785630
128.6562, 0.8147560
129.1383, 1.163290
129.6204, 0.6844410
130.1025, 0.5209870
130.5847, 1.648466
131.0668, 2.446424
131.5489, 2.926550
132.0310, 3.087440
132.5131, 2.711952
132.9952, 2.240242
133.4774, 2.100290
133.9595, 2.295883
134.4416, 2.502083
134.9237, 2.296854
135.4058, 1.558115
135.8879, 1.261209
136.3701, 2.176394
136.8522, 3.223881
137.3343, 3.784082
137.8164, 3.706978
138.2985, 3.271206
138.7806, 2.934011
139.2628, 2.724506
139.7449, 2.576315
140.2270, 2.601637
140.7091, 2.620169
141.1912, 2.409752
141.6733, 1.872969
142.1555, 1.159868
142.6376, 0.7959960
143.1197, 1.043293
143.6018, 1.377518
144.0839, 2.016588
144.5660, 2.679394
145.0482, 2.832806
145.5303, 2.072550
146.0124, 0.6135730
146.4945, 8.1358001E-02
146.9766, 1.176670
147.4587, 2.285986
147.9409, 2.688313
148.4230, 2.483635
148.9051, 2.220911
149.3872, 2.308228
149.8693, 2.657831
150.3514, 2.736094
150.8336, 2.272024
151.3157, 1.694834
151.7978, 1.337456
152.2799, 1.202835
152.7620, 1.312513
153.2441, 2.113129
153.7263, 3.163742
154.2084, 3.651947
154.6905, 2.874540
155.1726, 1.409985
155.6547, 0.4974170
156.1368, 0.1908800
156.6190, 0.4244210
157.1011, 1.615515
157.5832, 3.244999
158.0653, 4.268066
158.5474, 3.610750
159.0295, 1.491823
159.5117, 0.4809890
159.9938, 1.632530
160.4759, 2.954769
160.9580, 4.031034
161.4401, 4.729450
161.9222, 4.830000
162.4044, 3.910664
162.8865, 1.598179
163.3686, 0.4736820
163.8507, 1.409372
164.3328, 2.677013
164.8149, 3.771513
165.2971, 4.539680
165.7792, 4.881483
166.2613, 4.602764
166.7434, 3.262497
167.2255, 2.632870
167.7076, 3.300083
168.1898, 4.171377
168.6719, 4.379812
169.1540, 3.783318
169.6361, 2.971443
170.1182, 2.778502
170.6003, 3.586758
171.0825, 4.277277
171.5646, 4.863184
172.0467, 5.271263
172.5288, 5.369020
173.0109, 5.093937
173.4930, 4.642639
173.9752, 4.317413
174.4573, 4.122143
174.9394, 3.946390
175.4215, 3.741264
175.9036, 3.532614
176.3857, 3.370653
176.8679, 3.263163
177.3500, 3.220987
177.8321, 3.232933
178.3142, 3.294443
178.7963, 3.444962
179.2784, 3.728966
179.7606, 4.135187
180.2427, 4.578077
180.7248, 5.230953
181.2069, 5.729904
181.6890, 5.649086
182.1711, 4.934700
182.6533, 4.118425
183.1354, 3.664141
183.6175, 3.588331
184.0996, 3.741379
184.5817, 4.488337
185.0638, 5.217207
185.5460, 5.586971
186.0281, 5.504728
186.5102, 5.057367
186.9923, 4.243561
187.4744, 2.738808
187.9565, 1.982487
188.4387, 2.726231
188.9208, 3.759501
189.4029, 4.145000
189.8850, 3.617357
190.3671, 2.693127
190.8492, 2.382469
191.3314, 3.262779
191.8135, 3.843904
192.2956, 3.862341
192.7777, 3.665304
193.2598, 3.574602
193.7419, 3.713781
194.2241, 3.955019
194.7062, 3.990124
195.1883, 3.537600
195.6704, 3.189285
196.1525, 2.943388
196.6346, 2.813469
197.1168, 2.867142
197.5989, 3.143702
198.0810, 3.520624
198.5631, 3.630228
199.0452, 3.204294
199.5273, 2.884254
200.0095, 2.930992
200.4916, 3.127474
200.9737, 3.023327
201.4558, 2.324760
201.9379, 1.393410
202.4200, 1.370552
202.9022, 2.893780
203.3843, 4.034227
203.8664, 3.792137
204.3485, 2.596891
204.8306, 1.623394
205.3127, 1.373314
205.7949, 1.661318
206.2770, 2.040602
206.7591, 2.590828
207.2412, 3.062263
207.7233, 3.245304
208.2054, 3.188557
208.6876, 3.192120
209.1697, 3.406080
209.6518, 3.725391
210.1339, 3.991228
210.6160, 4.196236
211.0981, 4.349361
211.5803, 4.499369
212.0624, 4.649231
212.5445, 4.603346
213.0266, 3.958487
213.5087, 3.318489
213.9908, 3.278486
214.4730, 3.974281
214.9551, 5.002846
215.4372, 6.085003
215.9193, 7.335642
216.4014, 8.189741
216.8836, 7.793604
217.3657, 7.177132
217.8478, 7.039581
218.3299, 7.542637
218.8120, 8.368107
219.2941, 9.114750
219.7763, 9.816906
220.2584, 10.31206
220.7405, 10.43688
221.2226, 10.44411
221.7047, 10.45473
222.1868, 10.50999
222.6690, 10.66191
223.1511, 11.05494
223.6332, 11.94095
224.1153, 12.47795
224.5974, 12.28687
225.0795, 11.96494
225.5617, 11.97735
226.0438, 12.44225
226.5259, 13.10079
227.0080, 13.47236
227.4901, 13.21580
227.9722, 13.30881
228.4544, 13.83868
228.9365, 14.63596
229.4186, 15.71912
229.9007, 17.03859
230.3828, 18.31318
230.8649, 19.01753
231.3471, 18.62689
231.8292, 18.48131
232.3113, 18.89828
232.7934, 19.35569
233.2755, 19.32491
233.7576, 18.69785
234.2398, 17.90835
234.7219, 17.73276
235.2040, 18.85384
235.6861, 19.42053
236.1682, 19.33277
236.6503, 18.76564
237.1325, 17.70131
237.6146, 16.17208
238.0967, 14.55913
238.5788, 13.46422
239.0609, 13.25230
239.5430, 12.73515
240.0252, 11.71240
240.5073, 10.45217
240.9894, 9.082054
241.4715, 7.630070
241.9536, 6.428617
242.4357, 6.046686
242.9179, 6.762091
243.4000, 7.058357
243.8821, 6.397705
244.3642, 5.434010
244.8463, 4.915070
245.3284, 5.000441
245.8106, 5.272638
246.2927, 5.198952
246.7748, 4.756420
247.2569, 4.553005
247.7390, 5.042717
248.2211, 5.660652
248.7033, 5.694462
249.1854, 5.004318
249.6675, 3.983490
250.1496, 2.702948
250.6317, 1.259241
251.1138, 0.6151960
251.5960, 1.546192
252.0781, 3.140270
252.5602, 4.301710
253.0423, 4.925133
253.5244, 5.139427
254.0065, 4.792946
254.4887, 4.076145
254.9708, 3.502893
255.4529, 3.309368
255.9350, 3.288002
256.4171, 3.121262
256.8992, 2.754951
257.3813, 2.451450
257.8635, 2.648346
258.3456, 3.021524
258.8277, 2.950550
259.3098, 1.694071
259.7919, 0.2354350
260.2740, 0.2330060
260.7562, 2.049906
261.2383, 3.752438
261.7204, 4.033739
262.2025, 3.586756
262.6846, 3.211142
263.1667, 3.227514
263.6489, 3.298042
264.1310, 2.831959
264.6131, 1.662153
265.0952, 0.6824990
265.5773, 0.3465880
266.0594, 0.3917100
266.5416, 0.7085910
267.0237, 1.386566
267.5058, 2.010429
267.9879, 1.882811
268.4700, 0.7928680
268.9521, 6.9347002E-02
269.4343, 0.1991250
269.9164, 1.7300000E-02
270.3985, 0.4161130
270.8806, 0.9839380
271.3627, 1.479172
271.8448, 1.629871
272.3270, 1.430145
272.8091, 0.9150910
273.2912, 0.5495660
273.7733, 1.925905
274.2554, 2.549786
274.7375, 2.313845
275.2197, 1.576477
275.7018, 0.5278240
276.1839, 0.9596790
276.6660, 1.905085
277.1481, 1.686558
277.6302, 1.208359
278.1124, 0.8105050
278.5945, 0.5540350
279.0766, 0.4242000
279.5587, 0.4190620
280.0408, 0.5451530
280.5229, 0.7368160
281.0051, 1.170401
281.4872, 1.513355
281.9693, 1.518179
282.4514, 1.273809
282.9335, 1.098867
283.4156, 1.337238
283.8978, 2.003387
284.3799, 2.395475
284.8620, 2.279419
285.3441, 2.101097
285.8262, 2.022648
286.3083, 2.003075
286.7905, 1.911293
287.2726, 1.601856
287.7547, 1.124496
288.2368, 1.002508
288.7189, 1.845285
289.2010, 2.305775
289.6832, 1.732861
290.1653, 0.6153260
290.6474, 0.3510170
291.1295, 0.7898290
291.6116, 0.7336960
292.0938, 1.198213
292.5759, 1.062210
293.0580, 2.114506
293.5401, 2.658512
294.0222, 2.858191
294.5043, 2.885584
294.9865, 2.816715
295.4686, 2.632921
295.9507, 2.229115
296.4328, 1.218908
296.9149, 0.7139340
297.3970, 1.124962
297.8792, 1.863649
298.3613, 2.482546
298.8434, 2.832371
299.3255, 2.952883
299.8076, 2.883940
300.2897, 2.540833
300.7719, 2.189678
301.2540, 1.533056
301.7361, 1.091024
302.2182, 1.359451
302.7003, 2.328619
303.1824, 3.440357
303.6646, 4.000862
304.1467, 3.828976
304.6288, 3.746553
305.1109, 3.815540
305.5930, 3.913019
306.0751, 3.982637
306.5573, 4.026855
307.0394, 4.093800
307.5215, 4.267103
308.0036, 4.575352
308.4857, 4.564581
308.9678, 3.530466
309.4500, 2.864504
309.9321, 3.264111
310.4142, 4.343502
310.8963, 5.285429
311.3784, 5.526751
311.8605, 5.157801
312.3427, 4.886091
312.8248, 4.665905
313.3069, 4.616268
313.7890, 4.891417
314.2711, 5.305407
314.7532, 5.632717
315.2354, 5.761177
315.7175, 5.731524
316.1996, 5.676109
316.6817, 5.771875
317.1638, 5.522718
317.6459, 4.434488
318.1281, 3.254265
318.6102, 2.709351
319.0923, 3.012486
319.5744, 3.749958
320.0565, 4.374027
320.5386, 5.067657
321.0208, 5.231186
321.5029, 4.056273
321.9850, 2.896719
322.4671, 2.978327
322.9492, 4.259018
323.4313, 5.559147
323.9135, 5.414660
324.3956, 3.366980
324.8777, 2.305365
325.3598, 3.081879
325.8419, 3.922932
326.3240, 4.192781
326.8062, 3.973196
327.2883, 3.582762
327.7704, 3.224031
328.2525, 2.902063
328.7346, 2.806911
329.2167, 3.069828
329.6989, 3.437490
330.1810, 4.112892
330.6631, 4.810759
331.1452, 5.031195
331.6273, 4.387163
332.1094, 3.177748
332.5916, 2.287655
333.0737, 1.879030
333.5558, 1.645041
334.0379, 1.448278
334.5200, 1.337090
335.0021, 1.421684
335.4843, 1.736820
335.9664, 2.134483
336.4485, 2.417877
336.9306, 2.652754
337.4127, 2.564600
337.8948, 1.640057
338.3770, 0.7684750
338.8591, 0.5596100
339.3412, 1.013393
339.8233, 1.631964
340.3055, 1.896469
340.7876, 1.759094
341.2697, 1.746042
341.7518, 2.038794
342.2339, 2.343620
342.7160, 2.371792
343.1982, 2.167124
343.6803, 2.096596
344.1624, 2.406300
344.6445, 3.010859
345.1266, 3.500820
345.6087, 3.936346
346.0909, 4.132784
346.5730, 4.088041
347.0551, 3.798660
347.5372, 3.185719
348.0193, 2.142792
348.5014, 0.9745670
348.9836, 0.2204020
349.4657, 8.2181998E-02
349.9478, 8.4697999E-02
350.4299, 1.372091
350.9120, 2.695917
351.3941, 3.152357
351.8763, 2.589283
352.3584, 1.779581
352.8405, 1.608749
353.3226, 2.103312
353.8047, 2.205713
354.2868, 1.359167
354.7690, 0.5218890
355.2511, 0.2611270
355.7332, 0.5300830
356.2153, 1.047800
356.6974, 1.849907
357.1795, 2.790434
357.6617, 3.262756
358.1438, 3.116926
358.6259, 2.785690
359.1080, 2.331736
359.5901, 1.896654
360.0722, 1.741516
360.5544, 2.067574
361.0365, 2.586899
361.5186, 2.962275
362.0007, 3.205807
362.4828, 3.171612
362.9649, 2.535597
363.4471, 1.732937
363.9292, 1.224735
364.4113, 1.058634
364.8934, 1.179388
365.3755, 1.811094
365.8576, 2.800812
366.3398, 3.224522
366.8219, 2.600571
367.3040, 1.748316
367.7861, 1.572395
368.2682, 2.006216
368.7503, 2.445251
369.2325, 2.619936
369.7146, 2.657072
370.1967, 2.849703
370.6788, 3.278839
371.1609, 3.508331
371.6430, 3.031231
372.1252, 2.062916
372.6073, 1.341459
373.0894, 1.013609
373.5715, 0.9246140
374.0536, 1.125755
374.5357, 1.541206
375.0179, 1.659050
375.5000, 1.078268
375.9821, 0.1884350
376.4642, 2.4752000E-02
376.9463, 0.8145350
377.4284, 1.377371
377.9106, 0.6934390
378.3927, 0.4658360
378.8748, 0.6216110
379.3569, 0.6882740
379.8390, 2.355610
380.3211, 3.016073
380.8033, 2.516592
381.2854, 1.789989
381.7675, 1.919402
382.2496, 0.8343350
382.7317, 1.232424
383.2138, 0.7929590
383.6960, 8.4105000E-02
384.1781, 1.229389
384.6602, 2.577421
385.1423, 3.233252
385.6244, 2.895826
386.1065, 2.349829
386.5887, 1.701189
387.0708, 1.044250
387.5529, 0.4547920
388.0350, 4.4822998E-02
388.5171, 0.3271870
388.9992, 8.7479003E-02
389.4814, 1.515594
389.9635, 2.324768
390.4456, 1.722715
390.9277, 0.7515320
391.4098, 0.1625750
391.8919, 0.1012690
392.3741, 0.3693830
392.8562, 0.7989080
393.3383, 1.432756
393.8204, 1.907986
394.3025, 2.268999
394.7846, 2.441298
395.2668, 2.126471
395.7489, 1.632038
396.2310, 1.593407
396.7131, 2.438934
397.1952, 3.787432
397.6773, 4.301651
398.1595, 3.594822
398.6416, 2.628191
399.1237, 0.8332710
399.6058, 0.7218420
400.0879, 0.8536660
400.5700, 0.5988310
401.0522, 2.427563
401.5343, 3.067986
402.0164, 2.253553
402.4985, 1.823420
402.9806, 2.375544
403.4627, 2.816021
403.9449, 2.516691
404.4270, 1.708761
404.9091, 1.026733
405.3912, 0.8448180
405.8733, 1.081833
406.3554, 1.582066
406.8376, 2.575481
407.3197, 3.234974
407.8018, 2.860828
408.2839, 2.197050
408.7660, 2.057724
409.2481, 2.709475
409.7303, 3.489643
410.2124, 3.691175
410.6945, 3.352495
411.1766, 3.101990
411.6587, 3.170214
412.1408, 3.232031
412.6230, 2.899117
413.1051, 2.235229
413.5872, 1.728474
414.0693, 1.604042
414.5514, 1.750822
415.0335, 2.132059
415.5157, 2.790596
415.9978, 3.164703
416.4799, 2.676390
416.9620, 1.651966
417.4441, 1.134966
417.9262, 1.456871
418.4084, 1.899488
418.8905, 2.134798
419.3726, 2.179358
419.8547, 2.022449
420.3368, 1.615894
420.8189, 1.150873
421.3011, 0.8846190
421.7832, 0.7430780
422.2653, 1.090616
422.7474, 2.786985
423.2295, 4.436457
423.7116, 4.555731
424.1938, 3.223381
424.6759, 1.902494
425.1580, 1.775522
425.6401, 2.682850
426.1222, 3.022572
426.6043, 2.363562
427.0865, 1.762304
427.5686, 1.430658
428.0507, 1.328657
428.5328, 1.427330
429.0149, 1.707563
429.4970, 2.056950
429.9792, 2.279711
430.4613, 2.348507
430.9434, 2.339373
431.4255, 2.069241
431.9076, 1.892899
432.3897, 2.192045
432.8719, 2.804157
433.3540, 3.175095
433.8361, 2.819057
434.3182, 1.843410
434.8003, 1.037354
435.2824, 0.3165150
435.7646, 0.1103710
436.2467, 0.2787060
436.7288, 0.1587520
437.2109, 0.4505690
437.6930, 1.534937
438.1751, 2.614336
438.6573, 3.000957
439.1394, 2.635937
439.6215, 2.393770
440.1036, 2.447111
440.5857, 2.498327
441.0678, 2.335970
441.5500, 2.050335
442.0321, 1.852354
442.5142, 1.959848
442.9963, 2.180668
443.4784, 2.060995
443.9605, 1.526211
444.4427, 1.243027
444.9248, 1.677612
445.4069, 2.513962
445.8890, 3.269615
446.3711, 4.106644
446.8532, 4.409609
447.3354, 3.256325
447.8175, 1.285795
448.2996, 0.2410490
448.7817, 0.5715030
449.2638, 1.361652
449.7459, 1.625734
450.2281, 1.331501
450.7102, 1.415646
451.1923, 2.135141
451.6744, 3.081808
452.1565, 4.297220
452.6386, 5.454885
453.1208, 5.752010
453.6029, 4.657764
454.0850, 2.723518
454.5671, 1.475187
455.0492, 1.214798
455.5313, 1.297943
456.0135, 2.198847
456.4956, 3.116089
456.9777, 3.344643
457.4598, 2.784037
457.9419, 1.942572
458.4240, 1.261559
458.9062, 0.6728520
459.3883, 0.5461440
459.8704, 1.328814
460.3525, 2.097904
460.8346, 2.813313
461.3167, 3.344137
461.7989, 3.473789
462.2810, 3.114027
462.7631, 2.569078
463.2452, 2.330328
463.7273, 2.462296
464.2094, 2.523909
464.6916, 2.335957
465.1737, 2.184385
465.6558, 2.204016
466.1379, 2.395979
466.6200, 2.747149
467.1021, 3.525564
467.5843, 4.335825
468.0664, 4.218660
468.5485, 3.028852
469.0306, 1.967564
469.5127, 1.679253
469.9948, 1.778271
470.4770, 1.624142
470.9591, 1.109642
471.4412, 0.6692470
471.9233, 0.5638770
472.4054, 0.6685660
472.8875, 0.7240510
473.3697, 0.6748330
473.8518, 0.7404590
474.3339, 1.176939
474.8160, 1.978592
475.2981, 2.557981
475.7802, 2.972343
476.2624, 3.112820
476.7445, 2.741943
477.2266, 2.092640
477.7087, 1.620937
478.1908, 1.506920
478.6729, 1.545942
479.1551, 1.348207
479.6372, 0.6726190
480.1193, 0.3419610
480.6014, 0.7776570
481.0835, 1.130457
481.5656, 0.6589470
482.0478, 0.3264050
482.5299, 0.8623840
483.0120, 0.2329010
483.4941, 1.161724
483.9762, 1.743546
484.4583, 1.060398
484.9405, 0.4765800
485.4226, 8.1863001E-02
485.9047, 4.5150002E-03
486.3868, 0.4674240
486.8689, 1.483217
487.3510, 2.524067
487.8332, 3.228346
488.3153, 3.606730
488.7974, 3.576948
489.2795, 3.020735
489.7616, 2.337111
490.2437, 1.609327
490.7259, 0.9478570
491.2080, 0.5380230
491.6901, 0.4370190
492.1722, 0.5535760
492.6543, 1.072115
493.1364, 1.765026
493.6186, 1.805632
494.1007, 0.8455580
494.5828, 0.1136070
495.0649, 0.2380220
495.5470, 2.055477
496.0291, 3.118940
496.5113, 2.926985
496.9934, 2.368490
497.4755, 1.822950
497.9576, 1.342295
498.4397, 0.9644720
498.9218, 0.7114070
499.4040, 0.5535340
499.8861, 0.4139140
500.3682, 0.1137330
500.8503, 0.1897790
501.3324, 1.023457
501.8145, 1.863474
502.2967, 2.375443
502.7788, 2.487753
503.2609, 2.116827
503.7430, 1.064034
504.2251, 0.3528590
504.7072, 0.7762860
505.1894, 0.2395690
505.6715, 1.113426
506.1536, 1.494335
506.6357, 1.593376
507.1178, 1.534561
507.5999, 1.337742
508.0821, 0.9947510
508.5642, 0.2145980
509.0463, 0.7105480
509.5284, 0.7816930
510.0105, 0.2378460
510.4926, 1.324352
510.9748, 1.937500
511.4569, 2.133333
511.9390, 2.069176
512.4211, 1.620201
512.9032, 1.152115
513.3853, 0.7903120
513.8674, 0.5435090
514.3495, 0.4028380
514.8317, 0.3657970
515.3138, 0.5508170
515.7959, 1.157129
516.2780, 2.243475
516.7601, 2.827822
517.2422, 2.663332
517.7244, 2.363367
518.2065, 2.060846
518.6886, 1.775806
519.1707, 1.497927
519.6528, 1.228258
520.1349, 1.016024
520.6171, 0.9219570
521.0992, 0.9246960
521.5813, 1.135746
522.0634, 1.915009
522.5455, 2.545477
523.0276, 2.691826
523.5098, 2.512331
523.9919, 2.318569
524.4740, 2.249325
524.9561, 2.217993
525.4382, 2.089611
525.9203, 1.862989
526.4025, 1.623835
526.8846, 1.303432
527.3667, 1.100603
527.8488, 1.332815
528.3309, 1.912287
528.8130, 2.254881
529.2952, 1.940800
529.7773, 1.529554
530.2594, 1.437901
530.7415, 1.650156
531.2236, 2.191801
531.7057, 3.180017
532.1879, 4.167603
532.6700, 4.235970
533.1521, 2.761089
533.6342, 1.767962
534.1163, 1.559383
534.5984, 1.616940
535.0806, 1.723505
535.5627, 1.805147
536.0448, 1.775200
536.5269, 1.571787
537.0090, 1.256348
537.4911, 1.007980
537.9733, 0.8049450
538.4554, 0.7173370
538.9375, 0.7195220
539.4196, 0.8591370
539.9017, 1.354803
540.3839, 2.046097
540.8660, 2.407591
541.3481, 1.768187
541.8302, 0.6473710
542.3123, 0.3903160
542.7944, 1.128824
543.2766, 1.534101
543.7587, 0.7736660
544.2408, 0.3203980
544.7229, 0.4293910
545.2050, 0.5849300
545.6871, 1.296904
546.1693, 0.7871110
546.6514, 2.1699999E-04
547.1335, 5.6219000E-02
547.6156, 0.9234090
548.0977, 1.883749
548.5798, 2.569221
549.0620, 2.921785
549.5441, 2.744530
550.0262, 1.181425
550.5083, 0.2316680
550.9904, 0.3214910
551.4725, 0.7101440
551.9547, 0.9323040
552.4368, 0.9171390
552.9189, 0.7274650
553.4010, 0.3221050
553.8831, 0.1478210
554.3652, 4.8882999E-02
554.8474, 1.344746
555.3295, 2.211140
555.8116, 1.900768
556.2937, 1.271469
556.7758, 0.7614190
557.2579, 0.3940010
557.7401, 0.4439450
558.2222, 1.454321
558.7043, 2.823112
559.1864, 3.555658
559.6685, 3.619434
560.1506, 3.190548
560.6328, 2.163517
561.1149, 0.8779740
561.5970, 1.9737000E-02
562.0791, 0.5157140
562.5612, 0.5195800
563.0433, 0.8387010
563.5255, 2.236546
564.0076, 2.425388
564.4897, 1.572329
564.9718, 0.7359870
565.4539, 0.5873850
565.9360, 0.9652140
566.4182, 1.349211
566.9003, 1.806677
567.3824, 2.053936
567.8645, 2.043940
568.3466, 1.914730
568.8287, 1.610996
569.3109, 1.265125
569.7930, 1.292831
570.2751, 2.170332
570.7572, 3.354477
571.2393, 3.569017
571.7214, 2.723843
572.2036, 2.008152
572.6857, 1.826509
573.1678, 1.906429
573.6499, 1.922977
574.1320, 1.877913
574.6141, 1.906898
575.0963, 2.114899
575.5784, 2.357620
576.0605, 2.545668
576.5426, 2.663618
577.0247, 2.686460
577.5068, 2.602594
577.9890, 2.410211
578.4711, 2.063458
578.9532, 1.290211
579.4353, 1.085650
579.9174, 2.005684
580.3995, 2.865829
580.8817, 3.019817
581.3638, 2.701559
581.8459, 2.407069
582.3280, 2.364054
582.8101, 2.490747
583.2922, 2.698383
583.7744, 2.998253
584.2565, 3.241661
584.7386, 3.608489
585.2207, 3.620226
585.7029, 2.618933
586.1850, 1.021203
586.6671, 0.1081310
587.1492, 0.5005670
587.6313, 0.3799750
588.1135, 0.3166290
588.5956, 1.379744
589.0777, 2.393629
589.5598, 3.259512
590.0419, 3.837605
590.5240, 3.936707
591.0062, 3.535117
591.4883, 3.151167
591.9704, 2.658534
592.4525, 2.331990
592.9346, 2.447824
593.4167, 2.659636
593.8989, 2.492346
594.3810, 1.886855
594.8631, 1.280000
595.3452, 1.126173
595.8273, 1.397123
596.3094, 1.825109
596.7916, 2.616873
597.2737, 3.097330
597.7558, 2.591791
598.2379, 1.814646
598.7200, 1.532414
599.2021, 1.861299
599.6843, 2.327431
600.1664, 2.843654
600.6485, 3.278725
601.1306, 3.429316
601.6127, 3.294251
602.0948, 2.973914
602.5770, 2.498534
603.0591, 1.990965
603.5412, 1.705709
604.0233, 1.966751
604.5054, 1.910036
604.9875, 1.238049
605.4697, 0.6268400
605.9518, 0.4234110
606.4339, 0.5888150
606.9160, 0.8514210
607.3981, 1.056257
607.8802, 1.187113
608.3624, 1.155068
608.8445, 0.9167920
609.3266, 0.8819170
609.8087, 1.276137
610.2908, 1.677784
610.7729, 1.729828
611.2551, 1.538518
611.7372, 1.427274
612.2193, 1.712603
612.7014, 1.828084
613.1835, 1.032022
613.6656, 0.1818960
614.1478, 0.6478970
614.6299, 8.1407003E-02
615.1120, 0.8257200
615.5941, 1.402870
616.0762, 1.649195
616.5583, 1.855093
617.0405, 2.030984
617.5226, 2.153749
618.0047, 2.193827
618.4868, 2.195057
618.9689, 2.213384
619.4510, 2.248307
619.9332, 2.200748
620.4153, 1.939268
620.8974, 1.619093
621.3795, 1.820201
621.8616, 2.701295
622.3438, 3.235581
622.8259, 2.835300
623.3080, 2.080141
623.7901, 1.792167
624.2722, 1.999878
624.7543, 2.071915
625.2365, 1.594760
625.7186, 1.121107
626.2007, 1.272558
626.6828, 1.816300
627.1649, 2.016047
627.6470, 1.555777
628.1292, 0.8337580
628.6113, 0.4870520
629.0934, 0.5909070
629.5755, 0.7558750
630.0576, 1.119503
630.5397, 1.395291
631.0219, 1.400842
631.5040, 1.305282
631.9861, 1.372622
632.4682, 1.684759
632.9503, 1.994678
633.4324, 2.081927
633.9146, 1.984862
634.3967, 1.822146
634.8788, 1.602307
635.3609, 1.305296
635.8430, 0.8198620
636.3251, 0.3046650
636.8073, 0.3002140
637.2894, 1.171069
637.7715, 1.610959
638.2536, 0.9118850
638.7357, 0.1307390
639.2178, 0.1360150
639.7000, 0.7906240
640.1821, 1.553977
640.6642, 2.158065
641.1463, 2.489202
641.6284, 2.188766
642.1105, 0.9503030
642.5927, 0.4067770
643.0748, 1.218582
643.5569, 2.186135
644.0390, 2.735035
644.5211, 2.896873
645.0032, 2.700199
645.4854, 2.018335
645.9675, 1.441266
646.4496, 1.400687
646.9317, 1.699111
647.4138, 2.018918
647.8959, 2.298924
648.3781, 2.516731
648.8602, 2.659449
649.3423, 2.719467
649.8244, 2.659724
650.3065, 2.550023
650.7886, 2.197489
651.2708, 1.071486
651.7529, 0.1607800
652.2350, 0.4013260
652.7171, 1.444428
653.1992, 2.163718
653.6813, 1.898705
654.1635, 1.196651
654.6456, 0.7968340
655.1277, 0.6974120
655.6098, 0.9202880
656.0919, 1.547928
656.5740, 2.286072
657.0562, 3.010279
657.5383, 3.645773
658.0204, 3.829293
658.5025, 3.285146
658.9846, 2.586447
659.4667, 1.519400
659.9489, 0.6134680
660.4310, 0.8020170
660.9131, 0.5043132
661.3952, 2.416641
661.8773, 1.162573
662.3594, 1.121264
662.8416, 1.817120
663.3237, 0.4430030
663.8058, 0.7497900
664.2879, 1.413852
664.7700, 1.727282
665.2521, 1.735250
665.7343, 1.511807
666.2164, 1.299124
666.6985, 1.154557
667.1806, 1.052431
667.6627, 0.8849000
668.1448, 0.7695680
668.6270, 1.045012
669.1091, 1.743931
669.5912, 2.404000
670.0733, 2.490026
670.5554, 2.106076
671.0375, 1.912022
671.5197, 2.028131
672.0018, 2.096806
672.4839, 2.204759
672.9660, 2.241173
673.4481, 2.022532
673.9302, 1.664148
674.4124, 1.556770
674.8945, 2.028528
675.3766, 2.627641
675.8587, 2.788402
676.3408, 2.577054
676.8229, 2.269724
677.3051, 1.796630
677.7872, 1.460984
678.2693, 1.562472
678.7514, 2.047791
679.2335, 2.298693
679.7156, 2.228004
680.1978, 2.067575
680.6799, 1.736748
681.1620, 1.413348
681.6441, 1.204220
682.1262, 1.140371
682.6083, 1.285441
683.0905, 1.746371
683.5726, 2.280582
684.0547, 2.339993
684.5368, 1.925450
685.0189, 1.785105
685.5010, 2.213737
685.9832, 2.585054
686.4653, 2.212482
686.9474, 1.297295
687.4295, 0.8910740
687.9116, 1.383780
688.3937, 1.887062
688.8759, 2.347681
689.3580, 2.563165
689.8401, 2.053097
690.3222, 1.021483
690.8043, 0.3902050
691.2864, 0.8167340
691.7686, 1.807720
692.2507, 2.114531
692.7328, 1.598437
693.2149, 1.304988
693.6970, 1.558544
694.1791, 1.790105
694.6613, 1.461201
695.1434, 0.8351910
695.6255, 0.4979770
696.1076, 0.5814970
696.5897, 0.8708420
697.0718, 1.707254
697.5540, 2.439942
698.0361, 1.978778
698.5182, 0.5086510
699.0003, 0.6643030
699.4824, 0.7182530
699.9645, 8.4028997E-02
700.4467, 0.1790210
700.9288, 7.6678999E-02
701.4109, 0.1576870
701.8930, 2.0562001E-02
702.3751, 0.3297900
702.8572, 0.9160590
703.3394, 1.518726
703.8215, 1.586230
704.3036, 0.8206140
704.7857, 0.2882060
705.2678, 0.8665380
705.7499, 1.902090
706.2321, 2.581502
706.7142, 2.847437
707.1963, 2.844949
707.6784, 2.632114
708.1605, 2.305950
708.6426, 2.031566
709.1248, 1.749733
709.6069, 1.739089
710.0890, 2.387619
710.5711, 2.851278
711.0532, 2.749990
711.5353, 2.346074
712.0175, 1.865938
712.4996, 1.334864
712.9817, 1.188300
713.4638, 2.331347
713.9459, 3.649107
714.4280, 3.167646
714.9102, 1.241940
715.3923, 3.6676001E-02
715.8744, 0.2423360
716.3565, 1.365736
716.8386, 2.402888
717.3207, 3.442371
717.8029, 3.713386
718.2850, 2.177310
718.7671, 1.158998
719.2492, 1.703644
719.7313, 2.671533
720.2134, 2.783051
720.6956, 1.981494
721.1777, 1.269311
721.6598, 1.086471
722.1419, 1.202155
722.6240, 1.508285
723.1061, 1.919179
723.5883, 2.059586
724.0704, 1.806739
724.5525, 1.458925
725.0346, 1.363008
725.5167, 1.502756
725.9988, 1.275959
726.4810, 1.2613000E-02
726.9631, 0.6515200
727.4452, 0.1741690
727.9273, 0.7771450
728.4094, 2.085325
728.8915, 3.469531
729.3737, 4.124961
729.8558, 3.407511
730.3379, 2.287880
730.8200, 1.668641
731.3021, 1.482238
731.7842, 1.742264
732.2664, 2.431257
732.7485, 2.704706
733.2306, 1.788943
733.7127, 0.1112170
734.1948, 0.6296020
734.6769, 1.3992000E-02
735.1591, 0.7985520
735.6412, 2.270693
736.1233, 3.423731
736.6054, 3.590687
737.0875, 3.119257
737.5696, 2.671915
738.0518, 2.463108
738.5339, 2.325470
739.0160, 2.076837
739.4981, 1.755139
739.9802, 1.329047
740.4623, 0.8384490
740.9445, 0.6570690
741.4266, 1.014074
741.9087, 1.528001
742.3908, 1.702602
742.8729, 1.454683
743.3550, 1.256226
743.8372, 0.9306800
744.3193, 0.8793850
744.8014, 1.477360
745.2835, 2.246428
745.7656, 2.698775
746.2477, 2.761407
746.7299, 2.583811
747.2120, 2.025785
747.6941, 1.436934
748.1762, 1.131663
748.6583, 1.138354
749.1404, 1.742321
749.6226, 3.003692
750.1047, 4.020644
750.5868, 3.780361
751.0689, 2.430421
751.5510, 1.592516
752.0331, 1.546654
752.5153, 1.481933
752.9974, 1.110431
753.4795, 0.8200460
753.9616, 1.002852
754.4437, 1.482495
754.9258, 1.649004
755.4080, 1.072464
755.8901, 0.6211310
756.3722, 1.184686
756.8543, 2.049113
757.3364, 2.157337
757.8185, 1.562112
758.3007, 1.070004
758.7828, 1.170024
759.2649, 1.590857
759.7470, 1.764221
760.2291, 1.658046
760.7112, 1.419163
761.1934, 0.8888850
761.6755, 0.4740210
762.1576, 0.3936830
762.6397, 0.5208680
763.1218, 0.7960640
763.6039, 1.256160
764.0861, 1.450344
764.5682, 0.8998050
765.0503, 0.3237930
765.5324, 0.2844690
766.0145, 0.6464200
766.4966, 1.188060
766.9788, 1.803796
767.4609, 2.271203
767.9430, 2.311198
768.4251, 2.031510
768.9072, 2.044172
769.3893, 2.459319
769.8715, 2.578115
770.3536, 2.125637
770.8357, 1.469367
771.3178, 0.7778850
771.7999, 0.1340710
772.2820, 1.6356001E-02
772.7642, 0.6265100
773.2463, 1.382484
773.7284, 2.293993
774.2105, 3.106476
774.6926, 3.696347
775.1747, 3.979569
775.6569, 3.702101
776.1390, 2.687441
776.6211, 1.557041
777.1032, 1.278082
777.5853, 1.677781
778.0674, 1.740061
778.5496, 1.337234
779.0317, 0.8878330
779.5138, 0.5167310
779.9959, 0.3276080
780.4780, 0.5783560
780.9601, 1.493742
781.4423, 1.920779
781.9244, 1.489014
782.4065, 1.043141
782.8886, 0.6327800
783.3707, 0.4789890
783.8528, 1.029077
784.3350, 2.173214
784.8171, 2.964232
785.2992, 2.687695
785.7813, 2.085742
786.2634, 2.240983
786.7455, 2.892200
787.2277, 3.197767
787.7098, 3.000525
788.1919, 2.482155
788.6740, 1.730397
789.1561, 0.8729720
789.6382, 0.3435260
790.1204, 0.1795920
790.6025, 0.2636590
791.0846, 0.9369450
791.5667, 1.475766
792.0488, 1.380126
792.5309, 1.045099
793.0131, 0.9909550
793.4952, 1.366015
793.9773, 1.551610
794.4594, 1.100219
794.9415, 0.4665600
795.4236, 0.1437830
795.9058, 0.5536040
796.3879, 0.1837270
796.8700, 1.042850
797.3521, 2.022192
797.8342, 1.413629
798.3163, 0.3440620
798.7985, 0.9055230
799.2806, 0.1028340
799.7627, 0.9679010
800.2448, 2.326439
800.7269, 3.457004
801.2090, 3.896510
801.6912, 3.704626
802.1733, 3.328315
802.6554, 2.694081
803.1375, 1.993615
803.6196, 0.9477740
804.1017, 0.1320430
804.5839, 0.1455860
805.0660, 0.6856870
805.5481, 1.103494
806.0302, 1.160275
806.5123, 1.035887
806.9944, 0.7042560
807.4766, 0.3831420
807.9587, 0.8140440
808.4408, 1.922743
808.9229, 2.556129
809.4050, 2.243583
809.8871, 1.631328
810.3693, 1.571125
810.8514, 1.966889
811.3335, 2.020293
811.8156, 1.470808
812.2977, 1.151514
812.7798, 1.517810
813.2620, 1.887307
813.7441, 1.542725
814.2262, 0.7758090
814.7083, 0.6346860
815.1904, 1.730101
815.6725, 2.620267
816.1547, 2.195807
816.6368, 1.349280
817.1189, 1.068763
817.6010, 1.319110
818.0831, 1.733401
818.5652, 2.164603
819.0474, 2.494167
819.5295, 2.625917
820.0116, 2.577144
820.4937, 2.256331
820.9758, 1.528345
821.4579, 1.183485
821.9401, 1.656758
822.4222, 2.336391
822.9043, 2.590843
823.3864, 2.425725
823.8685, 2.142077
824.3506, 1.413681
824.8328, 1.029724
825.3149, 1.414138
825.7970, 1.910721
826.2791, 2.088247
826.7612, 1.982142
827.2433, 1.716832
827.7255, 1.292750
828.2076, 1.062862
828.6897, 1.586163
829.1718, 2.365178
829.6539, 2.514754
830.1360, 2.109603
830.6182, 1.660453
831.1003, 1.355979
831.5824, 1.285329
832.0645, 1.601171
832.5466, 2.262348
833.0287, 2.802998
833.5109, 3.385342
833.9930, 3.297338
834.4751, 1.838121
834.9572, 0.3355460
835.4393, 1.3093000E-02
835.9214, 0.4592730
836.4036, 0.8118720
836.8857, 0.8929110
837.3678, 1.020419
837.8499, 1.430091
838.3320, 1.763993
838.8141, 1.592297
839.2963, 1.202243
839.7784, 1.277898
840.2605, 1.985637
840.7426, 2.491658
841.2247, 1.653174
841.7068, 0.3064480
842.1890, 0.2412920
842.6711, 1.189010
843.1532, 1.763307
843.6353, 1.595684
844.1174, 1.085024
844.5995, 0.5073040
845.0817, 3.5312999E-02
845.5638, 6.8200001E-04
846.0459, 0.9283190
846.5280, 1.536711
847.0101, 1.482035
847.4922, 1.425234
847.9744, 1.810815
848.4565, 2.362401
848.9386, 2.695971
849.4207, 2.791030
849.9028, 2.601068
850.3849, 1.789042
850.8671, 1.035880
851.3492, 0.8045650
851.8313, 0.8481660
852.3134, 0.7976930
852.7955, 0.6167250
853.2776, 0.5276980
853.7598, 0.6851150
854.2419, 1.008990
854.7240, 1.371276
855.2061, 1.715003
855.6882, 1.808849
856.1703, 1.608295
856.6525, 1.313082
857.1346, 1.106132
857.6167, 1.003728
858.0988, 1.154242
858.5809, 1.627893
859.0630, 1.870046
859.5452, 1.698987
860.0273, 1.623744
860.5094, 2.105460
860.9915, 2.501345
861.4736, 2.057772
861.9557, 0.9500710
862.4379, 0.2448930
862.9200, 0.3783570
863.4021, 0.5916970
863.8842, 0.4825120
864.3663, 0.4598530
864.8484, 1.163483
865.3306, 2.213961
865.8127, 2.673818
866.2948, 2.186872
866.7769, 1.276257
867.2590, 3.5200998E-02
867.7411, 1.089079
868.2233, 0.7661500
868.7054, 0.6903300
869.1875, 1.360071
869.6696, 0.6856030
870.1517, 0.3055730
870.6339, 0.7007820
871.1160, 0.5429880
871.5981, 9.8964997E-02
872.0802, 1.541916
872.5623, 2.284031
873.0444, 1.783020
873.5266, 1.230680
874.0087, 1.484354
874.4908, 0.9776760
874.9729, 0.7326527
875.4550, 0.5429690
875.9371, 0.2575820
876.4193, 4.4925001E-02
876.9014, 0.1732820
877.3835, 0.1802660
877.8656, 0.6332450
878.3477, 0.6727020
878.8298, 0.2851080
879.3120, 0.2824900
879.7941, 0.9978660
880.2762, 1.608210
880.7583, 1.790032
881.2404, 1.730555
881.7225, 1.806137
882.2047, 1.984250
882.6868, 1.909925
883.1689, 1.430700
883.6510, 0.8702680
884.1331, 0.5858780
884.6152, 0.5886130
885.0974, 1.161200
885.5795, 2.476851
886.0616, 2.986811
886.5437, 2.036310
887.0258, 0.9244480
887.5079, 0.6863930
887.9901, 1.149146
888.4722, 1.639917
888.9543, 2.470878
889.4364, 2.724684
889.9185, 1.686130
890.4006, 0.9113650
890.8828, 1.335180
891.3649, 2.173164
891.8470, 2.356491
892.3291, 1.821329
892.8112, 1.539097
893.2933, 2.227415
893.7755, 2.910171
894.2576, 2.916441
894.7397, 2.574824
895.2218, 2.299335
895.7039, 2.084921
896.1860, 1.635330
896.6682, 0.7883980
897.1503, 6.2250001E-03
897.6324, 2.4372000E-02
898.1145, 0.5205350
898.5966, 0.3387670
899.0787, 0.4259720
899.5609, 0.4366840
900.0430, 0.7781170
900.5251, 2.094788
901.0072, 2.424479
901.4893, 1.940952
901.9714, 1.401386
902.4536, 0.6596920
902.9357, 0.4260320
903.4178, 1.053137
903.8999, 1.726963
904.3820, 2.084146
904.8641, 2.168914
905.3463, 2.020378
905.8284, 1.614731
906.3105, 1.204101
906.7926, 0.6167970
907.2747, 0.2708540
907.7568, 0.2365980
908.2390, 0.5394510
908.7211, 1.655893
909.2032, 3.109704
909.6853, 3.404047
910.1674, 1.623630
910.6495, 0.2038130
911.1317, 1.411748
911.6138, 3.322405
912.0959, 3.660395
912.5780, 2.891689
913.0601, 2.463447
913.5422, 2.732696
914.0244, 2.913013
914.5065, 2.220664
914.9886, 2.367498
915.4707, 1.069547
915.9528, 1.692376
916.4349, 1.666701
916.9171, 0.7990630
917.3992, 1.9057000E-02
917.8813, 0.3168960
918.3634, 0.2462520
918.8455, 2.4607999E-02
919.3276, 0.3641410
919.8098, 0.6338830
920.2919, 0.7966380
920.7740, 0.7854720
921.2561, 0.3316760
921.7382, 2.7051000E-02
922.2203, 0.5520210
922.7025, 1.637092
923.1846, 2.229625
923.6667, 2.227958
924.1488, 1.965713
924.6309, 0.9809810
925.1130, 0.2998380
925.5952, 0.6170870
926.0773, 1.343341
926.5594, 1.684209
927.0415, 1.522092
927.5236, 1.305956
928.0057, 1.111177
928.4879, 1.026557
928.9700, 1.307016
929.4521, 1.678185
929.9342, 1.672878
930.4163, 1.408566
930.8984, 1.271344
931.3806, 1.410933
931.8627, 1.747582
932.3448, 2.325242
932.8269, 2.973216
933.3090, 3.399120
933.7911, 3.569053
934.2733, 3.329602
934.7554, 2.667484
935.2375, 2.062480
935.7196, 1.847795
936.2017, 1.842690
936.6838, 1.555102
937.1660, 0.9367630
937.6481, 0.9524630
938.1302, 1.777044
938.6123, 2.501139
939.0944, 2.910174
939.5765, 2.893654
940.0587, 2.083343
940.5408, 0.7142340
941.0229, 0.5795690
941.5050, 2.877548
941.9871, 4.213261
942.4692, 3.873416
942.9514, 3.248417
943.4335, 2.676202
943.9156, 2.239829
944.3977, 2.041710
944.8798, 2.086157
945.3619, 2.271886
945.8441, 2.924608
946.3262, 3.261778
946.8083, 2.650158
947.2904, 1.917918
947.7725, 1.771114
948.2546, 2.076489
948.7368, 2.464599
949.2189, 2.831882
949.7010, 2.961390
950.1831, 2.501821
950.6652, 1.927616
951.1473, 1.648693
951.6295, 1.632595
952.1116, 1.856260
952.5937, 2.272590
953.0758, 2.805083
953.5579, 3.446939
954.0400, 3.878879
954.5222, 3.247101
955.0043, 2.139764
955.4864, 2.729774
955.9685, 4.750957
956.4506, 5.663725
956.9327, 4.692778
957.4149, 3.270403
957.8970, 2.598364
958.3791, 2.574000
958.8612, 3.100770
959.3433, 4.252367
959.8254, 4.797986
960.3076, 4.528261
960.7897, 4.244918
961.2718, 4.340538
961.7539, 4.457350
962.2360, 4.068489
962.7181, 3.213472
963.2003, 2.859200
963.6824, 3.283490
964.1645, 3.645775
964.6466, 3.996662
965.1287, 4.112377
965.6108, 3.535111
966.0930, 2.802738
966.5751, 2.860879
967.0572, 3.840433
967.5393, 4.341387
968.0214, 3.619114
968.5035, 3.204594
968.9857, 3.757725
969.4678, 4.546596
969.9499, 5.219145
970.4320, 5.627675
970.9141, 5.431244
971.3962, 4.441113
971.8784, 3.879495
972.3605, 4.744571
972.8426, 5.668886
973.3247, 5.550131
973.8068, 5.066204
974.2889, 5.306190
974.7711, 6.156647
975.2532, 6.646950
975.7353, 6.287621
976.2174, 5.713679
976.6995, 5.502348
977.1816, 5.460423
977.6638, 5.212992
978.1459, 4.889758
978.6280, 4.942175
979.1101, 5.402559
979.5922, 5.755686
980.0743, 5.586987
980.5565, 5.307482
981.0386, 5.918491
981.5207, 7.031012
982.0028, 7.050835
982.4849, 6.034304
982.9670, 5.265699
983.4492, 5.180046
983.9313, 5.451511
984.4134, 5.806149
984.8955, 6.209814
985.3776, 6.530326
985.8597, 6.788628
986.3419, 7.291736
986.8240, 8.242478
987.3061, 8.511078
987.7882, 7.433877
988.2703, 5.982309
988.7524, 5.299641
989.2346, 5.337580
989.7167, 5.682608
990.1988, 6.609072
990.6809, 6.966921
991.1630, 6.326547
991.6451, 5.722284
992.1273, 5.714426
992.6094, 5.995931
993.0915, 6.132055
993.5736, 6.118557
994.0557, 6.044294
994.5378, 5.677713
995.0200, 5.595833
995.5021, 6.364492
995.9842, 6.887932
996.4663, 6.111561
996.9484, 4.899347
997.4305, 4.898030
997.9127, 6.357996
998.3948, 7.219818
998.8769, 6.789113
999.3590, 6.198883
999.8411, 5.772924
1000.323, 5.338350
1000.805, 4.521909
1001.287, 3.656679
1001.770, 3.572321
1002.252, 4.500662
1002.734, 5.150879
1003.216, 4.576421
1003.698, 4.049514
1004.180, 4.596173
1004.662, 5.372416
1005.144, 5.467478
1005.627, 4.929981
1006.109, 4.165667
1006.591, 3.288327
1007.073, 2.714240
1007.555, 2.926896
1008.037, 3.392155
1008.519, 3.851626
1009.001, 4.079588
1009.483, 3.436190
1009.966, 2.196109
1010.448, 1.588919
1010.930, 2.224693
1011.412, 3.013568
1011.894, 2.816237
1012.376, 2.111074
1012.858, 1.407086
1013.340, 0.8608060
1013.823, 0.9993000
1014.305, 1.750348
1014.787, 2.263358
1015.269, 2.033853
1015.751, 1.485597
1016.233, 1.097301
1016.715, 0.8785050
1017.197, 0.8853400
1017.679, 1.092302
1018.162, 1.411479
1018.644, 1.811559
1019.126, 2.230194
1019.608, 2.648746
1020.090, 2.880490
1020.572, 2.434451
1021.054, 1.453995
1021.536, 1.019131
1022.018, 1.115888
1022.501, 1.023078
1022.983, 0.5429860
1023.465, 0.2919240
1023.947, 0.7576120
1024.429, 1.599009
1024.911, 2.140411
1025.393, 2.381077
1025.875, 2.306878
1026.358, 1.881345
1026.840, 1.429865
1027.322, 1.023381
1027.804, 0.6863570
1028.286, 0.4791480
1028.768, 0.2754090
1029.250, 0.3799250
1029.732, 0.2993330
1030.214, 4.1866999E-02
1030.697, 0.2403140
1031.179, 1.013763
1031.661, 1.491611
1032.143, 1.525939
1032.625, 1.325644
1033.107, 0.9210590
1033.589, 1.013206
1034.071, 0.4405880
1034.553, 0.9477720
1035.036, 1.117999
1035.518, 1.067150
1036.000, 0.6911370
1036.482, 0.3060060
1036.964, 0.2497470
1037.446, 0.3368380
1037.928, 4.4863001E-02
1038.410, 1.231837
1038.893, 1.686430
1039.375, 0.8293090
1039.857, 0.2660390
1040.339, 0.4568200
1040.821, 0.8755960
1041.303, 1.244493
1041.785, 1.469369
1042.267, 1.182959
1042.750, 5.2239999E-02
1043.232, 0.4771970
1043.714, 0.1729730
1044.196, 0.6632670
1044.678, 0.4429220
1045.160, 0.1928000
1045.642, 0.5174500
1046.124, 1.196160
1046.606, 1.519249
1047.089, 1.258019
1047.571, 1.455798
1048.053, 2.953713
1048.535, 3.930064
1049.017, 3.662540
1049.499, 2.910892
1049.981, 1.853328
1050.463, 0.8656560
1050.945, 0.8594790
1051.428, 2.170467
1051.910, 2.906965
1052.392, 2.381104
1052.874, 1.678191
1053.356, 0.7084150
1053.838, 9.5372997E-02
1054.320, 0.6149830
1054.802, 1.747332
1055.285, 2.423086
1055.767, 2.514590
1056.249, 2.510130
1056.731, 2.603054
1057.213, 2.623427
1057.695, 2.488955
1058.177, 2.264703
1058.659, 1.817631
1059.141, 1.387659
1059.624, 1.551207
1060.106, 2.407023
1060.588, 2.807294
1061.070, 2.045910
1061.552, 1.213087
1062.034, 0.4715960
1062.516, 7.7358998E-02
1062.998, 0.4853440
1063.480, 1.268298
1063.963, 1.683456
1064.445, 1.623674
1064.927, 1.593289
1065.409, 1.953520
1065.891, 2.138288
1066.373, 1.622552
1066.855, 1.132483
1067.337, 1.350585
1067.820, 1.915198
1068.302, 2.246263
1068.784, 2.256431
1069.266, 2.140555
1069.748, 1.807262
1070.230, 1.648384
1070.712, 2.261612
1071.194, 2.682591
1071.677, 1.676923
1072.159, 0.2998730
1072.641, 0.3340360
1073.123, 1.711991
1073.605, 2.625740
1074.087, 2.278316
1074.569, 1.719447
1075.051, 1.236271
1075.533, 0.9268360
1076.016, 1.006507
1076.498, 1.201824
1076.980, 1.056934
1077.462, 0.7022750
1077.944, 0.9347370
1078.426, 2.321458
1078.908, 3.229102
1079.390, 2.300904
1079.873, 1.314625
1080.355, 1.663533
1080.837, 2.448936
1081.319, 2.428785
1081.801, 1.834534
1082.283, 1.911519
1082.765, 3.211184
1083.247, 3.955091
1083.729, 2.580547
1084.212, 1.328381
1084.694, 1.920975
1085.176, 2.948236
1085.658, 2.856605
1086.140, 1.963332
1086.622, 1.369126
1087.104, 1.321323
1087.586, 1.322174
1088.068, 1.141653
1088.551, 0.9646820
1089.033, 0.7996140
1089.515, 0.8199540
1089.997, 1.509017
1090.479, 2.380949
1090.961, 2.347464
1091.443, 1.285488
1091.925, 0.6504760
1092.408, 1.498469
1092.890, 2.208842
1093.372, 2.109865
1093.854, 1.703537
1094.336, 1.147065
1094.818, 0.5983740
1095.300, 0.3271890
1095.782, 0.3390640
1096.265, 0.1623930
1096.747, 0.7590920
1097.229, 1.054679
1097.711, 0.3734390
1098.193, 1.831959
1098.675, 2.436068
1099.157, 2.447027
1099.639, 1.958109
1100.121, 1.196271
1100.604, 0.9161480
1101.086, 1.427389
1101.568, 1.904440
1102.050, 2.345267
1102.532, 2.331994
1103.014, 1.012348
1103.496, 0.2652280
1103.978, 0.1048040
1104.460, 1.058837
1104.943, 1.986359
1105.425, 2.532244
1105.907, 2.687305
1106.389, 2.105684
1106.871, 1.608070
1107.353, 1.442313
1107.835, 1.426952
1108.317, 1.429298
1108.800, 1.496722
1109.282, 1.781337
1109.764, 2.306975
1110.246, 2.633289
1110.728, 2.764874
1111.210, 2.628769
1111.692, 2.135302
1112.174, 1.464427
1112.656, 0.1253030
1113.139, 0.9878490
1113.621, 0.3725430
1114.103, 1.738944
1114.585, 2.718498
1115.067, 1.498972
1115.549, 1.048574
1116.031, 2.311463
1116.513, 2.982488
1116.995, 1.729674
1117.478, 0.2607910
1117.960, 8.3752997E-02
1118.442, 0.8759980
1118.924, 1.705987
1119.406, 2.725396
1119.888, 2.875031
1120.370, 1.501444
1120.852, 0.6819620
1121.335, 1.055995
1121.817, 1.711660
1122.299, 2.226971
1122.781, 2.452457
1123.263, 1.973698
1123.745, 0.7618910
1124.227, 0.4818260
1124.709, 1.462900
1125.192, 2.234208
1125.674, 2.675052
1126.156, 2.668011
1126.638, 2.033849
1127.120, 1.210916
1127.602, 0.6412710
1128.084, 0.3858670
1128.566, 0.9278910
1129.048, 2.448363
1129.531, 3.004029
1130.013, 2.350389
1130.495, 1.966650
1130.977, 2.404472
1131.459, 2.791492
1131.941, 2.169772
1132.423, 1.058319
1132.905, 0.2883980
1133.387, 0.1246680
1133.870, 0.1473020
1134.352, 1.078204
1134.834, 1.969466
1135.316, 2.681698
1135.798, 3.277262
1136.280, 3.807104
1136.762, 3.922524
1137.244, 2.918609
1137.727, 3.348152
1138.209, 1.473627
1138.691, 2.656911
1139.173, 2.479342
1139.655, 1.001167
1140.137, 0.2395140
1140.619, 0.8540630
1141.101, 1.780462
1141.583, 2.191546
1142.066, 2.305992
1142.548, 2.496845
1143.030, 2.615238
1143.512, 2.214076
1143.994, 1.502687
1144.476, 0.9255040
1144.958, 0.6706970
1145.440, 1.243802
1145.922, 2.984610
1146.405, 4.272034
1146.887, 2.956021
1147.369, 0.9890610
1147.851, 0.6028110
1148.333, 1.088101
1148.815, 1.581719
1149.297, 1.898758
1149.779, 1.901303
1150.262, 1.587952
1150.744, 1.338098
1151.226, 1.377501
1151.708, 1.527310
1152.190, 1.763020
1152.672, 1.970243
1153.154, 2.039974
1153.636, 2.025560
1154.119, 1.934267
1154.601, 1.780379
1155.083, 1.876767
1155.565, 2.576978
1156.047, 2.947122
1156.529, 2.420171
1157.011, 1.947264
1157.493, 2.016063
1157.975, 2.244695
1158.458, 2.398278
1158.940, 2.430947
1159.422, 2.241109
1159.904, 1.797280
1160.386, 1.522807
1160.868, 1.466993
1161.350, 1.545985
1161.832, 1.961412
1162.314, 2.323100
1162.797, 2.553509
1163.279, 2.530115
1163.761, 1.896792
1164.243, 0.9149770
1164.725, 0.9333680
1165.207, 0.7118440
1165.689, 0.4086000
1166.171, 1.348290
1166.654, 0.6023350
1167.136, 1.657170
1167.618, 2.688490
1168.100, 2.451289
1168.582, 1.602223
1169.064, 1.249063
1169.546, 1.329424
1170.028, 1.257214
1170.510, 1.023510
1170.993, 0.8777660
1171.475, 0.9582190
1171.957, 1.234857
1172.439, 1.681940
1172.921, 2.006730
1173.403, 1.921302
1173.885, 1.634307
1174.367, 1.679027
1174.849, 1.847250
1175.332, 1.182770
1175.814, 1.7108999E-02
1176.296, 0.5765680
1176.778, 0.2972840
1177.260, 0.7630890
1177.742, 2.562686
1178.224, 3.768299
1178.706, 2.484101
1179.189, 0.6140920
1179.671, 0.8449050
1180.153, 1.933081
1180.635, 2.059128
1181.117, 1.476519
1181.599, 0.9283160
1182.081, 0.6955920
1182.563, 1.247712
1183.046, 3.216213
1183.528, 4.604451
1184.010, 3.641644
1184.492, 2.377820
1184.974, 2.182736
1185.456, 2.424047
1185.938, 2.458464
1186.420, 2.304605
1186.902, 2.284684
1187.385, 2.482218
1187.867, 2.078133
1188.349, 0.2881030
1188.831, 1.457119
1189.313, 0.1993780
1189.795, 1.921508
1190.277, 2.395852
1190.759, 2.291441
1191.241, 2.241940
1191.724, 2.190307
1192.206, 1.731637
1192.688, 0.5477320
1193.170, 0.4132660
1193.652, 1.881191
1194.134, 2.577481
1194.616, 1.706700
1195.098, 1.266168
1195.581, 2.515621
1196.063, 4.036590
1196.545, 3.787880
1197.027, 2.208522
1197.509, 1.008428
1197.991, 0.2108010
1198.473, 0.5935350
1198.955, 2.080580
1199.438, 3.116916
1199.920, 3.288535
1200.402, 3.283155
1200.884, 3.579203
1201.366, 3.626869
1201.848, 2.229370
1202.330, 2.315687
1202.812, 0.2797450
1203.294, 1.072856
1203.776, 0.7491130
1204.259, 0.2622960
1204.741, 0.2036760
1205.223, 2.493178
1205.705, 4.239632
1206.187, 4.016915
1206.669, 3.101001
1207.151, 1.666242
1207.633, 0.6598010
1208.116, 1.185136
1208.598, 2.283774
1209.080, 3.091152
1209.562, 3.422110
1210.044, 2.917261
1210.526, 1.393479
1211.008, 0.7477120
1211.490, 2.609790
1211.973, 3.450476
1212.455, 1.216366
1212.937, 0.3931650
1213.419, 0.7983830
1213.901, 2.736546
1214.383, 3.465443
1214.865, 3.256900
1215.347, 3.042383
1215.829, 2.896425
1216.312, 2.219674
1216.794, 0.7877040
1217.276, 0.1719910
1217.758, 0.7564490
1218.240, 1.482875
1218.722, 1.868237
1219.204, 1.922795
1219.686, 1.560974
1220.168, 1.104254
1220.651, 1.678956
1221.133, 2.851728
1221.615, 2.652626
1222.097, 1.370176
1222.579, 0.4888220
1223.061, 0.2632510
1223.543, 0.1877640
1224.025, 1.8028000E-02
1224.508, 5.5064000E-02
1224.990, 0.1471100
1225.472, 0.5217870
1225.954, 1.093648
1226.436, 1.622570
1226.918, 1.778790
1227.400, 1.713583
1227.882, 1.646469
1228.365, 1.647497
1228.847, 1.831598
1229.329, 2.260057
1229.811, 2.655571
1230.293, 3.090246
1230.775, 3.276215
1231.257, 3.022392
1231.739, 2.576501
1232.221, 1.717120
1232.703, 0.9693010
1233.186, 1.245358
1233.668, 0.7603300
1234.150, 0.6397510
1234.632, 1.070954
1235.114, 0.7515990
1235.596, 1.701023
1236.078, 2.561840
1236.560, 3.052229
1237.043, 3.215870
1237.525, 2.951859
1238.007, 2.451159
1238.489, 1.309359
1238.971, 8.3779000E-02
1239.453, 0.7349760
1239.935, 2.517519
1240.417, 2.792411
1240.900, 1.818032
1241.382, 0.9733860
1241.864, 0.6262320
1242.346, 0.8509850
1242.828, 1.709542
1243.310, 2.532059
1243.792, 2.699835
1244.274, 2.721463
1244.756, 3.065848
1245.239, 3.384158
1245.721, 3.417514
1246.203, 3.212555
1246.685, 2.889903
1247.167, 2.463325
1247.649, 1.826066
1248.131, 1.774991
1248.613, 2.000903
1249.095, 1.703658
1249.578, 2.717933
1250.060, 3.122356
1250.542, 2.946110
1251.024, 1.997653
1251.506, 0.8079260
1251.988, 9.4842002E-02
1252.470, 0.6097820
1252.952, 0.1317990
1253.435, 1.388543
1253.917, 1.678455
1254.399, 0.7630560
1254.881, 0.4020180
1255.363, 0.8833410
1255.845, 1.464152
1256.327, 1.778541
1256.809, 1.869951
1257.292, 1.718011
1257.774, 1.521056
1258.256, 1.536042
1258.738, 1.691712
1259.220, 1.922019
1259.702, 2.196219
1260.184, 2.504393
1260.666, 2.817622
1261.148, 3.109712
1261.630, 3.374962
1262.113, 3.419472
1262.595, 3.104758
1263.077, 2.650700
1263.559, 1.653437
1264.041, 1.090503
1264.523, 2.081388
1265.005, 3.088688
1265.487, 2.519761
1265.970, 1.146224
1266.452, 0.7584920
1266.934, 1.371071
1267.416, 1.963195
1267.898, 2.596667
1268.380, 2.722262
1268.862, 2.251073
1269.344, 1.812690
1269.827, 1.951337
1270.309, 2.295356
1270.791, 2.630566
1271.273, 2.769038
1271.755, 2.337049
1272.237, 1.579683
1272.719, 0.5471460
1273.201, 0.2362290
1273.683, 0.4864990
1274.166, 2.160758
1274.648, 3.453609
1275.130, 4.091297
1275.612, 4.450150
1276.094, 4.683821
1276.576, 4.576374
1277.058, 3.572574
1277.540, 2.874174
1278.022, 3.301149
1278.505, 3.809951
1278.987, 3.882141
1279.469, 3.495028
1279.951, 2.156109
1280.433, 0.6392420
1280.915, 0.4198150
1281.397, 1.805448
1281.879, 1.934178
1282.362, 0.6404860
1282.844, 5.0848000E-02
1283.326, 0.2039330
1283.808, 0.7221680
1284.290, 1.271841
1284.772, 0.8877400
1285.254, 0.5219840
1285.736, 0.0000000E+00
##END=



