##NAMES=Montmorillonite
##RRUFFID=R110053
##IDEAL CHEMISTRY=(Na,Ca)_0.3_(Al,Mg)_2_Si_4_O_10_(OH)_2_&#183;nH_2_O
##LOCALITY=Chambers, Arizona, USA
##OWNER=RRUFF
##SOURCE=Ward's Natural Science Establishment, Inc.
##DESCRIPTION=Tan colored consolidated powder
##STATUS=The identification of this mineral has been confirmed only by X-ray diffraction
##URL=rruff.info/R110053
179.2017, 18633.93
179.6838, 18709.26
180.1659, 18774.20
180.6480, 18829.53
181.1301, 18882.21
181.6122, 18940.54
182.0944, 19003.48
182.5765, 19065.30
183.0586, 19119.62
183.5407, 19171.97
184.0228, 19239.94
184.5049, 19325.25
184.9871, 19413.30
185.4692, 19482.03
185.9513, 19535.35
186.4334, 19591.58
186.9155, 19660.29
187.3976, 19738.59
187.8798, 19818.51
188.3619, 19898.85
188.8440, 19981.67
189.3261, 20066.87
189.8082, 20155.24
190.2903, 20249.90
190.7725, 20356.83
191.2546, 20474.31
191.7367, 20583.08
192.2188, 20682.00
192.7009, 20774.49
193.1830, 20863.05
193.6652, 20947.33
194.1473, 21030.46
194.6294, 21114.44
195.1115, 21198.79
195.5936, 21277.89
196.0757, 21351.39
196.5579, 21419.60
197.0400, 21482.90
197.5221, 21541.28
198.0042, 21595.24
198.4863, 21645.51
198.9684, 21691.94
199.4506, 21736.08
199.9327, 21779.00
200.4148, 21818.26
200.8969, 21846.82
201.3790, 21863.94
201.8611, 21876.96
202.3433, 21888.56
202.8254, 21898.34
203.3075, 21912.84
203.7896, 21933.37
204.2717, 21957.80
204.7538, 21981.88
205.2360, 22006.48
205.7181, 22026.19
206.2002, 22032.81
206.6823, 22021.44
207.1644, 22027.15
207.6465, 22056.59
208.1287, 22102.06
208.6108, 22142.65
209.0929, 22177.74
209.5750, 22209.29
210.0571, 22236.74
210.5392, 22258.46
211.0214, 22285.16
211.5035, 22320.74
211.9856, 22361.27
212.4677, 22393.01
212.9498, 22413.86
213.4319, 22432.29
213.9140, 22453.71
214.3962, 22479.08
214.8783, 22505.82
215.3604, 22534.08
215.8425, 22563.74
216.3246, 22593.51
216.8067, 22625.37
217.2889, 22653.72
217.7710, 22673.31
218.2531, 22678.33
218.7352, 22691.85
219.2173, 22720.56
219.6994, 22758.94
220.1816, 22777.84
220.6637, 22763.83
221.1458, 22752.74
221.6279, 22769.68
222.1100, 22828.54
222.5921, 22878.71
223.0743, 22917.13
223.5564, 22944.11
224.0385, 22961.17
224.5206, 22964.54
225.0027, 22964.49
225.4848, 22966.90
225.9670, 22971.88
226.4491, 22980.82
226.9312, 22996.48
227.4133, 23016.86
227.8954, 23030.29
228.3775, 23027.65
228.8597, 23031.31
229.3418, 23058.96
229.8239, 23130.81
230.3060, 23177.59
230.7881, 23182.48
231.2702, 23156.38
231.7524, 23152.28
232.2345, 23177.24
232.7166, 23212.74
233.1987, 23248.98
233.6808, 23288.50
234.1629, 23321.45
234.6451, 23345.86
235.1272, 23362.81
235.6093, 23378.89
236.0914, 23397.36
236.5735, 23410.56
237.0556, 23412.94
237.5378, 23396.71
238.0199, 23387.76
238.5020, 23389.58
238.9841, 23400.37
239.4662, 23412.56
239.9483, 23430.82
240.4305, 23445.59
240.9126, 23451.05
241.3947, 23441.18
241.8768, 23436.75
242.3589, 23440.22
242.8410, 23449.93
243.3232, 23459.72
243.8053, 23468.38
244.2874, 23478.46
244.7695, 23490.19
245.2516, 23500.04
245.7337, 23518.72
246.2159, 23550.95
246.6980, 23590.99
247.1801, 23620.43
247.6622, 23635.29
248.1443, 23645.07
248.6264, 23653.04
249.1086, 23656.12
249.5907, 23665.17
250.0728, 23684.49
250.5549, 23708.95
251.0370, 23724.01
251.5191, 23725.07
252.0013, 23724.98
252.4834, 23729.56
252.9655, 23740.44
253.4476, 23752.66
253.9297, 23765.48
254.4118, 23780.36
254.8940, 23801.68
255.3761, 23833.73
255.8582, 23864.55
256.3403, 23887.89
256.8224, 23899.75
257.3046, 23916.54
257.7867, 23941.74
258.2688, 23968.68
258.7509, 23983.34
259.2330, 23979.78
259.7151, 23974.82
260.1973, 23974.81
260.6794, 23980.86
261.1615, 23986.22
261.6436, 23990.23
262.1257, 23994.36
262.6078, 24001.99
263.0900, 24015.96
263.5721, 24027.83
264.0542, 24033.79
264.5363, 24032.78
265.0184, 24036.70
265.5005, 24045.75
265.9827, 24060.47
266.4648, 24082.77
266.9469, 24115.05
267.4290, 24148.16
267.9111, 24181.39
268.3932, 24214.97
268.8754, 24236.59
269.3575, 24240.67
269.8396, 24240.30
270.3217, 24252.01
270.8038, 24277.35
271.2859, 24306.39
271.7681, 24336.36
272.2502, 24366.86
272.7323, 24400.09
273.2144, 24438.23
273.6965, 24473.09
274.1786, 24494.40
274.6608, 24500.27
275.1429, 24504.07
275.6250, 24508.42
276.1071, 24513.41
276.5892, 24518.70
277.0714, 24522.92
277.5535, 24531.20
278.0356, 24552.21
278.5177, 24587.95
278.9998, 24613.58
279.4819, 24621.47
279.9641, 24615.75
280.4462, 24614.67
280.9283, 24619.35
281.4104, 24623.30
281.8925, 24621.20
282.3746, 24613.13
282.8568, 24603.55
283.3389, 24593.99
283.8210, 24583.79
284.3031, 24567.85
284.7852, 24545.39
285.2673, 24528.91
285.7495, 24529.57
286.2316, 24546.58
286.7137, 24565.53
287.1958, 24586.16
287.6779, 24606.24
288.1600, 24619.12
288.6422, 24624.57
289.1243, 24631.24
289.6064, 24644.31
290.0885, 24662.71
290.5706, 24681.48
291.0527, 24699.25
291.5349, 24717.78
292.0170, 24741.94
292.4991, 24770.50
292.9812, 24796.06
293.4633, 24811.84
293.9454, 24820.85
294.4276, 24833.13
294.9097, 24849.59
295.3918, 24867.46
295.8739, 24883.97
296.3560, 24899.12
296.8381, 24913.29
297.3203, 24928.56
297.8024, 24942.65
298.2845, 24949.57
298.7666, 24948.72
299.2487, 24946.55
299.7308, 24948.15
300.2130, 24953.50
300.6951, 24962.36
301.1772, 24974.50
301.6593, 24989.98
302.1414, 25009.57
302.6235, 25032.96
303.1057, 25058.61
303.5878, 25092.25
304.0699, 25126.47
304.5520, 25146.19
305.0341, 25137.75
305.5162, 25121.08
305.9984, 25115.75
306.4805, 25120.95
306.9626, 25130.51
307.4447, 25142.95
307.9268, 25156.42
308.4089, 25167.78
308.8911, 25173.37
309.3732, 25181.13
309.8553, 25203.75
310.3374, 25235.55
310.8195, 25257.51
311.3016, 25244.89
311.7838, 25224.42
312.2659, 25221.30
312.7480, 25245.91
313.2301, 25274.69
313.7122, 25294.11
314.1943, 25307.59
314.6765, 25321.99
315.1586, 25343.83
315.6407, 25365.20
316.1228, 25378.99
316.6049, 25381.07
317.0870, 25389.78
317.5692, 25425.95
318.0513, 25470.90
318.5334, 25498.21
319.0155, 25481.48
319.4976, 25460.81
319.9797, 25452.70
320.4619, 25458.87
320.9440, 25470.22
321.4261, 25493.39
321.9082, 25516.08
322.3903, 25526.51
322.8724, 25502.25
323.3546, 25484.96
323.8367, 25489.04
324.3188, 25513.75
324.8009, 25534.62
325.2830, 25544.09
325.7651, 25550.95
326.2473, 25560.99
326.7294, 25589.76
327.2115, 25605.59
327.6936, 25598.71
328.1757, 25574.77
328.6578, 25559.93
329.1400, 25557.04
329.6221, 25562.16
330.1042, 25574.17
330.5863, 25598.18
331.0684, 25621.04
331.5505, 25641.12
332.0327, 25659.73
332.5148, 25679.69
332.9969, 25699.71
333.4790, 25721.03
333.9611, 25743.86
334.4432, 25767.65
334.9254, 25791.11
335.4075, 25810.87
335.8896, 25831.43
336.3717, 25861.40
336.8538, 25907.74
337.3359, 25944.80
337.8180, 25963.14
338.3001, 25963.18
338.7823, 25968.80
339.2644, 25984.85
339.7465, 25998.10
340.2286, 25992.76
340.7107, 25965.38
341.1928, 25943.61
341.6750, 25934.33
342.1571, 25934.97
342.6392, 25934.65
343.1213, 25932.74
343.6034, 25934.59
344.0855, 25948.43
344.5677, 25973.39
345.0498, 25986.07
345.5319, 25979.09
346.0140, 25966.11
346.4961, 25977.58
346.9782, 26012.36
347.4604, 26043.58
347.9425, 26051.06
348.4246, 26041.76
348.9067, 26040.06
349.3888, 26047.27
349.8709, 26061.80
350.3531, 26086.29
350.8352, 26117.70
351.3173, 26144.71
351.7994, 26154.82
352.2815, 26159.95
352.7636, 26182.88
353.2458, 26223.33
353.7279, 26264.87
354.2100, 26294.28
354.6921, 26314.82
355.1742, 26332.35
355.6563, 26349.57
356.1385, 26363.34
356.6206, 26366.78
357.1027, 26362.32
357.5848, 26362.43
358.0669, 26380.17
358.5490, 26403.27
359.0312, 26419.42
359.5133, 26423.66
359.9954, 26427.71
360.4775, 26442.07
360.9596, 26461.68
361.4417, 26475.33
361.9239, 26473.48
362.4060, 26469.04
362.8881, 26469.95
363.3702, 26478.60
363.8523, 26485.05
364.3344, 26480.52
364.8166, 26474.07
365.2987, 26476.12
365.7808, 26494.79
366.2629, 26516.49
366.7450, 26539.19
367.2271, 26562.65
367.7093, 26583.33
368.1914, 26599.33
368.6735, 26612.91
369.1556, 26625.52
369.6377, 26631.72
370.1198, 26642.91
370.6020, 26661.43
371.0841, 26685.13
371.5662, 26707.08
372.0483, 26728.05
372.5304, 26745.50
373.0125, 26758.73
373.4947, 26768.59
373.9768, 26769.75
374.4589, 26756.35
374.9410, 26738.95
375.4231, 26736.02
375.9052, 26753.26
376.3874, 26770.42
376.8695, 26782.79
377.3516, 26790.91
377.8337, 26792.19
378.3158, 26783.71
378.7979, 26778.29
379.2801, 26792.77
379.7622, 26828.79
380.2443, 26856.84
380.7264, 26870.56
381.2085, 26873.59
381.6906, 26870.76
382.1728, 26861.48
382.6549, 26861.13
383.1370, 26886.00
383.6191, 26929.22
384.1012, 26964.33
384.5833, 26988.32
385.0655, 27003.69
385.5476, 27009.32
386.0297, 27007.76
386.5118, 27008.93
386.9939, 27019.46
387.4760, 27034.97
387.9582, 27049.03
388.4403, 27061.80
388.9224, 27076.11
389.4045, 27099.99
389.8866, 27125.77
390.3687, 27142.66
390.8509, 27146.42
391.3330, 27141.53
391.8151, 27123.08
392.2972, 27096.29
392.7793, 27081.34
393.2614, 27095.34
393.7436, 27120.38
394.2257, 27143.81
394.7078, 27161.22
395.1899, 27181.41
395.6720, 27212.49
396.1541, 27247.03
396.6363, 27273.20
397.1184, 27277.27
397.6005, 27282.28
398.0826, 27297.11
398.5647, 27323.54
399.0468, 27347.60
399.5290, 27372.31
400.0111, 27391.64
400.4932, 27400.31
400.9753, 27378.29
401.4574, 27373.40
401.9395, 27399.78
402.4217, 27448.84
402.9038, 27477.93
403.3859, 27475.06
403.8680, 27470.08
404.3501, 27477.85
404.8322, 27502.33
405.3144, 27526.96
405.7965, 27554.86
406.2786, 27578.82
406.7607, 27582.88
407.2428, 27562.07
407.7249, 27547.87
408.2071, 27550.31
408.6892, 27568.04
409.1713, 27597.36
409.6534, 27640.68
410.1355, 27681.21
410.6176, 27698.19
411.0998, 27696.36
411.5819, 27704.83
412.0640, 27732.70
412.5461, 27767.28
413.0282, 27787.09
413.5103, 27794.24
413.9925, 27801.96
414.4746, 27825.65
414.9567, 27852.33
415.4388, 27858.28
415.9209, 27839.78
416.4030, 27818.61
416.8852, 27813.86
417.3673, 27818.62
417.8494, 27821.47
418.3315, 27810.08
418.8136, 27802.46
419.2957, 27817.21
419.7779, 27850.21
420.2600, 27873.62
420.7421, 27861.21
421.2242, 27843.10
421.7063, 27842.98
422.1884, 27878.45
422.6706, 27907.34
423.1527, 27917.35
423.6348, 27914.43
424.1169, 27909.89
424.5990, 27893.68
425.0811, 27886.75
425.5633, 27896.99
426.0454, 27926.21
426.5275, 27956.63
427.0096, 27989.63
427.4917, 28022.03
427.9738, 28051.61
428.4560, 28079.32
428.9381, 28100.94
429.4202, 28115.40
429.9023, 28122.98
430.3844, 28124.36
430.8665, 28117.51
431.3487, 28110.17
431.8308, 28104.54
432.3129, 28100.41
432.7950, 28105.93
433.2771, 28122.96
433.7592, 28145.77
434.2414, 28172.88
434.7235, 28203.06
435.2056, 28217.58
435.6877, 28202.18
436.1698, 28173.74
436.6519, 28170.87
437.1341, 28192.52
437.6162, 28215.67
438.0983, 28222.20
438.5804, 28219.34
439.0625, 28218.89
439.5446, 28222.51
440.0268, 28229.93
440.5089, 28241.71
440.9910, 28257.04
441.4731, 28274.02
441.9552, 28294.37
442.4373, 28313.82
442.9195, 28328.81
443.4016, 28339.13
443.8837, 28349.48
444.3658, 28361.39
444.8479, 28373.70
445.3300, 28385.14
445.8122, 28390.44
446.2943, 28400.80
446.7764, 28424.26
447.2585, 28454.15
447.7406, 28473.59
448.2227, 28474.00
448.7049, 28471.29
449.1870, 28470.27
449.6691, 28471.94
450.1512, 28470.32
450.6333, 28463.26
451.1154, 28456.03
451.5976, 28454.17
452.0797, 28459.83
452.5618, 28465.50
453.0439, 28470.09
453.5260, 28474.63
454.0081, 28481.95
454.4903, 28492.35
454.9724, 28505.04
455.4545, 28519.85
455.9366, 28536.52
456.4187, 28555.06
456.9008, 28575.33
457.3830, 28596.06
457.8651, 28614.22
458.3472, 28630.71
458.8293, 28649.19
459.3114, 28676.37
459.7935, 28699.67
460.2757, 28696.33
460.7578, 28671.62
461.2399, 28653.41
461.7220, 28664.23
462.2041, 28686.72
462.6862, 28707.97
463.1684, 28729.03
463.6505, 28736.49
464.1326, 28707.13
464.6147, 28665.48
465.0968, 28642.80
465.5789, 28674.16
466.0611, 28701.18
466.5432, 28702.65
467.0253, 28681.15
467.5074, 28667.30
467.9895, 28666.71
468.4716, 28673.38
468.9538, 28685.66
469.4359, 28710.05
469.9180, 28724.17
470.4001, 28718.83
470.8822, 28709.09
471.3643, 28720.46
471.8465, 28762.43
472.3286, 28796.11
472.8107, 28808.08
473.2928, 28802.74
473.7749, 28808.79
474.2570, 28827.83
474.7392, 28848.57
475.2213, 28864.29
475.7034, 28874.89
476.1855, 28877.60
476.6676, 28870.03
477.1497, 28862.58
477.6319, 28870.34
478.1140, 28890.38
478.5961, 28912.75
479.0782, 28939.21
479.5603, 28962.24
480.0424, 28968.00
480.5246, 28958.91
481.0067, 28954.63
481.4888, 28974.62
481.9709, 29000.65
482.4530, 29013.49
482.9352, 28998.89
483.4173, 28996.71
483.8994, 29040.83
484.3815, 29102.98
484.8636, 29139.86
485.3457, 29110.84
485.8279, 29086.91
486.3100, 29093.56
486.7921, 29131.27
487.2742, 29149.36
487.7563, 29131.64
488.2384, 29111.88
488.7206, 29109.92
489.2027, 29134.38
489.6848, 29154.88
490.1669, 29170.93
490.6490, 29183.79
491.1311, 29194.69
491.6133, 29202.95
492.0954, 29213.25
492.5775, 29226.09
493.0596, 29242.02
493.5417, 29266.75
494.0238, 29300.07
494.5060, 29328.98
494.9881, 29338.82
495.4702, 29336.29
495.9523, 29338.36
496.4344, 29346.67
496.9165, 29360.06
497.3987, 29385.92
497.8808, 29415.29
498.3629, 29430.94
498.8450, 29406.42
499.3271, 29382.51
499.8092, 29395.02
500.2914, 29436.45
500.7735, 29462.80
501.2556, 29440.62
501.7377, 29411.58
502.2198, 29402.43
502.7019, 29427.83
503.1841, 29443.79
503.6662, 29435.92
504.1483, 29420.04
504.6304, 29414.38
505.1125, 29423.22
505.5946, 29435.44
506.0768, 29449.56
506.5589, 29465.60
507.0410, 29484.81
507.5231, 29507.96
508.0052, 29531.12
508.4873, 29554.66
508.9695, 29578.13
509.4516, 29588.23
509.9337, 29582.07
510.4158, 29573.11
510.8979, 29576.18
511.3800, 29589.67
511.8622, 29608.14
512.3443, 29635.39
512.8264, 29659.17
513.3085, 29658.23
513.7906, 29638.73
514.2728, 29622.61
514.7549, 29629.68
515.2370, 29641.02
515.7191, 29637.71
516.2012, 29617.67
516.6833, 29602.65
517.1655, 29604.79
517.6476, 29615.68
518.1297, 29628.24
518.6118, 29648.43
519.0939, 29661.40
519.5760, 29655.65
520.0582, 29641.65
520.5403, 29644.40
521.0224, 29675.11
521.5045, 29706.54
521.9866, 29730.49
522.4688, 29746.90
522.9509, 29768.17
523.4330, 29796.43
523.9151, 29823.84
524.3972, 29840.82
524.8793, 29846.59
525.3615, 29865.43
525.8436, 29901.70
526.3257, 29944.84
526.8078, 29984.46
527.2899, 30018.70
527.7720, 30037.70
528.2542, 30028.43
528.7363, 30008.58
529.2184, 30001.57
529.7005, 30005.65
530.1826, 30011.00
530.6647, 30012.75
531.1469, 30012.83
531.6290, 30013.60
532.1111, 30016.35
532.5932, 30016.74
533.0753, 30010.91
533.5574, 30003.39
534.0396, 29998.94
534.5217, 29996.43
535.0038, 30000.08
535.4859, 30016.98
535.9680, 30041.17
536.4501, 30052.76
536.9323, 30043.84
537.4144, 30035.64
537.8965, 30034.33
538.3786, 30039.66
538.8607, 30056.55
539.3428, 30088.21
539.8250, 30119.91
540.3071, 30135.29
540.7892, 30135.85
541.2713, 30139.95
541.7534, 30150.67
542.2355, 30163.99
542.7177, 30173.27
543.1998, 30180.32
543.6819, 30190.81
544.1640, 30215.24
544.6461, 30238.71
545.1282, 30240.67
545.6104, 30225.68
546.0925, 30221.59
546.5746, 30256.13
547.0567, 30297.36
547.5388, 30322.03
548.0209, 30319.83
548.5031, 30325.27
548.9852, 30355.65
549.4673, 30392.23
549.9494, 30414.99
550.4315, 30414.53
550.9136, 30413.97
551.3958, 30416.19
551.8779, 30419.27
552.3600, 30416.82
552.8421, 30406.32
553.3242, 30398.22
553.8063, 30396.38
554.2885, 30400.60
554.7706, 30412.99
555.2527, 30434.85
555.7348, 30452.21
556.2169, 30443.35
556.6990, 30421.07
557.1812, 30422.36
557.6633, 30458.84
558.1454, 30497.83
558.6275, 30505.61
559.1096, 30494.37
559.5917, 30485.57
560.0739, 30485.64
560.5560, 30492.64
561.0381, 30512.47
561.5202, 30540.43
562.0023, 30557.16
562.4844, 30542.03
562.9666, 30527.67
563.4487, 30529.82
563.9308, 30552.18
564.4129, 30572.14
564.8950, 30591.30
565.3771, 30605.75
565.8593, 30612.42
566.3414, 30610.54
566.8235, 30600.95
567.3056, 30579.21
567.7877, 30556.41
568.2698, 30556.58
568.7520, 30578.39
569.2341, 30596.92
569.7162, 30600.60
570.1983, 30597.34
570.6804, 30603.19
571.1625, 30616.99
571.6447, 30628.48
572.1268, 30625.46
572.6089, 30620.64
573.0910, 30628.60
573.5731, 30653.13
574.0552, 30675.13
574.5374, 30681.85
575.0195, 30684.05
575.5016, 30691.72
575.9837, 30703.85
576.4658, 30724.18
576.9479, 30759.88
577.4301, 30801.37
577.9122, 30829.57
578.3943, 30836.36
578.8764, 30844.54
579.3585, 30861.21
579.8406, 30884.14
580.3228, 30899.11
580.8049, 30905.20
581.2870, 30908.69
581.7691, 30913.35
582.2512, 30919.34
582.7333, 30930.52
583.2155, 30949.15
583.6975, 30958.23
584.1796, 30925.45
584.6617, 30876.93
585.1439, 30856.66
585.6260, 30886.18
586.1081, 30930.43
586.5902, 30984.14
587.0723, 31036.08
587.5544, 31063.69
588.0366, 31033.04
588.5187, 31005.09
589.0008, 30999.10
589.4829, 31014.39
589.9650, 31032.29
590.4471, 31054.90
590.9293, 31075.59
591.4114, 31089.70
591.8935, 31095.38
592.3756, 31104.91
592.8577, 31118.40
593.3398, 31134.98
593.8220, 31158.88
594.3041, 31187.96
594.7862, 31203.60
595.2683, 31201.08
595.7504, 31188.93
596.2325, 31172.80
596.7147, 31155.92
597.1968, 31146.23
597.6789, 31155.03
598.1610, 31166.36
598.6431, 31167.71
599.1252, 31161.27
599.6074, 31157.01
600.0895, 31158.12
600.5716, 31162.43
601.0537, 31170.38
601.5358, 31183.74
602.0179, 31190.90
602.5001, 31186.20
602.9822, 31180.75
603.4643, 31183.41
603.9464, 31196.82
604.4285, 31209.09
604.9106, 31221.22
605.3928, 31229.19
605.8749, 31218.87
606.3570, 31192.90
606.8391, 31188.29
607.3212, 31225.77
607.8033, 31277.86
608.2855, 31298.73
608.7676, 31296.41
609.2497, 31301.84
609.7318, 31348.12
610.2139, 31396.48
610.6960, 31410.37
611.1782, 31389.36
611.6603, 31375.62
612.1424, 31391.29
612.6245, 31413.44
613.1066, 31427.81
613.5887, 31429.59
614.0709, 31434.01
614.5530, 31445.74
615.0351, 31456.88
615.5172, 31456.59
615.9993, 31440.28
616.4814, 31436.14
616.9636, 31451.51
617.4457, 31476.00
617.9278, 31492.40
618.4099, 31500.42
618.8920, 31498.72
619.3741, 31474.35
619.8563, 31448.25
620.3384, 31457.23
620.8205, 31495.01
621.3026, 31531.46
621.7847, 31555.20
622.2668, 31566.48
622.7490, 31560.08
623.2311, 31533.71
623.7132, 31515.29
624.1953, 31522.83
624.6774, 31534.53
625.1595, 31534.98
625.6417, 31515.62
626.1238, 31503.79
626.6059, 31503.99
627.0880, 31508.15
627.5701, 31502.30
628.0522, 31484.29
628.5344, 31480.18
629.0165, 31497.63
629.4986, 31528.54
629.9807, 31562.00
630.4628, 31596.45
630.9449, 31623.47
631.4271, 31627.29
631.9092, 31628.63
632.3913, 31657.76
632.8734, 31708.75
633.3555, 31745.44
633.8376, 31731.91
634.3198, 31712.07
634.8019, 31713.66
635.2840, 31743.82
635.7661, 31771.46
636.2482, 31797.28
636.7303, 31816.77
637.2125, 31824.34
637.6946, 31810.68
638.1767, 31817.12
638.6588, 31854.88
639.1409, 31897.13
639.6230, 31900.16
640.1052, 31867.00
640.5873, 31838.30
641.0694, 31823.07
641.5515, 31820.39
642.0336, 31835.19
642.5157, 31862.33
642.9979, 31887.01
643.4800, 31898.52
643.9621, 31907.33
644.4442, 31922.06
644.9263, 31941.18
645.4084, 31955.18
645.8906, 31956.82
646.3727, 31956.24
646.8548, 31958.88
647.3369, 31965.96
647.8190, 31968.20
648.3011, 31963.95
648.7833, 31957.42
649.2654, 31948.40
649.7475, 31935.41
650.2296, 31940.82
650.7117, 31968.88
651.1938, 32003.47
651.6760, 32023.56
652.1581, 32033.41
652.6402, 32045.80
653.1223, 32065.10
653.6044, 32085.31
654.0865, 32102.67
654.5687, 32116.98
655.0508, 32128.17
655.5329, 32135.39
656.0150, 32140.38
656.4971, 32142.08
656.9792, 32141.54
657.4614, 32143.95
657.9435, 32147.67
658.4256, 32157.08
658.9077, 32177.75
659.3898, 32208.50
659.8719, 32217.72
660.3541, 32200.74
660.8362, 32184.02
661.3183, 32191.42
661.8004, 32215.26
662.2825, 32223.04
662.7646, 32212.30
663.2468, 32199.12
663.7289, 32200.62
664.2110, 32207.34
664.6931, 32205.14
665.1752, 32185.15
665.6573, 32172.42
666.1395, 32185.17
666.6216, 32208.90
667.1037, 32225.70
667.5858, 32219.17
668.0679, 32224.51
668.5500, 32251.35
669.0322, 32288.41
669.5143, 32311.27
669.9964, 32319.20
670.4785, 32315.19
670.9606, 32293.94
671.4427, 32265.27
671.9249, 32257.62
672.4070, 32269.14
672.8891, 32286.98
673.3712, 32305.82
673.8533, 32325.34
674.3354, 32347.20
674.8176, 32370.74
675.2997, 32388.43
675.7818, 32391.95
676.2639, 32391.90
676.7460, 32394.91
677.2281, 32402.75
677.7103, 32409.34
678.1924, 32410.04
678.6745, 32413.93
679.1566, 32428.07
679.6387, 32454.05
680.1208, 32483.64
680.6030, 32517.88
681.0851, 32552.13
681.5672, 32585.63
682.0493, 32615.54
682.5314, 32628.63
683.0135, 32614.70
683.4957, 32598.68
683.9778, 32611.71
684.4599, 32640.96
684.9420, 32661.99
685.4241, 32655.72
685.9063, 32650.55
686.3884, 32662.20
686.8705, 32684.40
687.3526, 32693.97
687.8347, 32673.76
688.3168, 32665.65
688.7990, 32685.74
689.2811, 32728.88
689.7632, 32757.73
690.2453, 32771.20
690.7274, 32778.99
691.2095, 32780.54
691.6917, 32780.91
692.1738, 32800.29
692.6559, 32837.50
693.1380, 32871.09
693.6201, 32880.15
694.1022, 32880.18
694.5844, 32885.76
695.0665, 32898.89
695.5486, 32913.70
696.0307, 32924.65
696.5128, 32938.12
696.9949, 32960.36
697.4771, 33001.46
697.9592, 33029.54
698.4413, 33040.26
698.9234, 33044.10
699.4055, 33056.78
699.8876, 33079.18
700.3698, 33087.29
700.8519, 33074.32
701.3340, 33054.99
701.8161, 33049.45
702.2982, 33054.32
702.7803, 33060.31
703.2625, 33062.77
703.7446, 33067.27
704.2267, 33075.89
704.7088, 33089.20
705.1909, 33108.52
705.6730, 33141.09
706.1552, 33170.84
706.6373, 33193.82
707.1194, 33210.17
707.6015, 33220.92
708.0836, 33223.04
708.5657, 33226.18
709.0479, 33234.02
709.5300, 33245.41
710.0121, 33259.35
710.4942, 33275.19
710.9763, 33283.53
711.4584, 33273.30
711.9406, 33254.54
712.4227, 33239.81
712.9048, 33229.84
713.3869, 33219.59
713.8690, 33215.73
714.3511, 33204.92
714.8333, 33175.03
715.3154, 33114.69
715.7975, 33072.93
716.2796, 33061.35
716.7617, 33055.59
717.2438, 33032.76
717.7260, 32990.22
718.2081, 32968.90
718.6902, 32974.52
719.1723, 32989.98
719.6544, 32996.84
720.1365, 32997.70
720.6187, 32997.46
721.1008, 32994.36
721.5829, 32998.04
722.0650, 33021.65
722.5471, 33053.83
723.0292, 33079.97
723.5114, 33089.71
723.9935, 33098.87
724.4756, 33105.65
724.9577, 33114.04
725.4398, 33133.11
725.9219, 33167.62
726.4041, 33196.18
726.8862, 33212.46
727.3683, 33221.50
727.8504, 33237.60
728.3325, 33258.77
728.8146, 33271.07
729.2968, 33263.64
729.7789, 33247.91
730.2610, 33230.71
730.7431, 33215.13
731.2252, 33211.39
731.7073, 33239.27
732.1895, 33265.13
732.6716, 33272.98
733.1537, 33263.54
733.6358, 33256.88
734.1179, 33258.96
734.6000, 33253.73
735.0822, 33229.90
735.5643, 33191.10
736.0464, 33174.77
736.5285, 33181.97
737.0106, 33194.46
737.4927, 33203.22
737.9749, 33207.43
738.4570, 33201.48
738.9391, 33185.87
739.4212, 33177.12
739.9033, 33196.63
740.3854, 33218.15
740.8676, 33218.52
741.3497, 33184.61
741.8318, 33172.61
742.3139, 33203.28
742.7960, 33236.16
743.2781, 33239.84
743.7603, 33207.38
744.2424, 33198.34
744.7245, 33218.59
745.2066, 33245.32
745.6887, 33254.62
746.1708, 33252.20
746.6530, 33252.00
747.1351, 33256.51
747.6172, 33264.16
748.0993, 33277.74
748.5814, 33292.41
749.0635, 33301.91
749.5457, 33294.23
750.0278, 33298.36
750.5099, 33318.42
750.9920, 33350.55
751.4741, 33395.74
751.9562, 33461.51
752.4384, 33500.36
752.9205, 33498.14
753.4026, 33480.28
753.8847, 33485.76
754.3668, 33510.24
754.8489, 33539.23
755.3311, 33573.69
755.8132, 33600.39
756.2953, 33603.77
756.7774, 33591.77
757.2595, 33578.29
757.7416, 33561.28
758.2238, 33551.50
758.7059, 33559.12
759.1880, 33574.55
759.6701, 33576.35
760.1522, 33560.47
760.6343, 33546.09
761.1165, 33537.57
761.5986, 33534.69
762.0807, 33537.62
762.5628, 33545.88
763.0449, 33555.82
763.5270, 33566.18
764.0092, 33576.93
764.4913, 33587.17
764.9734, 33597.55
765.4555, 33610.62
765.9376, 33632.40
766.4197, 33650.87
766.9019, 33659.96
767.3840, 33661.35
767.8661, 33663.39
768.3482, 33666.43
768.8303, 33667.91
769.3124, 33664.48
769.7946, 33659.38
770.2767, 33665.26
770.7588, 33681.23
771.2409, 33699.40
771.7230, 33720.12
772.2051, 33737.32
772.6873, 33740.10
773.1694, 33731.31
773.6515, 33731.32
774.1336, 33768.10
774.6157, 33795.20
775.0978, 33785.18
775.5800, 33740.32
776.0621, 33721.61
776.5442, 33737.86
777.0263, 33755.52
777.5084, 33748.20
777.9905, 33725.91
778.4727, 33744.06
778.9548, 33800.18
779.4369, 33853.66
779.9190, 33874.07
780.4011, 33878.04
780.8832, 33879.30
781.3654, 33878.82
781.8475, 33879.80
782.3296, 33888.76
782.8117, 33894.04
783.2938, 33887.93
783.7759, 33868.78
784.2581, 33859.94
784.7402, 33863.52
785.2223, 33872.76
785.7044, 33890.09
786.1865, 33910.46
786.6686, 33908.99
787.1508, 33885.62
787.6329, 33862.59
788.1150, 33853.25
788.5971, 33854.18
789.0792, 33863.91
789.5613, 33882.95
790.0435, 33901.87
790.5256, 33914.91
791.0077, 33929.38
791.4898, 33949.82
791.9719, 33976.96
792.4540, 33999.43
792.9362, 34016.03
793.4183, 34028.80
793.9004, 34038.18
794.3825, 34044.70
794.8646, 34050.24
795.3467, 34055.07
795.8289, 34058.31
796.3110, 34061.74
796.7931, 34062.51
797.2752, 34057.70
797.7573, 34046.04
798.2394, 34035.51
798.7216, 34030.41
799.2037, 34024.29
799.6858, 34010.32
800.1679, 33985.61
800.6500, 33981.29
801.1321, 33999.82
801.6143, 34023.90
802.0964, 34041.07
802.5785, 34051.61
803.0606, 34052.28
803.5427, 34041.54
804.0248, 34038.15
804.5070, 34061.23
804.9891, 34089.86
805.4712, 34106.99
805.9533, 34105.05
806.4354, 34108.94
806.9175, 34119.16
807.3997, 34134.07
807.8818, 34154.83
808.3639, 34180.89
808.8460, 34202.61
809.3281, 34220.38
809.8102, 34224.65
810.2924, 34187.87
810.7745, 34141.15
811.2566, 34131.71
811.7387, 34169.70
812.2208, 34207.20
812.7029, 34220.52
813.1851, 34230.09
813.6672, 34252.18
814.1493, 34293.23
814.6314, 34319.78
815.1135, 34328.03
815.5956, 34330.63
816.0778, 34335.15
816.5599, 34341.90
817.0420, 34352.97
817.5241, 34368.24
818.0062, 34386.71
818.4883, 34415.25
818.9705, 34441.30
819.4526, 34446.08
819.9347, 34421.82
820.4168, 34417.58
820.8989, 34473.15
821.3810, 34523.74
821.8632, 34534.65
822.3453, 34501.76
822.8274, 34471.03
823.3095, 34443.33
823.7916, 34419.18
824.2737, 34400.96
824.7559, 34387.18
825.2380, 34373.63
825.7201, 34360.64
826.2022, 34352.55
826.6843, 34356.43
827.1664, 34363.07
827.6486, 34363.46
828.1307, 34354.20
828.6128, 34361.42
829.0949, 34393.11
829.5770, 34426.98
830.0591, 34452.02
830.5413, 34468.22
831.0234, 34477.86
831.5055, 34480.75
831.9876, 34482.13
832.4697, 34484.30
832.9518, 34487.75
833.4340, 34492.56
833.9161, 34498.95
834.3982, 34508.77
834.8803, 34529.61
835.3624, 34547.32
835.8445, 34555.89
836.3267, 34555.68
836.8088, 34553.43
837.2909, 34550.03
837.7730, 34541.18
838.2551, 34513.77
838.7372, 34482.77
839.2194, 34495.77
839.7015, 34545.07
840.1836, 34585.59
840.6657, 34578.94
841.1478, 34566.39
841.6299, 34575.48
842.1121, 34604.02
842.5942, 34623.58
843.0763, 34629.07
843.5584, 34630.82
844.0405, 34629.41
844.5226, 34627.12
845.0048, 34637.30
845.4869, 34658.56
845.9690, 34672.79
846.4511, 34663.95
846.9332, 34649.25
847.4153, 34648.73
847.8975, 34658.08
848.3796, 34664.79
848.8617, 34660.14
849.3438, 34658.41
849.8259, 34666.73
850.3080, 34680.59
850.7902, 34686.34
851.2723, 34682.07
851.7544, 34683.53
852.2365, 34697.55
852.7186, 34716.26
853.2007, 34726.14
853.6829, 34729.08
854.1650, 34729.92
854.6471, 34721.54
855.1292, 34722.45
855.6113, 34746.77
856.0934, 34784.54
856.5756, 34818.97
857.0577, 34854.37
857.5398, 34873.26
858.0219, 34867.82
858.5040, 34854.45
858.9861, 34862.11
859.4683, 34886.55
859.9504, 34904.55
860.4325, 34908.96
860.9146, 34910.32
861.3967, 34921.95
861.8788, 34934.32
862.3610, 34934.60
862.8431, 34903.02
863.3252, 34890.82
863.8073, 34917.38
864.2894, 34949.11
864.7715, 34948.95
865.2537, 34915.06
865.7358, 34899.70
866.2179, 34909.82
866.7000, 34921.13
867.1821, 34904.85
867.6642, 34876.51
868.1464, 34856.07
868.6285, 34845.78
869.1106, 34850.85
869.5927, 34892.22
870.0748, 34933.92
870.5569, 34948.00
871.0391, 34926.39
871.5212, 34929.43
872.0033, 34960.36
872.4854, 34998.38
872.9675, 35031.67
873.4496, 35057.93
873.9318, 35066.29
874.4139, 35057.79
874.8960, 35054.16
875.3781, 35077.61
875.8602, 35101.63
876.3423, 35109.76
876.8245, 35101.20
877.3066, 35091.33
877.7887, 35080.59
878.2708, 35071.53
878.7529, 35067.48
879.2350, 35067.10
879.7172, 35060.95
880.1993, 35051.45
880.6814, 35048.71
881.1635, 35068.66
881.6456, 35088.53
882.1277, 35079.65
882.6099, 35055.76
883.0920, 35058.92
883.5741, 35126.36
884.0562, 35177.11
884.5383, 35191.82
885.0204, 35186.54
885.5026, 35197.31
885.9847, 35222.35
886.4668, 35245.51
886.9489, 35262.09
887.4310, 35273.92
887.9131, 35278.71
888.3953, 35281.66
888.8774, 35291.27
889.3595, 35323.80
889.8416, 35342.95
890.3237, 35336.55
890.8058, 35322.28
891.2880, 35319.47
891.7701, 35329.75
892.2522, 35333.06
892.7343, 35327.11
893.2164, 35318.21
893.6985, 35310.97
894.1807, 35305.60
894.6628, 35302.70
895.1449, 35302.61
895.6270, 35302.40
896.1091, 35303.82
896.5912, 35302.18
897.0734, 35292.84
897.5555, 35274.60
898.0376, 35268.13
898.5197, 35274.66
899.0018, 35289.08
899.4839, 35315.70
899.9661, 35345.18
900.4482, 35356.16
900.9303, 35351.48
901.4124, 35350.00
901.8945, 35363.60
902.3766, 35379.65
902.8588, 35392.36
903.3409, 35401.79
903.8230, 35409.34
904.3051, 35412.27
904.7872, 35422.32
905.2693, 35446.30
905.7515, 35475.09
906.2336, 35486.07
906.7157, 35486.12
907.1978, 35496.32
907.6799, 35541.04
908.1620, 35577.77
908.6442, 35580.13
909.1263, 35565.07
909.6084, 35562.23
910.0905, 35580.44
910.5726, 35588.95
911.0547, 35582.45
911.5369, 35573.26
912.0190, 35580.22
912.5011, 35597.67
912.9832, 35608.41
913.4653, 35608.69
913.9474, 35607.96
914.4296, 35608.69
914.9117, 35613.05
915.3938, 35624.27
915.8759, 35644.91
916.3580, 35658.25
916.8401, 35661.46
917.3223, 35662.80
917.8044, 35670.54
918.2865, 35680.98
918.7686, 35678.09
919.2507, 35663.43
919.7328, 35650.73
920.2150, 35650.52
920.6971, 35654.03
921.1792, 35656.63
921.6613, 35658.65
922.1434, 35661.15
922.6255, 35662.02
923.1077, 35670.16
923.5898, 35691.33
924.0719, 35717.88
924.5540, 35728.95
925.0361, 35728.66
925.5182, 35735.08
926.0004, 35760.41
926.4825, 35783.67
926.9646, 35786.88
927.4467, 35780.63
927.9288, 35781.90
928.4109, 35802.26
928.8931, 35805.77
929.3752, 35784.04
929.8573, 35759.00
930.3394, 35761.10
930.8215, 35781.47
931.3036, 35787.14
931.7858, 35774.21
932.2679, 35754.67
932.7500, 35725.09
933.2321, 35702.19
933.7142, 35704.82
934.1964, 35740.66
934.6785, 35750.77
935.1606, 35725.83
935.6427, 35698.95
936.1248, 35684.74
936.6069, 35682.73
937.0891, 35694.81
937.5712, 35718.91
938.0533, 35744.78
938.5354, 35766.86
939.0175, 35788.09
939.4996, 35810.38
939.9818, 35832.01
940.4639, 35847.67
940.9460, 35851.46
941.4281, 35862.86
941.9102, 35888.30
942.3923, 35915.52
942.8745, 35919.57
943.3566, 35909.20
943.8387, 35911.39
944.3208, 35936.52
944.8029, 35961.05
945.2850, 35969.14
945.7672, 35972.78
946.2493, 35986.24
946.7314, 36018.64
947.2135, 36024.91
947.6956, 35999.37
948.1777, 35968.45
948.6599, 35948.73
949.1420, 35940.30
949.6241, 35947.82
950.1062, 35969.18
950.5883, 35988.68
951.0704, 35990.02
951.5526, 35994.50
952.0347, 36019.96
952.5168, 36058.00
952.9989, 36075.75
953.4810, 36069.79
953.9631, 36058.53
954.4453, 36045.29
954.9274, 36032.95
955.4095, 36025.91
955.8916, 36023.74
956.3737, 36026.31
956.8558, 36041.19
957.3380, 36047.13
957.8201, 36028.37
958.3022, 36003.80
958.7843, 35989.77
959.2664, 35986.66
959.7485, 35996.86
960.2307, 36022.38
960.7128, 36046.95
961.1949, 36048.31
961.6770, 36043.65
962.1591, 36061.97
962.6412, 36103.41
963.1234, 36135.55
963.6055, 36132.80
964.0876, 36134.34
964.5697, 36157.14
965.0518, 36194.14
965.5339, 36216.75
966.0161, 36224.61
966.4982, 36220.86
966.9803, 36195.61
967.4624, 36176.77
967.9445, 36210.11
968.4266, 36268.07
968.9088, 36304.60
969.3909, 36299.15
969.8730, 36282.18
970.3551, 36251.42
970.8372, 36217.26
971.3193, 36186.29
971.8015, 36160.20
972.2836, 36153.52
972.7657, 36168.34
973.2478, 36183.65
973.7299, 36181.42
974.2120, 36174.41
974.6942, 36170.79
975.1763, 36171.70
975.6584, 36184.07
976.1405, 36214.89
976.6226, 36241.76
977.1047, 36254.82
977.5869, 36259.18
978.0690, 36265.20
978.5511, 36273.95
979.0332, 36291.36
979.5153, 36330.77
979.9974, 36362.88
980.4796, 36367.15
980.9617, 36356.37
981.4438, 36348.80
981.9259, 36345.46
982.4080, 36345.20
982.8901, 36349.47
983.3723, 36352.33
983.8544, 36340.09
984.3365, 36325.39
984.8186, 36338.59
985.3007, 36381.36
985.7828, 36413.47
986.2650, 36403.68
986.7471, 36394.29
987.2292, 36406.41
987.7113, 36434.57
988.1934, 36450.07
988.6755, 36452.09
989.1577, 36450.81
989.6398, 36444.60
990.1219, 36444.89
990.6040, 36475.31
991.0861, 36518.95
991.5682, 36547.39
992.0504, 36545.11
992.5325, 36536.19
993.0146, 36512.48
993.4967, 36496.50
993.9788, 36519.08
994.4609, 36573.61
994.9431, 36598.55
995.4252, 36591.05
995.9073, 36573.83
996.3894, 36558.06
996.8715, 36543.98
997.3536, 36529.46
997.8358, 36515.85
998.3179, 36513.52
998.8000, 36528.41
999.2821, 36539.15
999.7642, 36537.27
1000.246, 36531.37
1000.728, 36544.55
1001.211, 36567.63
1001.693, 36574.59
1002.175, 36547.30
1002.657, 36526.01
1003.139, 36528.30
1003.621, 36545.21
1004.103, 36569.96
1004.585, 36605.21
1005.068, 36631.25
1005.550, 36647.23
1006.032, 36660.89
1006.514, 36677.75
1006.996, 36695.24
1007.478, 36712.91
1007.960, 36728.87
1008.442, 36735.68
1008.924, 36717.34
1009.407, 36707.56
1009.889, 36717.59
1010.371, 36735.34
1010.853, 36732.83
1011.335, 36713.95
1011.817, 36704.21
1012.299, 36711.85
1012.781, 36722.30
1013.263, 36729.90
1013.746, 36733.16
1014.228, 36729.69
1014.710, 36718.73
1015.192, 36709.86
1015.674, 36702.06
1016.156, 36701.88
1016.638, 36715.59
1017.120, 36738.22
1017.603, 36757.27
1018.085, 36774.98
1018.567, 36799.75
1019.049, 36845.50
1019.531, 36884.10
1020.013, 36901.96
1020.495, 36909.75
1020.977, 36923.43
1021.459, 36942.61
1021.942, 36955.56
1022.424, 36959.79
1022.906, 36964.21
1023.388, 36990.37
1023.870, 37012.95
1024.352, 37001.46
1024.834, 36950.61
1025.316, 36911.21
1025.799, 36887.43
1026.281, 36876.36
1026.763, 36879.05
1027.245, 36893.20
1027.727, 36917.59
1028.209, 36948.41
1028.691, 36971.77
1029.173, 36979.07
1029.656, 36982.76
1030.138, 36985.41
1030.620, 36988.45
1031.102, 36991.74
1031.584, 36992.77
1032.066, 37007.99
1032.548, 37038.79
1033.030, 37068.79
1033.512, 37073.88
1033.995, 37076.80
1034.477, 37114.77
1034.959, 37180.41
1035.441, 37220.71
1035.923, 37206.63
1036.405, 37191.45
1036.887, 37185.95
1037.369, 37184.60
1037.851, 37176.79
1038.334, 37163.96
1038.816, 37150.12
1039.298, 37136.15
1039.780, 37122.86
1040.262, 37109.25
1040.744, 37098.13
1041.226, 37090.70
1041.708, 37093.89
1042.191, 37094.27
1042.673, 37114.60
1043.155, 37136.41
1043.637, 37161.45
1044.119, 37177.91
1044.601, 37153.52
1045.083, 37109.15
1045.565, 37093.36
1046.047, 37154.70
1046.530, 37194.50
1047.012, 37195.28
1047.494, 37185.37
1047.976, 37198.29
1048.458, 37228.71
1048.940, 37250.02
1049.422, 37260.32
1049.904, 37268.95
1050.386, 37280.14
1050.869, 37292.86
1051.351, 37304.79
1051.833, 37317.31
1052.315, 37339.75
1052.797, 37374.55
1053.279, 37398.84
1053.761, 37405.62
1054.243, 37402.38
1054.726, 37387.36
1055.208, 37373.31
1055.690, 37381.15
1056.172, 37426.01
1056.654, 37457.38
1057.136, 37468.87
1057.618, 37471.65
1058.100, 37472.82
1058.583, 37470.71
1059.065, 37451.08
1059.547, 37419.63
1060.029, 37402.38
1060.511, 37429.35
1060.993, 37454.77
1061.475, 37454.04
1061.957, 37443.62
1062.439, 37444.04
1062.922, 37455.20
1063.404, 37487.45
1063.886, 37545.31
1064.368, 37588.01
1064.850, 37566.23
1065.332, 37520.95
1065.814, 37486.86
1066.296, 37467.34
1066.778, 37466.38
1067.261, 37494.51
1067.743, 37513.90
1068.225, 37511.02
1068.707, 37500.10
1069.189, 37507.71
1069.671, 37527.80
1070.153, 37548.59
1070.635, 37569.95
1071.118, 37579.76
1071.600, 37568.83
1072.082, 37548.24
1072.564, 37522.38
1073.046, 37492.53
1073.528, 37463.14
1074.010, 37435.90
1074.492, 37425.07
1074.974, 37450.68
1075.457, 37482.57
1075.939, 37493.49
1076.421, 37497.44
1076.903, 37521.42
1077.385, 37582.00
1077.867, 37610.61
1078.349, 37598.53
1078.831, 37576.38
1079.313, 37569.40
1079.796, 37571.35
1080.278, 37574.06
1080.760, 37576.68
1081.242, 37579.25
1081.724, 37573.43
1082.206, 37580.15
1082.688, 37610.16
1083.170, 37646.93
1083.652, 37659.20
1084.135, 37652.05
1084.617, 37642.47
1085.099, 37633.47
1085.581, 37626.42
1086.063, 37632.42
1086.545, 37630.86
1087.027, 37598.37
1087.509, 37542.18
1087.992, 37543.91
1088.474, 37604.39
1088.956, 37658.95
1089.438, 37682.61
1089.920, 37687.45
1090.402, 37670.13
1090.884, 37648.38
1091.366, 37648.75
1091.849, 37687.86
1092.331, 37712.13
1092.813, 37718.24
1093.295, 37720.91
1093.777, 37733.18
1094.259, 37747.99
1094.741, 37745.82
1095.223, 37733.44
1095.705, 37735.51
1096.188, 37770.34
1096.670, 37808.35
1097.152, 37850.01
1097.634, 37884.31
1098.116, 37892.82
1098.598, 37880.91
1099.080, 37871.94
1099.562, 37868.14
1100.044, 37874.77
1100.527, 37913.96
1101.009, 37945.93
1101.491, 37943.66
1101.973, 37919.34
1102.455, 37911.91
1102.937, 37922.18
1103.419, 37918.88
1103.901, 37891.09
1104.384, 37862.82
1104.866, 37854.88
1105.348, 37860.22
1105.830, 37874.78
1106.312, 37899.60
1106.794, 37915.50
1107.276, 37919.83
1107.758, 37924.80
1108.240, 37936.82
1108.723, 37951.09
1109.205, 37955.31
1109.687, 37957.18
1110.169, 37972.01
1110.651, 38011.14
1111.133, 38052.80
1111.615, 38107.24
1112.097, 38142.59
1112.579, 38117.55
1113.062, 38054.91
1113.544, 38038.01
1114.026, 38060.01
1114.508, 38085.66
1114.990, 38102.29
1115.472, 38114.73
1115.954, 38128.36
1116.436, 38135.88
1116.919, 38122.82
1117.401, 38091.60
1117.883, 38072.76
1118.365, 38069.36
1118.847, 38073.59
1119.329, 38084.67
1119.811, 38097.48
1120.293, 38111.28
1120.776, 38123.81
1121.258, 38124.73
1121.740, 38111.44
1122.222, 38112.99
1122.704, 38140.74
1123.186, 38158.50
1123.668, 38103.87
1124.150, 38035.09
1124.632, 38020.29
1125.115, 38073.57
1125.597, 38101.18
1126.079, 38093.20
1126.561, 38090.00
1127.043, 38111.66
1127.525, 38139.75
1128.007, 38147.94
1128.489, 38140.27
1128.971, 38120.63
1129.454, 38080.91
1129.936, 38059.55
1130.418, 38072.14
1130.900, 38081.08
1131.382, 38054.00
1131.864, 38010.07
1132.346, 38010.29
1132.828, 38044.31
1133.311, 38078.10
1133.793, 38093.57
1134.275, 38110.12
1134.757, 38131.69
1135.239, 38154.81
1135.721, 38176.20
1136.203, 38195.20
1136.685, 38214.78
1137.167, 38234.03
1137.650, 38247.29
1138.132, 38239.39
1138.614, 38237.23
1139.096, 38266.76
1139.578, 38305.01
1140.060, 38313.01
1140.542, 38290.63
1141.024, 38271.72
1141.506, 38260.43
1141.989, 38253.46
1142.471, 38249.77
1142.953, 38248.89
1143.435, 38250.77
1143.917, 38255.82
1144.399, 38264.32
1144.881, 38276.56
1145.363, 38290.75
1145.846, 38306.56
1146.328, 38321.23
1146.810, 38335.30
1147.292, 38343.28
1147.774, 38332.26
1148.256, 38298.27
1148.738, 38297.33
1149.220, 38343.12
1149.703, 38370.65
1150.185, 38347.20
1150.667, 38313.91
1151.149, 38340.37
1151.631, 38395.62
1152.113, 38430.29
1152.595, 38428.56
1153.077, 38425.19
1153.559, 38423.93
1154.042, 38420.25
1154.524, 38411.94
1155.006, 38399.93
1155.488, 38382.33
1155.970, 38362.87
1156.452, 38351.54
1156.934, 38359.36
1157.416, 38361.41
1157.898, 38351.77
1158.381, 38341.64
1158.863, 38339.16
1159.345, 38343.24
1159.827, 38346.91
1160.309, 38352.20
1160.791, 38367.70
1161.273, 38407.73
1161.755, 38444.02
1162.238, 38470.46
1162.720, 38488.45
1163.202, 38498.63
1163.684, 38501.00
1164.166, 38494.26
1164.648, 38479.52
1165.130, 38469.32
1165.612, 38472.32
1166.094, 38479.84
1166.577, 38493.16
1167.059, 38505.95
1167.541, 38506.03
1168.023, 38495.06
1168.505, 38491.94
1168.987, 38499.06
1169.469, 38499.25
1169.951, 38460.18
1170.433, 38431.17
1170.916, 38455.29
1171.398, 38508.65
1171.880, 38531.36
1172.362, 38523.85
1172.844, 38519.16
1173.326, 38522.95
1173.808, 38531.57
1174.290, 38543.36
1174.773, 38556.88
1175.255, 38570.04
1175.737, 38583.36
1176.219, 38604.43
1176.701, 38634.51
1177.183, 38647.26
1177.665, 38631.65
1178.147, 38612.30
1178.630, 38616.49
1179.112, 38626.44
1179.594, 38620.17
1180.076, 38629.88
1180.558, 38642.88
1181.040, 38638.32
1181.522, 38665.64
1182.004, 38665.71
1182.486, 38656.16
1182.969, 38650.65
1183.451, 38649.21
1183.933, 38650.17
1184.415, 38650.50
1184.897, 38673.96
1185.379, 38726.29
1185.861, 38762.08
1186.343, 38746.51
1186.825, 38717.68
1187.308, 38720.13
1187.790, 38740.13
1188.272, 38758.04
1188.754, 38776.66
1189.236, 38771.50
1189.718, 38736.89
1190.200, 38709.70
1190.682, 38726.05
1191.165, 38753.82
1191.647, 38746.80
1192.129, 38721.06
1192.611, 38709.45
1193.093, 38728.07
1193.575, 38739.02
1194.057, 38741.45
1194.539, 38738.37
1195.021, 38723.40
1195.504, 38710.18
1195.986, 38723.36
1196.468, 38753.57
1196.950, 38772.45
1197.432, 38763.92
1197.914, 38769.57
1198.396, 38795.16
1198.878, 38821.77
1199.360, 38835.87
1199.843, 38836.99
1200.325, 38810.90
1200.807, 38769.20
1201.289, 38761.23
1201.771, 38823.12
1202.253, 38855.53
1202.735, 38842.83
1203.217, 38816.55
1203.700, 38801.60
1204.182, 38801.23
1204.664, 38826.13
1205.146, 38872.27
1205.628, 38912.64
1206.110, 38945.42
1206.592, 38960.83
1207.074, 38949.05
1207.557, 38940.61
1208.039, 38984.73
1208.521, 39049.77
1209.003, 39096.77
1209.485, 39120.96
1209.967, 39112.21
1210.449, 39046.97
1210.931, 39008.63
1211.413, 39019.47
1211.896, 39050.48
1212.378, 39069.30
1212.860, 39080.02
1213.342, 39092.44
1213.824, 39108.00
1214.306, 39095.68
1214.788, 39039.55
1215.270, 38996.45
1215.752, 38983.04
1216.235, 38985.89
1216.717, 38999.13
1217.199, 39009.62
1217.681, 38990.15
1218.163, 38933.72
1218.645, 38910.60
1219.127, 38936.65
1219.609, 38959.92
1220.092, 38962.34
1220.574, 38958.32
1221.056, 38972.33
1221.538, 38971.41
1222.020, 38997.24
1222.502, 38980.96
1222.984, 38976.17
1223.466, 38983.43
1223.948, 39003.24
1224.431, 39040.32
1224.913, 39079.49
1225.395, 39098.86
1225.877, 39105.96
1226.359, 39111.24
1226.841, 39116.48
1227.323, 39118.86
1227.805, 39118.97
1228.287, 39113.60
1228.770, 39099.39
1229.252, 39082.83
1229.734, 39067.96
1230.216, 39058.90
1230.698, 39065.61
1231.180, 39096.80
1231.662, 39102.04
1232.144, 39078.70
1232.627, 39044.84
1233.109, 39000.48
1233.591, 38964.39
1234.073, 38970.75
1234.555, 38993.53
1235.037, 38994.98
1235.519, 38967.04
1236.001, 38952.48
1236.484, 38952.60
1236.966, 38960.77
1237.448, 38976.63
1237.930, 38994.70
1238.412, 39009.71
1238.894, 39023.13
1239.376, 39035.27
1239.858, 39044.08
1240.340, 39062.79
1240.823, 39090.70
1241.305, 39119.44
1241.787, 39145.84
1242.269, 39167.06
1242.751, 39178.12
1243.233, 39182.49
1243.715, 39184.16
1244.197, 39182.65
1244.679, 39185.44
1245.162, 39192.46
1245.644, 39193.04
1246.126, 39172.32
1246.608, 39156.86
1247.090, 39178.56
1247.572, 39207.11
1248.054, 39205.86
1248.536, 39174.15
1249.019, 39157.33
1249.501, 39155.31
1249.983, 39160.43
1250.465, 39167.71
1250.947, 39182.45
1251.429, 39217.70
1251.911, 39252.90
1252.393, 39264.93
1252.875, 39254.97
1253.358, 39260.88
1253.840, 39279.84
1254.322, 39297.78
1254.804, 39305.69
1255.286, 39311.63
1255.768, 39316.45
1256.250, 39321.61
1256.732, 39325.54
1257.214, 39330.72
1257.697, 39359.01
1258.179, 39404.54
1258.661, 39437.88
1259.143, 39446.60
1259.625, 39441.09
1260.107, 39417.42
1260.589, 39393.44
1261.071, 39379.27
1261.554, 39377.91
1262.036, 39410.16
1262.518, 39464.20
1263.000, 39501.49
1263.482, 39501.68
1263.964, 39487.41
1264.446, 39452.54
1264.928, 39421.82
1265.411, 39425.74
1265.893, 39442.74
1266.375, 39422.34
1266.857, 39380.70
1267.339, 39362.38
1267.821, 39389.77
1268.303, 39428.46
1268.785, 39484.15
1269.267, 39530.85
1269.750, 39547.18
1270.232, 39543.47
1270.714, 39523.04
1271.196, 39494.89
1271.678, 39479.29
1272.160, 39476.45
1272.642, 39490.26
1273.124, 39522.52
1273.606, 39551.15
1274.089, 39550.05
1274.571, 39546.70
1275.053, 39580.09
1275.535, 39621.29
1276.017, 39614.26
1276.499, 39544.21
1276.981, 39527.04
1277.463, 39564.46
1277.946, 39604.56
1278.428, 39619.62
1278.910, 39621.01
1279.392, 39612.42
1279.874, 39596.61
1280.356, 39571.50
1280.838, 39538.54
1281.320, 39535.02
1281.802, 39558.24
1282.285, 39578.82
1282.767, 39576.03
1283.249, 39573.64
1283.731, 39579.80
1284.213, 39589.27
1284.695, 39597.55
1285.177, 39604.74
1285.659, 39609.04
1286.141, 39613.04
1286.624, 39628.18
1287.106, 39677.79
1287.588, 39709.51
1288.070, 39711.73
1288.552, 39706.54
1289.034, 39713.71
1289.516, 39725.96
1289.998, 39721.65
1290.481, 39709.13
1290.963, 39709.99
1291.445, 39750.14
1291.927, 39765.53
1292.409, 39748.58
1292.891, 39736.13
1293.373, 39765.45
1293.855, 39805.68
1294.338, 39815.95
1294.820, 39808.54
1295.302, 39806.89
1295.784, 39815.09
1296.266, 39817.20
1296.748, 39812.45
1297.230, 39814.14
1297.712, 39836.84
1298.194, 39860.88
1298.677, 39872.18
1299.159, 39872.69
1299.641, 39859.64
1300.123, 39831.43
1300.605, 39836.66
1301.087, 39869.42
1301.569, 39878.29
1302.051, 39821.78
1302.533, 39751.21
1303.016, 39680.77
##END=



