##NAMES=Murdochite
##RRUFFID=R110122
##IDEAL CHEMISTRY=Cu^2+^_12_Pb^4+^_2_O_15_Cl_2_
##LOCALITY=Mapimi, Mexico
##OWNER=RRUFF
##SOURCE=Rob Lavinsky
##DESCRIPTION=Coating of black cubes
##STATUS=The identification of this mineral is confirmed by single-crystal X-ray diffraction and chemical analysis.
##URL=rruff.info/R110122
##MEASURED CHEMISTRY=Pb_1.88_Cu_11.26_O_14.02_(Cl_1.07_Br_0.83_)_Σ=1.90_
180.3130, 0.0000000E+00
180.7951, 0.4538350
181.2772, 0.7967950
181.7593, 0.7182080
182.2415, 0.5505560
182.7236, 1.237026
183.2057, 2.523418
183.6878, 3.372200
184.1699, 3.213230
184.6520, 1.225620
185.1342, 1.3149000E-02
185.6163, 3.6896002E-02
186.0984, 0.5185740
186.5805, 1.045750
187.0626, 1.385479
187.5447, 1.549026
188.0269, 1.482315
188.5090, 1.240429
188.9911, 1.332146
189.4732, 1.367714
189.9553, 1.546543
190.4374, 1.622887
190.9196, 1.473797
191.4017, 1.297089
191.8838, 1.424450
192.3659, 1.872429
192.8480, 2.275894
193.3301, 2.455212
193.8123, 2.561417
194.2944, 2.558250
194.7765, 2.722179
195.2586, 2.727829
195.7407, 2.139748
196.2228, 0.9468880
196.7050, 0.1158640
197.1871, 0.4582940
197.6692, 0.1090130
198.1513, 0.2986720
198.6334, 0.7787210
199.1155, 1.159496
199.5977, 1.236580
200.0798, 1.056221
200.5619, 0.9419250
201.0440, 1.235264
201.5261, 2.111855
202.0082, 2.687820
202.4904, 2.637726
202.9725, 2.403893
203.4546, 2.158695
203.9367, 1.937519
204.4188, 1.714634
204.9009, 1.466305
205.3831, 1.203041
205.8652, 0.8782010
206.3473, 0.2564960
206.8294, 0.2522540
207.3115, 0.3365100
207.7936, 1.7093999E-02
208.2758, 0.5402410
208.7579, 0.8330880
209.2400, 0.6566960
209.7221, 0.7891500
210.2042, 1.568275
210.6863, 2.365822
211.1685, 2.789711
211.6506, 2.750431
212.1327, 2.372021
212.6148, 1.790134
213.0969, 0.7219350
213.5790, 9.9541001E-02
214.0612, 0.1598630
214.5433, 0.4810220
215.0254, 0.7951430
215.5075, 1.021107
215.9896, 1.139256
216.4717, 1.094757
216.9539, 0.7320020
217.4360, 0.6010060
217.9181, 1.078873
218.4002, 1.609367
218.8823, 1.500572
219.3644, 0.5800060
219.8466, 0.4833560
220.3287, 0.7003590
220.8108, 0.1125030
221.2929, 0.6894420
221.7750, 0.6053390
222.2571, 0.2957310
222.7393, 0.3716960
223.2214, 1.007496
223.7035, 1.741913
224.1856, 1.911976
224.6677, 1.566261
225.1498, 1.345249
225.6320, 1.558388
226.1141, 1.961487
226.5962, 2.128563
227.0783, 1.940567
227.5604, 1.664688
228.0425, 1.539318
228.5247, 1.541168
229.0068, 1.623211
229.4889, 1.843651
229.9710, 2.125534
230.4531, 2.250450
230.9352, 2.081299
231.4174, 2.005505
231.8995, 2.433556
232.3816, 3.199455
232.8637, 3.852901
233.3458, 4.139301
233.8279, 4.142525
234.3101, 4.131027
234.7922, 4.104126
235.2743, 4.072243
235.7564, 4.101089
236.2385, 4.132832
236.7206, 4.024944
237.2028, 3.497974
237.6849, 2.754234
238.1670, 2.735474
238.6491, 3.964230
239.1312, 5.139900
239.6133, 5.858551
240.0955, 6.159985
240.5776, 6.087864
241.0597, 5.546036
241.5418, 4.681690
242.0239, 4.233696
242.5060, 4.543579
242.9882, 4.806313
243.4703, 4.814720
243.9524, 4.658844
244.4345, 4.428280
244.9166, 4.160198
245.3987, 3.878754
245.8809, 3.718800
246.3630, 3.857418
246.8451, 3.883854
247.3272, 3.698204
247.8093, 3.367844
248.2914, 2.958702
248.7736, 2.497719
249.2557, 2.018047
249.7378, 1.652298
250.2199, 1.278255
250.7020, 1.207058
251.1841, 1.748161
251.6663, 2.515747
252.1484, 3.065262
252.6305, 3.183750
253.1126, 2.965778
253.5947, 2.706329
254.0768, 2.415367
254.5590, 2.045467
255.0411, 1.356926
255.5232, 0.7194330
256.0053, 0.5924800
256.4874, 1.159321
256.9695, 2.047199
257.4517, 2.357899
257.9338, 0.9097060
258.4159, 0.3105960
258.8980, 1.359741
259.3801, 2.927479
259.8622, 3.806946
260.3444, 3.585213
260.8265, 2.743290
261.3086, 2.172932
261.7907, 1.962639
262.2728, 1.929974
262.7549, 2.314453
263.2371, 2.757492
263.7192, 2.874737
264.2013, 2.568279
264.6834, 2.039715
265.1655, 1.581154
265.6476, 1.163475
266.1298, 0.9977570
266.6119, 1.181217
267.0940, 1.564602
267.5761, 2.093834
268.0582, 2.745594
268.5403, 3.342564
269.0225, 3.696335
269.5046, 3.776314
269.9867, 3.599636
270.4688, 2.536671
270.9509, 1.608650
271.4330, 2.033665
271.9152, 3.870995
272.3973, 5.655552
272.8794, 5.858440
273.3615, 4.330044
273.8436, 3.453289
274.3257, 3.716206
274.8079, 4.320599
275.2900, 4.743019
275.7721, 4.938030
276.2542, 4.914845
276.7363, 4.619850
277.2184, 4.079189
277.7006, 3.612602
278.1827, 3.028641
278.6648, 2.709431
279.1469, 3.034920
279.6290, 3.929554
280.1111, 4.787140
280.5933, 5.200642
281.0754, 5.318138
281.5575, 5.710739
282.0396, 6.769634
282.5217, 7.629761
283.0038, 7.639660
283.4860, 6.930725
283.9681, 6.165863
284.4502, 5.560150
284.9323, 5.159939
285.4144, 5.018658
285.8965, 5.203915
286.3787, 5.464119
286.8608, 5.786537
287.3429, 6.100533
287.8250, 6.074966
288.3071, 5.391125
288.7892, 4.616238
289.2714, 4.688789
289.7535, 5.724792
290.2356, 6.552734
290.7177, 6.368465
291.1998, 5.553211
291.6819, 5.169506
292.1641, 5.587170
292.6462, 6.218250
293.1283, 6.428856
293.6104, 6.267464
294.0925, 5.999489
294.5746, 5.761578
295.0568, 5.482471
295.5389, 4.905827
296.0210, 3.841320
296.5031, 2.965557
296.9852, 3.128563
297.4673, 3.984062
297.9495, 4.610203
298.4316, 4.483295
298.9137, 4.039379
299.3958, 4.004704
299.8779, 4.489002
300.3600, 4.922993
300.8422, 4.846317
301.3243, 4.453072
301.8064, 4.154255
302.2885, 4.008564
302.7706, 4.028805
303.2527, 4.309753
303.7349, 4.876499
304.2170, 5.367966
304.6991, 5.681465
305.1812, 5.754204
305.6633, 5.505211
306.1454, 4.745668
306.6276, 4.101589
307.1097, 4.332352
307.5918, 5.359507
308.0739, 6.060371
308.5560, 6.007324
309.0381, 5.531631
309.5203, 4.947884
310.0024, 4.230072
310.4845, 3.731962
310.9666, 3.781301
311.4487, 4.287403
311.9308, 4.828609
312.4130, 5.399654
312.8951, 5.863573
313.3772, 6.131054
313.8593, 6.210228
314.3414, 6.104877
314.8235, 5.564951
315.3057, 4.850760
315.7878, 4.751671
316.2699, 5.621700
316.7520, 6.464472
317.2341, 6.306925
317.7162, 5.498390
318.1984, 4.865139
318.6805, 4.848539
319.1626, 5.132278
319.6447, 5.265848
320.1268, 5.190168
320.6089, 4.988686
321.0911, 4.460009
321.5732, 3.895819
322.0553, 3.791437
322.5374, 4.490837
323.0195, 5.240828
323.5016, 5.202187
323.9838, 4.366812
324.4659, 3.833784
324.9480, 4.393677
325.4301, 5.273909
325.9122, 5.362417
326.3943, 4.373634
326.8765, 3.306149
327.3586, 3.116089
327.8407, 3.649218
328.3228, 4.051247
328.8049, 4.112463
329.2870, 3.999275
329.7692, 3.795115
330.2513, 3.519005
330.7334, 3.455189
331.2155, 3.978148
331.6976, 4.789307
332.1797, 5.191858
332.6619, 5.071796
333.1440, 4.659687
333.6261, 3.907604
334.1082, 2.987295
334.5903, 2.334902
335.0724, 2.288946
335.5546, 2.478895
336.0367, 2.393183
336.5188, 1.999205
337.0009, 1.669088
337.4830, 1.682388
337.9651, 1.883087
338.4473, 1.955250
338.9294, 1.744913
339.4115, 1.591648
339.8936, 1.876377
340.3757, 2.530661
340.8578, 3.018250
341.3400, 3.058121
341.8221, 2.856913
342.3042, 2.824989
342.7863, 3.027380
343.2684, 3.074625
343.7505, 2.612612
344.2327, 1.859919
344.7148, 1.334816
345.1969, 1.151649
345.6790, 1.201979
346.1611, 1.500210
346.6432, 1.996813
347.1254, 2.324123
347.6075, 2.399736
348.0896, 2.249063
348.5717, 1.731815
349.0538, 0.8107340
349.5359, 0.1502510
350.0181, 0.3826160
350.5002, 1.319237
350.9823, 1.990648
351.4644, 2.410769
351.9465, 2.491909
352.4286, 1.949207
352.9108, 0.9278850
353.3929, 0.1223110
353.8750, 8.9979000E-02
354.3571, 9.1197997E-02
354.8392, 0.1424180
355.3214, 3.2926999E-02
355.8035, 0.1225200
356.2856, 0.1376780
356.7677, 0.5315250
357.2498, 0.5578880
357.7319, 7.7300002E-03
358.2141, 0.5522350
358.6962, 0.1806720
359.1783, 1.360537
359.6604, 2.304134
360.1425, 2.131735
360.6246, 1.476286
361.1068, 0.7129670
361.5889, 6.1257999E-02
362.0710, 0.4198780
362.5531, 0.1836450
363.0352, 1.723902
363.5173, 2.321121
363.9995, 0.9841310
364.4816, 0.2453400
364.9637, 0.2557750
365.4458, 0.6136040
365.9279, 1.462828
366.4100, 1.855656
366.8922, 1.861990
367.3743, 1.647171
367.8564, 0.9650480
368.3385, 0.4586280
368.8206, 0.2121450
369.3027, 0.1816670
369.7849, 0.3697950
370.2670, 0.7658920
370.7491, 1.260178
371.2312, 1.741146
371.7133, 2.348951
372.1954, 2.452963
372.6776, 1.651123
373.1597, 0.7152020
373.6418, 3.4476999E-02
374.1239, 0.5082070
374.6060, 0.5910000
375.0881, 0.1152440
375.5703, 0.8862000
376.0524, 1.308344
376.5345, 0.3702470
377.0166, 0.2393230
377.4987, 0.2285400
377.9808, 1.165100
378.4630, 1.590435
378.9451, 1.049070
379.4272, 1.6527001E-02
379.9093, 0.3414590
380.3914, 0.6548750
380.8735, 1.194588
381.3557, 1.070766
381.8378, 0.6236270
382.3199, 0.1539310
382.8020, 1.118067
383.2841, 1.738194
383.7662, 1.262655
384.2484, 0.5698240
384.7305, 1.673962
385.2126, 1.323589
385.6947, 0.9144650
386.1768, 0.9273610
386.6589, 1.211903
387.1411, 1.382420
387.6232, 1.180737
388.1053, 0.7377430
388.5874, 0.5339780
389.0695, 0.6906200
389.5516, 0.8674300
390.0338, 1.064386
390.5159, 1.201637
390.9980, 1.148008
391.4801, 0.8718430
391.9622, 0.5940440
392.4443, 0.6161990
392.9265, 0.9727130
393.4086, 1.298344
393.8907, 1.587860
394.3728, 1.791628
394.8549, 1.863672
395.3370, 1.822365
395.8192, 1.738642
396.3013, 1.701509
396.7834, 1.655190
397.2655, 1.341154
397.7476, 0.5835480
398.2297, 1.9276001E-02
398.7119, 6.1169998E-03
399.1940, 0.3554740
399.6761, 1.048246
400.1582, 2.261110
400.6403, 3.347017
401.1224, 3.557358
401.6046, 2.937592
402.0867, 2.203165
402.5688, 1.398199
403.0509, 0.7663970
403.5330, 0.6570010
404.0151, 1.080511
404.4973, 1.426805
404.9794, 1.352402
405.4615, 1.049639
405.9436, 0.8442820
406.4257, 0.7791840
406.9078, 0.7729230
407.3900, 0.7564030
407.8721, 0.7457790
408.3542, 0.8112980
408.8363, 1.034981
409.3184, 1.267170
409.8005, 1.468746
410.2827, 1.610775
410.7648, 1.548328
411.2469, 1.164192
411.7290, 0.6449660
412.2111, 0.4439350
412.6932, 0.6626110
413.1754, 0.9035720
413.6575, 1.043682
414.1396, 1.151129
414.6217, 1.380632
415.1038, 1.761890
415.5859, 2.124575
416.0681, 2.260302
416.5502, 2.192118
417.0323, 2.212543
417.5144, 2.577635
417.9965, 2.740896
418.4786, 2.366041
418.9608, 1.639853
419.4429, 0.8339710
419.9250, 5.1054001E-02
420.4071, 0.5016310
420.8892, 0.3390830
421.3713, 1.524645
421.8535, 2.595484
422.3356, 2.370642
422.8177, 1.680887
423.2998, 0.9406450
423.7819, 0.3165340
424.2640, 9.4099000E-02
424.7462, 0.7105330
425.2283, 2.267071
425.7104, 3.152689
426.1925, 2.778399
426.6746, 2.324505
427.1567, 2.181141
427.6389, 2.169872
428.1210, 1.914785
428.6031, 1.177633
429.0852, 0.3428290
429.5673, 0.3461320
430.0494, 1.354109
430.5316, 2.164425
431.0137, 2.342180
431.4958, 2.362123
431.9779, 2.542746
432.4600, 2.913881
432.9421, 3.215403
433.4243, 3.151461
433.9064, 2.789375
434.3885, 2.475346
434.8706, 2.176100
435.3527, 2.010380
435.8348, 1.994635
436.3170, 2.116983
436.7991, 2.417406
437.2812, 3.076374
437.7633, 3.640121
438.2454, 3.750717
438.7275, 3.429955
439.2097, 3.020800
439.6918, 2.563551
440.1739, 2.161356
440.6560, 2.036922
441.1381, 2.239862
441.6202, 2.356997
442.1024, 2.096548
442.5845, 1.774059
443.0666, 2.003288
443.5487, 2.790661
444.0308, 3.399446
444.5129, 3.191807
444.9951, 2.288446
445.4772, 1.868750
445.9593, 2.364832
446.4414, 2.750204
446.9235, 2.580343
447.4056, 2.144455
447.8878, 1.886099
448.3699, 1.955271
448.8520, 2.191494
449.3341, 2.360657
449.8162, 2.466383
450.2983, 2.479116
450.7805, 2.414797
451.2626, 2.260927
451.7447, 1.801762
452.2268, 1.235662
452.7089, 1.084766
453.1910, 1.759287
453.6732, 2.995367
454.1553, 3.659380
454.6374, 3.417564
455.1195, 3.144934
455.6016, 3.025015
456.0837, 2.894972
456.5659, 2.601322
457.0480, 2.147703
457.5301, 1.725401
458.0122, 1.573540
458.4943, 1.684891
458.9764, 1.706629
459.4586, 1.510473
459.9407, 1.406378
460.4228, 1.619314
460.9049, 2.010641
461.3870, 2.340113
461.8691, 2.519701
462.3513, 2.614677
462.8334, 2.728773
463.3155, 2.856030
463.7976, 2.817196
464.2797, 2.419970
464.7618, 2.000923
465.2440, 2.137983
465.7261, 2.855051
466.2082, 3.145666
466.6903, 2.250963
467.1724, 0.9759240
467.6545, 0.3273940
468.1367, 0.3630700
468.6188, 0.5570200
469.1009, 0.6070960
469.5830, 0.5170100
470.0651, 0.3165490
470.5472, 0.3172910
471.0294, 0.6312710
471.5115, 0.6808861
471.9936, 1.023571
472.4757, 1.172564
472.9578, 1.645515
473.4399, 1.941336
473.9221, 2.067915
474.4042, 2.000774
474.8863, 1.898647
475.3684, 1.726595
475.8505, 1.559782
476.3326, 1.397383
476.8148, 1.265356
477.2969, 1.221680
477.7790, 1.281759
478.2611, 1.348789
478.7432, 1.280275
479.2253, 1.048990
479.7075, 0.8514670
480.1896, 0.7584210
480.6717, 0.6702060
481.1538, 0.4112010
481.6359, 6.4347997E-02
482.1180, 1.0748000E-02
482.6002, 0.6663950
483.0823, 1.736126
483.5644, 2.136183
484.0465, 1.669847
484.5286, 1.256409
485.0107, 1.582294
485.4929, 2.023701
485.9750, 1.644650
486.4571, 0.1217860
486.9392, 1.016884
487.4213, 0.4692630
487.9034, 1.099693
488.3856, 2.195835
488.8677, 2.574776
489.3498, 2.617821
489.8319, 2.567144
490.3140, 2.437351
490.7961, 2.411194
491.2783, 2.599531
491.7604, 2.754601
492.2425, 2.929649
492.7246, 2.980782
493.2067, 2.481590
493.6888, 1.283350
494.1710, 1.0120000E-02
494.6531, 0.3193190
495.1352, 0.6962600
495.6173, 1.418564
496.0994, 1.899149
496.5815, 2.085258
497.0637, 1.729147
497.5458, 1.072281
498.0279, 0.5777210
498.5100, 0.5037420
498.9921, 0.7637790
499.4742, 1.178268
499.9564, 1.847513
500.4385, 2.411930
500.9206, 3.160151
501.4027, 3.524817
501.8848, 2.766981
502.3669, 1.120230
502.8491, 0.1617790
503.3312, 9.0085998E-02
503.8133, 1.257481
504.2954, 1.538818
504.7775, 0.7049810
505.2596, 7.6440997E-02
505.7418, 0.4542160
506.2239, 1.289543
506.7060, 1.780050
507.1881, 1.816597
507.6702, 1.798559
508.1523, 2.000959
508.6345, 2.253925
509.1166, 2.222919
509.5987, 1.857414
510.0808, 1.459652
510.5629, 1.267181
511.0450, 1.268492
511.5272, 1.287189
512.0093, 1.248489
512.4914, 1.312033
512.9735, 1.708445
513.4556, 2.159264
513.9377, 2.234388
514.4199, 1.845015
514.9020, 1.335938
515.3841, 1.128134
515.8662, 1.241360
516.3483, 1.519424
516.8304, 2.357458
517.3126, 2.936363
517.7947, 2.832138
518.2768, 2.379501
518.7589, 2.065319
519.2410, 2.083714
519.7231, 2.272024
520.2053, 2.417274
520.6874, 2.517050
521.1695, 2.606316
521.6516, 2.709223
522.1337, 2.774174
522.6158, 2.678432
523.0980, 2.512197
523.5801, 2.547598
524.0622, 3.027475
524.5443, 3.604563
525.0264, 3.956955
525.5085, 4.094767
525.9907, 4.020226
526.4728, 3.624893
526.9549, 3.249512
527.4370, 3.492262
527.9191, 4.507174
528.4012, 5.100239
528.8834, 4.778427
529.3655, 4.376320
529.8476, 4.402084
530.3297, 4.792219
530.8118, 5.381739
531.2939, 6.113592
531.7761, 6.788572
532.2582, 6.869131
532.7403, 5.947365
533.2224, 5.164122
533.7045, 4.516926
534.1866, 4.013952
534.6688, 3.726677
535.1509, 3.592237
535.6330, 3.420456
536.1151, 3.029543
536.5972, 2.593950
537.0793, 2.688385
537.5615, 3.512461
538.0436, 4.034697
538.5257, 3.672270
539.0078, 3.101131
539.4899, 3.024950
539.9720, 3.424181
540.4542, 3.532272
540.9363, 2.618246
541.4184, 1.369083
541.9005, 0.7511440
542.3826, 0.7860450
542.8647, 1.154615
543.3469, 1.809896
543.8290, 2.573618
544.3111, 2.969202
544.7932, 2.847660
545.2753, 2.669273
545.7574, 2.525124
546.2396, 2.272911
546.7217, 1.697950
547.2038, 0.8829150
547.6859, 0.1618060
548.1680, 0.2521800
548.6501, 0.3517480
549.1323, 5.8938999E-02
549.6144, 1.036709
550.0965, 1.805880
550.5786, 2.123083
551.0607, 2.124720
551.5428, 1.745916
552.0250, 1.090387
552.5071, 0.5358850
552.9892, 0.4249690
553.4713, 0.6305480
553.9534, 0.8728290
554.4355, 1.184193
554.9177, 1.395086
555.3998, 1.358976
555.8819, 1.141350
556.3640, 0.8199900
556.8461, 0.3658560
557.3282, 5.5663999E-02
557.8104, 0.1026460
558.2925, 0.3265710
558.7746, 0.4584940
559.2567, 0.4128460
559.7388, 0.3142590
560.2209, 0.2071990
560.7031, 0.1165470
561.1852, 0.1493590
561.6673, 0.5041330
562.1494, 0.6878430
562.6315, 0.4729610
563.1136, 0.2580760
563.5958, 0.4236970
564.0779, 0.8855340
564.5600, 1.223209
565.0421, 1.100964
565.5242, 0.7055820
566.0063, 0.7093200
566.4885, 1.293362
566.9706, 1.747181
567.4527, 1.890713
567.9348, 1.849102
568.4169, 1.564367
568.8990, 1.105186
569.3812, 0.8624130
569.8633, 1.337704
570.3454, 1.996983
570.8275, 1.989525
571.3096, 1.331888
571.7917, 0.7043860
572.2739, 0.3530940
572.7560, 0.2581940
573.2381, 0.4110810
573.7202, 0.9004900
574.2023, 1.274019
574.6844, 1.517067
575.1666, 1.607674
575.6487, 1.423370
576.1308, 1.075354
576.6129, 0.8317950
577.0950, 0.8337520
577.5771, 0.9920540
578.0593, 1.112154
578.5414, 1.174500
579.0235, 1.251770
579.5056, 1.512026
579.9877, 1.636671
580.4698, 1.371778
580.9520, 0.8517110
581.4341, 0.3631100
581.9162, 1.0618000E-02
582.3983, 0.1785580
582.8804, 0.2567020
583.3625, 0.2222350
583.8447, 0.1028590
584.3268, 0.9044060
584.8089, 1.664322
585.2910, 1.695898
585.7731, 1.093378
586.2552, 0.8499070
586.7374, 1.355436
587.2195, 1.921141
587.7016, 2.296824
588.1837, 2.461546
588.6658, 2.326664
589.1479, 1.883524
589.6301, 1.370260
590.1122, 1.078833
590.5943, 1.031303
591.0764, 1.000000
591.5585, 0.9547480
592.0406, 0.9644180
592.5228, 1.027447
593.0049, 1.162117
593.4870, 1.477688
593.9691, 1.989159
594.4512, 2.342554
594.9333, 2.042940
595.4155, 1.273260
595.8976, 0.8370230
596.3797, 0.8056260
596.8618, 1.005348
597.3439, 1.535559
597.8260, 2.149389
598.3082, 2.222612
598.7903, 1.455767
599.2724, 0.9073960
599.7545, 1.196428
600.2366, 1.699398
600.7188, 1.675808
601.2009, 1.142645
601.6830, 0.6467250
602.1651, 0.5594640
602.6472, 0.7809120
603.1293, 0.9346030
603.6115, 0.9067860
604.0936, 1.025429
604.5757, 1.544098
605.0578, 1.997261
605.5399, 2.079428
606.0220, 1.831232
606.5042, 1.446220
606.9863, 0.9221170
607.4684, 0.5136990
607.9505, 0.8919510
608.4326, 2.024139
608.9147, 2.490927
609.3969, 1.665796
609.8790, 0.5379830
610.3611, 0.2841950
610.8432, 0.8125480
611.3253, 0.9897370
611.8074, 0.2131160
612.2896, 0.4360870
612.7717, 0.2318230
613.2538, 0.4405840
613.7359, 0.9831620
614.2180, 1.198832
614.7001, 1.078354
615.1823, 0.5044570
615.6644, 0.5769480
616.1465, 0.9423470
616.6286, 9.4736002E-02
617.1107, 0.7369420
617.5928, 1.421646
618.0750, 1.897949
618.5571, 2.056126
619.0392, 1.886229
619.5213, 1.616627
620.0034, 1.391541
620.4855, 1.197325
620.9677, 0.9296590
621.4498, 0.5753480
621.9319, 0.5287280
622.4140, 1.138296
622.8961, 2.008488
623.3782, 2.220015
623.8604, 1.476173
624.3425, 1.099157
624.8246, 1.619314
625.3067, 2.213085
625.7888, 2.398666
626.2709, 2.190193
626.7531, 1.678101
627.2352, 0.8996410
627.7173, 8.6375996E-02
628.1994, 0.3299580
628.6815, 0.3054520
629.1636, 0.1079520
629.6458, 0.4858070
630.1279, 0.9272800
630.6100, 0.8376370
631.0921, 0.4735130
631.5742, 0.2736380
632.0563, 0.3423060
632.5385, 0.6029220
633.0206, 1.251842
633.5027, 1.989630
633.9848, 2.074190
634.4669, 1.417168
634.9490, 0.8620890
635.4312, 1.101570
635.9133, 1.891947
636.3954, 2.073807
636.8775, 0.7658580
637.3596, 2.9343000E-02
637.8417, 0.4874950
638.3239, 1.082129
638.8060, 0.9420110
639.2881, 0.2306100
639.7702, 0.2862820
640.2523, 0.1350670
640.7344, 0.3916130
641.2166, 0.7589910
641.6987, 0.9741630
642.1808, 1.135096
642.6629, 1.240210
643.1450, 1.335085
643.6271, 1.497822
644.1093, 1.693813
644.5914, 1.778803
645.0735, 1.692415
645.5556, 1.537735
646.0377, 1.300882
646.5198, 1.050499
647.0020, 0.8877810
647.4841, 0.8304940
647.9662, 0.8332250
648.4483, 0.8595620
648.9304, 0.9085370
649.4125, 0.9721600
649.8947, 1.033641
650.3768, 1.142597
650.8589, 1.335313
651.3410, 1.553165
651.8231, 1.813947
652.3052, 2.078814
652.7874, 2.193787
653.2695, 1.991618
653.7516, 1.687886
654.2337, 1.493573
654.7158, 1.418625
655.1979, 1.562167
655.6801, 1.982249
656.1622, 2.425531
656.6443, 2.628010
657.1264, 2.583714
657.6085, 2.387735
658.0906, 1.935097
658.5728, 1.485828
659.0549, 0.9842160
659.5370, 0.5836970
660.0191, 0.5130810
660.5012, 0.7522200
660.9833, 0.9796140
661.4655, 0.8847840
661.9476, 0.6046590
662.4297, 0.5988860
662.9118, 0.9056110
663.3939, 1.188350
663.8760, 1.355303
664.3582, 1.441249
664.8403, 1.415730
665.3224, 1.293823
665.8045, 1.368126
666.2866, 1.999103
666.7687, 2.492043
667.2509, 2.374187
667.7330, 1.901433
668.2151, 1.439064
668.6972, 1.108439
669.1793, 0.9553320
669.6614, 1.056866
670.1436, 1.360394
670.6257, 1.598140
671.1078, 1.836951
671.5899, 1.886362
672.0720, 1.546320
672.5541, 1.068642
673.0363, 0.4493470
673.5184, 0.2743020
674.0005, 0.4816000
674.4826, 0.7362450
674.9647, 0.6740174
675.4468, 0.5846664
675.9290, 0.9584420
676.4111, 0.4638500
676.8932, 0.9610180
677.3753, 1.707352
677.8574, 1.823697
678.3395, 1.281188
678.8217, 0.8551970
679.3038, 0.4242960
679.7859, 0.2836520
680.2680, 0.7494010
680.7501, 1.345060
681.2322, 1.551057
681.7144, 1.383492
682.1965, 1.388666
682.6786, 2.178419
683.1607, 3.176702
683.6428, 3.384004
684.1249, 2.871864
684.6071, 2.204223
685.0892, 1.503320
685.5713, 0.8637040
686.0534, 0.3483710
686.5355, 1.6163999E-02
687.0176, 0.1240560
687.4998, 0.1005750
687.9819, 0.4495530
688.4640, 1.034543
688.9461, 1.619484
689.4282, 2.006453
689.9103, 2.151655
690.3925, 2.055230
690.8746, 1.598888
691.3567, 1.015382
691.8388, 0.9810910
692.3209, 1.527857
692.8030, 1.759711
693.2852, 1.304854
693.7673, 0.7332830
694.2494, 0.6683720
694.7315, 1.061905
695.2136, 1.253057
695.6957, 1.143577
696.1779, 0.9563120
696.6600, 0.5567990
697.1421, 0.2439520
697.6242, 0.5296510
698.1063, 1.354910
698.5884, 1.915723
699.0706, 1.483888
699.5527, 0.4969600
700.0348, 0.2723880
700.5169, 0.9434100
700.9990, 1.535290
701.4811, 1.871161
701.9633, 2.064939
702.4454, 2.182159
702.9275, 2.235068
703.4096, 2.257892
703.8917, 2.278514
704.3738, 2.237412
704.8560, 2.065910
705.3381, 1.843935
705.8202, 1.687916
706.3023, 1.590246
706.7844, 1.416782
707.2665, 1.058058
707.7487, 0.6255510
708.2308, 0.4369320
708.7129, 0.5270810
709.1950, 0.7097870
709.6771, 1.057584
710.1592, 1.369159
710.6414, 1.600421
711.1235, 1.693455
711.6056, 1.453815
712.0877, 0.6157240
712.5698, 2.0959999E-03
713.0519, 0.1618250
713.5341, 0.6654290
714.0162, 1.105695
714.4983, 1.387780
714.9804, 1.374212
715.4625, 0.9625060
715.9446, 0.3809300
716.4268, 9.8453000E-02
716.9089, 0.1385290
717.3910, 0.3948700
717.8731, 1.152642
718.3552, 1.728334
718.8373, 1.715358
719.3195, 1.373782
719.8016, 0.9992280
720.2837, 0.5793330
720.7658, 0.4467600
721.2479, 1.201629
721.7300, 2.010559
722.2122, 1.762385
722.6943, 0.7153920
723.1764, 5.8628999E-02
723.6585, 9.1849998E-02
724.1406, 0.2668610
724.6227, 0.5052640
725.1049, 0.6119500
725.5870, 0.7247300
726.0691, 0.8926400
726.5512, 0.9846560
727.0333, 0.9623430
727.5154, 0.8418250
727.9976, 0.5155150
728.4797, 5.9329998E-03
728.9618, 0.1944400
729.4439, 0.6832340
729.9260, 0.3255760
730.4081, 1.230060
730.8903, 0.1757110
731.3724, 0.5150550
731.8545, 0.5101780
732.3366, 0.1668210
732.8187, 7.1515001E-02
733.3008, 0.2162030
733.7830, 0.4270280
734.2651, 0.8073190
734.7472, 1.028940
735.2293, 0.8089690
735.7114, 0.5785970
736.1935, 0.7670040
736.6757, 1.248840
737.1578, 1.420019
737.6399, 0.8099580
738.1220, 0.2114660
738.6041, 0.1681550
739.0862, 0.4745840
739.5684, 0.9269720
740.0505, 1.426003
740.5326, 1.672264
741.0147, 1.401959
741.4968, 0.8547430
741.9789, 0.8131280
742.4611, 1.472107
742.9432, 1.907297
743.4253, 1.865632
743.9074, 1.794851
744.3895, 2.105967
744.8716, 2.519241
745.3538, 2.481146
745.8359, 1.743062
746.3180, 1.063879
746.8001, 0.8080670
747.2822, 0.7126210
747.7643, 0.5770040
748.2465, 0.4229380
748.7286, 0.3135600
749.2107, 0.2779030
749.6928, 0.2596740
750.1749, 0.1550120
750.6570, 4.5033999E-02
751.1392, 0.1528020
751.6213, 0.1925830
752.1034, 0.3406555
752.5855, 0.6220427
753.0676, 0.8040080
753.5497, 1.245852
754.0319, 1.630986
754.5140, 1.872760
754.9961, 1.907459
755.4782, 1.837879
755.9603, 1.658262
756.4424, 1.440263
756.9246, 1.330224
757.4067, 1.330316
757.8888, 1.218910
758.3709, 0.7185790
758.8530, 5.5916999E-02
759.3351, 0.1128080
759.8173, 1.001743
760.2994, 1.616627
760.7815, 1.597952
761.2636, 1.479257
761.7457, 1.787101
762.2278, 2.390884
762.7100, 2.658899
763.1921, 2.468592
763.6742, 2.111576
764.1563, 1.360351
764.6384, 0.7092050
765.1205, 0.6533790
765.6027, 1.048585
766.0848, 1.460230
766.5669, 1.695407
767.0490, 1.757593
767.5311, 1.551872
768.0132, 1.150502
768.4954, 0.9875430
768.9775, 1.114983
769.4596, 1.259376
769.9417, 1.307258
770.4238, 1.267930
770.9059, 1.132599
771.3881, 0.8222070
771.8702, 0.7460560
772.3523, 1.188941
772.8344, 1.531306
773.3165, 1.438580
773.7986, 1.179563
774.2808, 1.087175
774.7629, 1.189633
775.2450, 1.240623
775.7271, 0.9526850
776.2092, 0.6389480
776.6913, 0.9119510
777.1735, 1.594676
777.6556, 1.884171
778.1377, 1.583738
778.6198, 1.241287
779.1019, 1.342328
779.5840, 1.809098
780.0662, 2.161639
780.5483, 2.641837
781.0304, 2.617113
781.5125, 1.385553
781.9946, 0.3385310
782.4767, 0.3655620
782.9589, 0.9934430
783.4410, 1.245744
783.9231, 0.7993670
784.4052, 0.4131900
784.8873, 0.7800020
785.3694, 1.298985
785.8516, 1.080849
786.3337, 0.3211700
786.8158, 0.1597320
787.2979, 5.7399999E-03
787.7800, 0.4561510
788.2621, 0.8584410
788.7443, 1.196548
789.2264, 1.367237
789.7085, 1.374790
790.1906, 1.348283
790.6727, 1.252140
791.1548, 1.166676
791.6370, 1.213346
792.1191, 1.366746
792.6012, 1.441669
793.0833, 1.382294
793.5654, 1.276022
794.0475, 1.062016
794.5297, 0.8820350
795.0118, 0.9402530
795.4939, 1.180727
795.9760, 1.324084
796.4581, 1.192416
796.9402, 1.051220
797.4224, 1.422037
797.9045, 2.192556
798.3866, 2.563818
798.8687, 2.436894
799.3508, 2.213253
799.8329, 2.101686
800.3151, 2.000129
800.7972, 1.680396
801.2793, 0.9865960
801.7614, 0.6952490
802.2435, 1.412897
802.7256, 1.750929
803.2078, 0.8507760
803.6899, 0.3308460
804.1720, 0.7699780
804.6541, 0.4147480
805.1362, 6.1870001E-02
805.6183, 0.3110790
806.1005, 0.5096790
806.5826, 0.9120220
807.0647, 1.387745
807.5468, 1.583037
808.0289, 1.468745
808.5110, 1.405435
808.9932, 1.679631
809.4753, 2.080826
809.9574, 1.935752
810.4395, 0.9785030
810.9216, 0.7189360
811.4037, 1.678184
811.8859, 2.595634
812.3680, 2.777489
812.8501, 2.566941
813.3322, 2.474324
813.8143, 2.565469
814.2964, 2.444399
814.7786, 1.724601
815.2607, 1.085026
815.7428, 1.044014
816.2249, 1.273867
816.7070, 1.233738
817.1891, 0.8782220
817.6713, 0.6568830
818.1534, 0.9835780
818.6355, 1.544374
819.1176, 1.734563
819.5997, 1.588485
820.0818, 1.310221
820.5640, 0.9011280
821.0461, 0.7000980
821.5282, 1.028004
822.0103, 1.646691
822.4924, 1.802091
822.9745, 1.103583
823.4567, 0.8167790
823.9388, 1.248698
824.4209, 1.736090
824.9030, 2.240351
825.3851, 2.564388
825.8672, 2.374928
826.3494, 1.642119
826.8315, 1.050024
827.3136, 1.084891
827.7957, 1.231561
828.2778, 1.045145
828.7599, 0.6607250
829.2421, 0.2762870
829.7242, 3.3606999E-02
830.2063, 0.1725940
830.6884, 7.1975000E-02
831.1705, 0.2619510
831.6526, 0.9689670
832.1348, 2.048382
832.6169, 2.591910
833.0990, 2.364450
833.5811, 2.008195
834.0632, 1.911331
834.5453, 1.926132
835.0275, 1.713717
835.5096, 1.180622
835.9917, 0.6950290
836.4738, 0.1122990
836.9559, 0.4369670
837.4380, 0.5835770
837.9202, 1.906730
838.4023, 2.211643
838.8844, 1.427987
839.3665, 0.7626550
839.8486, 0.9991840
840.3307, 1.440162
840.8129, 1.282220
841.2950, 0.8386470
841.7771, 0.7650150
842.2592, 1.120341
842.7413, 1.603047
843.2234, 2.049664
843.7056, 2.326291
844.1877, 2.008288
844.6698, 0.9912880
845.1519, 0.6305020
845.6340, 1.221032
846.1161, 1.706411
846.5983, 1.603026
847.0804, 1.207924
847.5625, 0.8468290
848.0446, 0.4995830
848.5267, 0.5038800
849.0089, 1.348228
849.4910, 1.998430
849.9731, 1.881991
850.4552, 1.477099
850.9373, 1.141342
851.4194, 0.9516890
851.9016, 1.026227
852.3837, 1.422052
852.8658, 1.763486
853.3479, 1.619111
853.8300, 1.260257
854.3121, 1.169386
854.7943, 1.340965
855.2764, 1.592397
855.7585, 1.846519
856.2406, 1.983162
856.7227, 1.801896
857.2048, 1.338370
857.6870, 1.064327
858.1691, 1.030365
858.6512, 0.9902760
859.1333, 0.8712280
859.6154, 0.7485920
860.0975, 0.6967690
860.5797, 0.7007180
861.0618, 0.6653390
861.5439, 0.3641040
862.0260, 0.3365710
862.5081, 1.177733
862.9902, 1.870687
863.4724, 1.527860
863.9545, 0.6943690
864.4366, 0.3554570
864.9187, 0.7376820
865.4008, 1.095065
865.8829, 0.7465150
866.3651, 0.2650780
866.8472, 0.3728990
867.3293, 0.8664500
867.8114, 1.219045
868.2935, 1.332004
868.7756, 1.520202
869.2578, 2.083669
869.7399, 2.688312
870.2220, 2.314404
870.7041, 0.8909650
871.1862, 7.6733001E-02
871.6683, 0.1391050
872.1505, 0.3461450
872.6326, 0.3464750
873.1147, 0.2524330
873.5968, 0.2302280
874.0789, 0.2586830
874.5610, 0.4794090
875.0432, 1.005775
875.5253, 1.561710
876.0074, 2.380004
876.4895, 2.967256
876.9716, 2.762625
877.4537, 1.939292
877.9359, 1.204858
878.4180, 0.7575120
878.9001, 0.5286750
879.3822, 0.5927050
879.8643, 0.7659140
880.3464, 0.9064310
880.8286, 0.9636760
881.3107, 0.7691600
881.7928, 0.2941720
882.2749, 2.5396001E-02
882.7570, 0.4306810
883.2391, 1.342968
883.7213, 1.657185
884.2034, 1.407320
884.6855, 1.124554
885.1676, 0.9150420
885.6497, 0.7981300
886.1318, 0.7584110
886.6140, 0.8384310
887.0961, 1.252621
887.5782, 1.078999
888.0603, 2.745504
888.5424, 1.117925
889.0245, 0.1205720
889.5067, 0.3233100
889.9888, 1.411901
890.4709, 2.061994
890.9530, 2.224283
891.4351, 2.036473
891.9172, 1.003299
892.3994, 0.2790900
892.8815, 0.6696690
893.3636, 1.330309
893.8457, 1.440099
894.3278, 1.041536
894.8099, 0.4575780
895.2921, 0.1865800
895.7742, 0.3916620
896.2563, 0.9482990
896.7384, 1.025125
897.2205, 0.9530528
897.7026, 1.617048
898.1848, 0.7184910
898.6669, 0.6803740
899.1490, 0.9834900
899.6311, 1.138818
900.1132, 1.206360
900.5953, 1.501814
901.0775, 2.083431
901.5596, 2.151952
902.0417, 1.432225
902.5238, 0.7335870
903.0059, 0.5384190
903.4880, 0.6684830
903.9702, 0.7705790
904.4523, 0.8373790
904.9344, 0.9041010
905.4165, 1.243094
905.8986, 1.227872
906.3807, 7.4989997E-02
906.8629, 0.9788180
907.3450, 0.4530340
907.8271, 1.202255
908.3092, 1.920663
908.7913, 0.6055930
909.2734, 0.5137540
909.7556, 0.2497280
910.2377, 0.4677100
910.7198, 0.9401110
911.2019, 1.173705
911.6840, 1.306282
912.1661, 1.390322
912.6483, 1.475184
913.1304, 1.609892
913.6125, 1.763381
914.0946, 1.909045
914.5767, 2.029014
915.0588, 2.068120
915.5410, 2.016932
916.0231, 1.863608
916.5052, 1.585649
916.9873, 1.283387
917.4694, 1.202689
917.9515, 1.360017
918.4337, 1.240086
918.9158, 0.7216880
919.3979, 0.2869240
919.8800, 8.3316997E-02
920.3621, 7.1225002E-02
920.8442, 0.2455240
921.3264, 0.5873370
921.8085, 0.8915050
922.2906, 1.193548
922.7727, 1.400088
923.2548, 1.392222
923.7369, 1.417699
924.2191, 1.732962
924.7012, 2.091269
925.1833, 2.037172
925.6654, 1.497073
926.1475, 1.160440
926.6296, 1.391575
927.1118, 1.688136
927.5939, 1.833733
928.0760, 1.885756
928.5581, 1.954446
929.0402, 1.997195
929.5223, 1.812502
930.0045, 1.261958
930.4866, 0.7653470
930.9687, 0.7707120
931.4508, 1.045676
931.9329, 1.319637
932.4150, 1.534877
932.8972, 1.561064
933.3793, 1.373798
933.8614, 1.073921
934.3435, 0.6933550
934.8256, 0.3888650
935.3077, 0.7330060
935.7899, 1.648122
936.2720, 1.853671
936.7541, 1.134759
937.2362, 0.6907550
937.7183, 1.204481
938.2004, 1.993117
938.6826, 1.970954
939.1647, 1.109931
939.6468, 0.7586680
940.1289, 1.058388
940.6110, 1.559019
941.0931, 2.596009
941.5753, 3.217880
942.0574, 2.249324
942.5395, 0.4501630
943.0216, 6.8069999E-03
943.5037, 1.531177
943.9858, 2.343449
944.4680, 1.704471
944.9501, 0.9443130
945.4322, 0.2958850
945.9143, 4.4619001E-02
946.3964, 0.3423620
946.8785, 1.242075
947.3607, 1.722940
947.8428, 1.300239
948.3249, 0.7399010
948.8070, 0.3048160
949.2891, 4.8834998E-02
949.7712, 2.5088999E-02
950.2534, 0.2220900
950.7355, 0.7665750
951.2176, 1.605055
951.6997, 2.127479
952.1818, 1.663557
952.6639, 0.9036750
953.1461, 0.8393340
953.6282, 1.186941
954.1103, 1.271588
954.5924, 1.037224
955.0745, 0.9059580
955.5566, 1.088911
956.0388, 1.350110
956.5209, 1.386310
957.0030, 1.220737
957.4851, 0.8912040
957.9672, 0.3989010
958.4493, 0.1919570
958.9315, 0.3975020
959.4136, 0.6949780
959.8957, 0.8678340
960.3778, 0.9292380
960.8599, 0.8908640
961.3420, 0.7112810
961.8242, 0.6608570
962.3063, 0.8221040
962.7884, 0.9082930
963.2705, 0.8071400
963.7526, 0.6132500
964.2347, 0.3214400
964.7169, 7.3812999E-02
965.1990, 4.2445000E-02
965.6811, 0.8735380
966.1632, 1.480079
966.6453, 1.747717
967.1274, 1.701826
967.6096, 1.197732
968.0917, 0.5799090
968.5738, 0.2278510
969.0559, 0.1692120
969.5380, 0.2678370
970.0201, 0.7215930
970.5023, 1.019563
970.9844, 0.7347830
971.4665, 0.4472100
971.9486, 0.8565110
972.4307, 1.560816
972.9128, 1.623592
973.3950, 0.7715990
973.8771, 3.8096000E-02
974.3592, 0.3088090
974.8413, 0.7240800
975.3234, 0.2810350
975.8055, 0.3686390
976.2877, 0.1127240
976.7698, 0.9346620
977.2519, 1.903346
977.7340, 2.394247
978.2161, 2.500071
978.6982, 2.160977
979.1804, 1.588953
979.6625, 1.100597
980.1446, 0.7434710
980.6267, 0.6826430
981.1088, 0.9318220
981.5909, 1.281274
982.0731, 1.608603
982.5552, 1.876422
983.0373, 2.043351
983.5194, 2.132932
984.0015, 1.938871
984.4836, 1.494106
984.9658, 1.146470
985.4479, 1.017704
985.9300, 0.8767470
986.4121, 0.4681090
986.8942, 5.6024000E-02
987.3763, 9.3292996E-02
987.8585, 0.4487740
988.3406, 0.8518710
988.8227, 1.010980
989.3048, 1.307528
989.7869, 2.034525
990.2690, 2.706574
990.7512, 2.705752
991.2333, 2.087763
991.7154, 1.532305
992.1975, 0.9462770
992.6796, 0.6282710
993.1617, 0.7549660
993.6439, 0.9356530
994.1260, 1.008753
994.6081, 1.017574
995.0902, 1.040488
995.5723, 1.081895
996.0544, 1.013973
996.5366, 0.7631560
997.0187, 0.5010500
997.5008, 0.1379170
997.9829, 0.1095710
998.4650, 2.3069000E-02
998.9471, 0.3055320
999.4293, 0.2983990
999.9114, 7.4050002E-02
1000.393, 0.3044850
1000.876, 0.1627730
1001.358, 3.1794000E-02
1001.840, 0.2010480
1002.322, 0.3089160
1002.804, 0.2513200
1003.286, 0.1264580
1003.768, 0.1830840
1004.250, 0.5162230
1004.733, 0.7633940
1005.215, 0.6413780
1005.697, 0.4610220
1006.179, 0.4279100
1006.661, 0.4925560
1007.143, 0.5860020
1007.625, 0.6798140
1008.107, 0.9938380
1008.589, 1.639956
1009.072, 2.042012
1009.554, 1.471104
1010.036, 0.5942620
1010.518, 7.0165999E-02
1011.000, 9.2316002E-02
1011.482, 0.2074060
1011.964, 0.8595550
1012.446, 1.412320
1012.929, 1.628981
1013.411, 1.593678
1013.893, 1.230412
1014.375, 0.7772350
1014.857, 0.8520630
1015.339, 1.272869
1015.821, 1.256343
1016.303, 0.7033320
1016.785, 0.4015000
1017.268, 0.9341250
1017.750, 1.708477
1018.232, 1.687158
1018.714, 1.071015
1019.196, 0.6465000
1019.678, 0.4377220
1020.160, 0.4066840
1020.642, 0.5416830
1021.125, 0.7512090
1021.607, 0.9724660
1022.089, 1.183982
1022.571, 1.337663
1023.053, 1.440418
1023.535, 1.500226
1024.017, 1.517372
1024.499, 1.385538
1024.981, 1.032606
1025.464, 0.8450980
1025.946, 1.254721
1026.428, 1.953652
1026.910, 1.804583
1027.392, 2.142351
1027.874, 2.479779
1028.356, 1.843360
1028.838, 2.463655
1029.321, 1.400227
1029.803, 2.7251000E-02
1030.285, 0.5957030
1030.767, 0.4093930
1031.249, 0.1482000
1031.731, 1.316374
1032.213, 1.913736
1032.695, 1.736075
1033.177, 1.412774
1033.660, 1.060274
1034.142, 0.8285130
1034.624, 0.9036690
1035.106, 1.193786
1035.588, 1.121574
1036.070, 0.3361960
1036.552, 6.6825002E-02
1037.034, 0.7726450
1037.516, 1.219812
1037.999, 0.6076790
1038.481, 0.1011720
1038.963, 0.3764690
1039.445, 5.6551356E-02
1039.927, 0.1074786
1040.409, 0.1218430
1040.891, 0.6924090
1041.373, 0.7898050
1041.855, 1.019416
1042.338, 1.159941
1042.820, 1.437785
1043.302, 1.302943
1043.784, 1.537351
1044.266, 1.772448
1044.748, 2.021515
1045.230, 2.224053
1045.712, 2.524316
1046.195, 2.608514
1046.677, 2.230889
1047.159, 1.663742
1047.641, 1.087173
1048.123, 0.5614790
1048.605, 0.3688330
1049.087, 0.6521450
1049.569, 1.062334
1050.052, 1.822888
1050.534, 2.378090
1051.016, 2.257028
1051.498, 1.949962
1051.980, 2.080811
1052.462, 2.578938
1052.944, 2.813060
1053.426, 2.641316
1053.908, 2.264070
1054.391, 1.435036
1054.873, 0.7479100
1055.355, 0.4826360
1055.837, 0.5278670
1056.319, 0.9128530
1056.801, 1.510288
1057.283, 1.810545
1057.765, 1.544149
1058.248, 1.312720
1058.730, 1.414684
1059.212, 1.500738
1059.694, 1.344415
1060.176, 1.077087
1060.658, 0.7874950
1061.140, 0.5332030
1061.622, 0.4868650
1062.104, 0.8051520
1062.587, 1.017990
1063.069, 0.9671630
1063.551, 0.7511060
1064.033, 3.2372002E-02
1064.515, 0.5430990
1064.997, 1.1965000E-02
1065.479, 1.411336
1065.961, 2.351147
1066.443, 2.376887
1066.926, 2.207210
1067.408, 1.995495
1067.890, 1.831900
1068.372, 1.805013
1068.854, 1.825961
1069.336, 1.893401
1069.818, 1.917500
1070.300, 1.605469
1070.782, 0.7457960
1071.265, 0.1788320
1071.747, 0.5081440
1072.229, 0.9662370
1072.711, 1.160417
1073.193, 1.186163
1073.675, 1.124157
1074.157, 1.009398
1074.639, 0.8901750
1075.122, 0.7834300
1075.604, 0.6430700
1076.086, 0.2429650
1076.568, 4.6294998E-02
1077.050, 0.5743270
1077.532, 1.243351
1078.014, 1.377481
1078.496, 1.141864
1078.979, 1.131902
1079.461, 1.518174
1079.943, 1.771870
1080.425, 1.646029
1080.907, 1.328341
1081.389, 0.6631790
1081.871, 7.6876000E-02
1082.353, 3.9776001E-02
1082.835, 0.3844660
1083.318, 0.7526420
1083.800, 1.057595
1084.282, 1.172976
1084.764, 0.8842070
1085.246, 0.5969910
1085.728, 0.4614530
1086.210, 0.5000680
1086.692, 0.8212110
1087.175, 1.282766
1087.657, 1.622232
1088.139, 1.705038
1088.621, 1.728184
1089.103, 1.789508
1089.585, 1.791545
1090.067, 1.776830
1090.549, 1.664154
1091.031, 1.216075
1091.514, 0.6681740
1091.996, 0.3092010
1092.478, 0.2033660
1092.960, 0.4509710
1093.442, 1.373977
1093.924, 2.122876
1094.406, 2.407180
1094.888, 2.432458
1095.370, 2.189120
1095.853, 1.864464
1096.335, 1.657611
1096.817, 1.577841
1097.299, 1.546279
1097.781, 1.538328
1098.263, 1.586290
1098.745, 1.706124
1099.227, 1.871541
1099.709, 2.109754
1100.192, 2.246268
1100.674, 1.988546
1101.156, 1.470580
1101.638, 1.167607
1102.120, 1.195207
1102.602, 1.333274
1103.084, 1.667962
1103.566, 1.925637
1104.049, 1.910437
1104.531, 1.852746
1105.013, 1.956793
1105.495, 2.173987
1105.977, 2.423294
1106.459, 2.753631
1106.941, 2.710956
1107.423, 1.750811
1107.906, 1.062427
1108.388, 1.132190
1108.870, 1.396618
1109.352, 1.539255
1109.834, 1.601625
1110.316, 1.677599
1110.798, 1.774302
1111.280, 1.858542
1111.762, 1.908471
1112.245, 1.975510
1112.727, 2.019576
1113.209, 2.135597
1113.691, 2.602487
1114.173, 3.020708
1114.655, 2.724782
1115.137, 1.792049
1115.619, 1.316958
1116.102, 1.781909
1116.584, 1.840392
1117.066, 1.032841
1117.548, 0.4848630
1118.030, 0.8226520
1118.512, 1.308952
1118.994, 1.077479
1119.476, 1.717369
1119.958, 0.6796090
1120.441, 2.348782
1120.923, 3.229460
1121.405, 3.028011
1121.887, 2.522799
1122.369, 1.651877
1122.851, 0.9784920
1123.333, 0.9107920
1123.815, 1.220534
1124.297, 1.393121
1124.780, 1.403044
1125.262, 1.667014
1125.744, 2.388712
1126.226, 2.508834
1126.708, 1.613913
1127.190, 0.8952960
1127.672, 1.064380
1128.154, 1.627168
1128.636, 1.853084
1129.119, 1.806051
1129.601, 2.153943
1130.083, 3.005146
1130.565, 2.827477
1131.047, 1.282243
1131.529, 0.6060080
1132.011, 1.830030
1132.493, 3.253774
1132.976, 3.092584
1133.458, 1.951552
1133.940, 1.634567
1134.422, 2.054384
1134.904, 2.097631
1135.386, 1.730348
1135.868, 1.210334
1136.350, 0.6206670
1136.833, 0.5152000
1137.315, 1.352864
1137.797, 2.453156
1138.279, 2.577160
1138.761, 2.031757
1139.243, 1.868508
1139.725, 2.010181
1140.207, 2.149882
1140.689, 2.207037
1141.172, 2.083751
1141.654, 1.734203
1142.136, 1.220523
1142.618, 0.4974070
1143.100, 0.2171230
1143.582, 0.5071540
1144.064, 0.5359170
1144.546, 0.7596330
1145.029, 0.9884570
1145.511, 0.2279240
1145.993, 1.594818
1146.475, 2.642547
1146.957, 1.332376
1147.439, 0.3776570
1147.921, 0.6802200
1148.403, 0.1916860
1148.885, 0.8703000
1149.368, 1.913428
1149.850, 1.720864
1150.332, 0.5096830
1150.814, 6.7837000E-02
1151.296, 0.7950320
1151.778, 1.570718
1152.260, 1.186557
1152.742, 0.5849540
1153.224, 0.1667590
1153.707, 5.8079001E-02
1154.189, 0.5564450
1154.671, 1.393480
1155.153, 2.025703
1155.635, 2.346605
1156.117, 2.376447
1156.599, 1.882351
1157.081, 1.440288
1157.563, 1.302111
1158.046, 1.189669
1158.528, 0.7735300
1159.010, 0.3805000
1159.492, 0.4338810
1159.974, 0.9329590
1160.456, 1.689698
1160.938, 3.392781
1161.420, 3.977886
1161.903, 2.323645
1162.385, 1.065367
1162.867, 1.165915
1163.349, 1.623629
1163.831, 1.652542
1164.313, 1.457950
1164.795, 1.566331
1165.277, 2.039686
1165.760, 2.304602
1166.242, 2.363261
1166.724, 2.172845
1167.206, 1.638785
1167.688, 1.128469
1168.170, 0.8054430
1168.652, 0.6825900
1169.134, 0.8182700
1169.616, 1.132613
1170.099, 1.254140
1170.581, 1.181634
1171.063, 0.9045420
1171.545, 0.4187410
1172.027, 0.3378870
1172.509, 0.8522180
1172.991, 1.716406
1173.473, 2.794370
1173.956, 3.818965
1174.438, 4.478577
1174.920, 4.669551
1175.402, 3.673598
1175.884, 1.922320
1176.366, 1.066616
1176.848, 1.175759
1177.330, 1.064248
1177.813, 0.2542270
1178.295, 0.2077810
1178.777, 0.8980710
1179.259, 2.405886
1179.741, 2.971008
1180.223, 2.930971
1180.705, 2.643581
1181.187, 2.191426
1181.669, 1.548641
1182.151, 0.7933120
1182.634, 0.2502240
1183.116, 7.0519000E-02
1183.598, 0.1185220
1184.080, 0.2855210
1184.562, 0.6901170
1185.044, 1.830322
1185.526, 2.900241
1186.008, 2.866854
1186.490, 2.135364
1186.973, 1.821222
1187.455, 2.132327
1187.937, 2.363707
1188.419, 2.183850
1188.901, 2.203366
1189.383, 2.991750
1189.865, 3.479975
1190.347, 2.680890
1190.830, 1.658021
1191.312, 1.759676
1191.794, 1.331976
1192.276, 1.262037
1192.758, 1.778557
1193.240, 1.611634
1193.722, 2.805308
1194.204, 3.448179
1194.687, 2.935654
1195.169, 2.338144
1195.651, 2.348987
1196.133, 2.599349
1196.615, 2.443348
1197.097, 2.016074
1197.579, 2.298838
1198.061, 3.231091
1198.543, 3.624639
1199.026, 3.377043
1199.508, 2.597568
1199.990, 1.364190
1200.472, 0.3110320
1200.954, 8.7582000E-02
1201.436, 3.2175999E-02
1201.918, 0.6812400
1202.400, 1.583296
1202.883, 2.423190
1203.365, 3.056869
1203.847, 2.853158
1204.329, 1.958858
1204.811, 1.112961
1205.293, 0.5766250
1205.775, 0.4823020
1206.257, 1.303518
1206.740, 2.152148
1207.222, 2.358191
1207.704, 2.296721
1208.186, 2.274137
1208.668, 2.221992
1209.150, 2.000091
1209.632, 1.651441
1210.114, 1.352457
1210.596, 1.124577
1211.078, 1.130210
1211.561, 1.715907
1212.043, 2.111965
1212.525, 1.817420
1213.007, 1.539785
1213.489, 1.773769
1213.971, 2.279578
1214.453, 2.801822
1214.935, 3.305157
1215.417, 3.050124
1215.900, 1.687526
1216.382, 0.9102270
1216.864, 0.7943050
1217.346, 1.275306
1217.828, 2.542227
1218.310, 3.113546
1218.792, 1.668078
1219.274, 0.3925170
1219.757, 0.2910220
1220.239, 1.435788
1220.721, 2.223114
1221.203, 2.241146
1221.685, 2.295556
1222.167, 2.473888
1222.649, 2.551298
1223.131, 2.467514
1223.614, 2.487906
1224.096, 2.902777
1224.578, 3.231388
1225.060, 2.636966
1225.542, 1.939144
1226.024, 2.409822
1226.506, 3.264154
1226.988, 3.163219
1227.470, 2.239645
1227.953, 1.275966
1228.435, 0.4751940
1228.917, 0.2804660
1229.399, 1.527833
1229.881, 2.464884
1230.363, 2.349100
1230.845, 1.960155
1231.327, 1.494324
1231.810, 1.197024
1232.292, 1.577785
1232.774, 2.386102
1233.256, 2.320361
1233.738, 0.9431380
1234.220, 0.6723140
1234.702, 1.996945
1235.184, 2.802155
1235.667, 2.593857
1236.149, 2.196174
1236.631, 2.007079
1237.113, 1.947932
1237.595, 1.931479
1238.077, 1.960233
1238.559, 2.068426
1239.041, 2.230216
1239.523, 2.300567
1240.005, 2.293967
1240.488, 2.349117
1240.970, 2.461414
1241.452, 2.391551
1241.934, 2.018133
1242.416, 1.674892
1242.898, 1.800991
1243.380, 1.931834
1243.862, 1.548200
1244.344, 1.050689
1244.827, 0.8756110
1245.309, 0.9255120
1245.791, 1.081788
1246.273, 1.246231
1246.755, 1.047914
1247.237, 0.1068450
1247.719, 0.1989710
1248.201, 1.041167
1248.684, 2.109619
1249.166, 2.609353
1249.648, 2.653013
1250.130, 2.020084
1250.612, 1.251009
1251.094, 1.060773
1251.576, 1.388775
1252.058, 1.917622
1252.541, 2.692429
1253.023, 2.928898
1253.505, 2.561103
1253.987, 2.596011
1254.469, 3.291154
1254.951, 3.609075
1255.433, 2.935502
1255.915, 1.916430
1256.397, 1.251419
1256.880, 0.8906670
1257.362, 0.8388650
1257.844, 0.9652620
1258.326, 0.9954300
1258.808, 0.9762250
1259.290, 1.077137
1259.772, 1.310337
1260.254, 1.584834
1260.737, 1.876802
1261.219, 2.096236
1261.701, 2.392909
1262.183, 2.341258
1262.665, 1.170026
1263.147, 0.1728940
1263.629, 0.6252540
1264.111, 1.617981
1264.594, 1.833706
1265.076, 1.353503
1265.558, 0.8838930
1266.040, 0.3768510
1266.522, 9.3719997E-03
1267.004, 0.3749570
1267.486, 6.5790000E-03
1267.968, 1.496375
1268.450, 2.446160
1268.932, 1.946468
1269.415, 0.9966020
1269.897, 0.6497990
1270.379, 0.8179140
1270.861, 1.495241
1271.343, 2.439871
1271.825, 3.107278
1272.307, 3.342125
1272.789, 2.351249
1273.271, 0.5074590
1273.754, 0.2332450
1274.236, 0.8262590
1274.718, 1.980564
1275.200, 2.120583
1275.682, 2.064934
1276.164, 2.251728
1276.646, 2.272532
1277.128, 2.290998
1277.611, 2.212248
1278.093, 2.204452
1278.575, 2.196104
1279.057, 1.807251
1279.539, 2.011572
1280.021, 2.252390
1280.503, 1.921495
1280.985, 2.717925
1281.468, 2.823073
1281.950, 2.257171
1282.432, 0.8380780
1282.914, 3.9997999E-02
1283.396, 0.9235740
1283.878, 2.516171
1284.360, 2.142945
1284.842, 0.7663750
1285.324, 0.0000000E+00
##END=



