##NAMES=Neighborite
##RRUFFID=R080108
##IDEAL CHEMISTRY=NaMgF_3_
##LOCALITY=Mont Saint-Hilaire, Quebec, Canada
##OWNER=RRUFF
##SOURCE=William W. Pinch
##DESCRIPTION=Translucent brown zoned pseudocubic crystals associated with calcite and clinoenstatite
##STATUS=The identification of this mineral has been confirmed by single-crystal X-ray diffraction.
##URL=rruff.info/R080108
105.0585, 0.0000000E+00
105.5406, 3.579590
106.0227, 6.149902
106.5048, 9.961426
106.9869, 9.328125
107.4691, 10.28467
107.9512, 9.092285
108.4333, 5.868652
108.9154, 3.513672
109.3975, 1.657715
109.8796, 0.3784180
110.3618, 0.7016600
110.8439, 7.946289
111.3260, 15.36572
111.8081, 20.39551
112.2902, 21.34229
112.7723, 20.09082
113.2544, 18.12451
113.7366, 13.53027
114.2187, 10.11377
114.7008, 8.773926
115.1829, 8.836426
115.6650, 9.648926
116.1471, 11.14893
116.6293, 12.71826
117.1114, 12.55176
117.5935, 15.12109
118.0756, 15.86230
118.5577, 20.08496
119.0398, 29.05322
119.5220, 32.92627
120.0041, 30.38916
120.4862, 24.03320
120.9683, 19.65186
121.4504, 17.35400
121.9325, 16.96875
122.4147, 20.06836
122.8968, 27.96631
123.3789, 34.27783
123.8610, 32.15186
124.3431, 27.22607
124.8252, 23.84131
125.3074, 23.17773
125.7895, 24.32764
126.2716, 25.12500
126.7537, 25.16162
127.2358, 25.49121
127.7179, 29.18359
128.2001, 32.79980
128.6822, 31.00244
129.1643, 19.14551
129.6464, 1.419434
130.1285, 13.00439
130.6107, 4.806641
131.0928, 2.763672
131.5749, 4.168945
132.0570, 0.9018550
132.5391, 2.459473
133.0212, 1.755859
133.5034, 3.963867
133.9855, 7.794434
134.4676, 8.733887
134.9497, 9.140137
135.4318, 10.77588
135.9139, 13.63281
136.3960, 15.88477
136.8782, 14.93701
137.3603, 9.787109
137.8424, 7.133789
138.3245, 10.42920
138.8066, 15.20312
139.2887, 15.46484
139.7709, 9.158691
140.2530, 1.144043
140.7351, 2.729004
141.2172, 2.995605
141.6993, 1.586426
142.1814, 2.305664
142.6636, 7.593750
143.1457, 9.857422
143.6278, 5.411621
144.1099, 0.7558590
144.5920, 1.867188
145.0741, 8.725586
145.5563, 16.56641
146.0384, 21.86816
146.5205, 24.63086
147.0026, 24.80908
147.4847, 17.41064
147.9668, 10.66016
148.4490, 10.75293
148.9311, 18.51318
149.4132, 28.03857
149.8953, 29.31787
150.3774, 15.08154
150.8595, 7.608887
151.3417, 12.04150
151.8238, 20.59131
152.3059, 27.30273
152.7880, 29.83936
153.2701, 29.79150
153.7522, 31.11377
154.2344, 37.49902
154.7165, 40.83301
155.1986, 38.20996
155.6807, 33.06348
156.1628, 30.14355
156.6449, 32.03711
157.1271, 37.01855
157.6092, 37.84375
158.0913, 30.90918
158.5734, 24.79980
159.0555, 22.35059
159.5376, 22.67285
160.0198, 23.36426
160.5019, 23.04004
160.9840, 22.20020
161.4661, 22.53320
161.9482, 24.34473
162.4303, 26.90137
162.9125, 30.22363
163.3946, 33.73242
163.8767, 37.91602
164.3588, 45.72754
164.8409, 53.37500
165.3230, 53.79395
165.8052, 40.18457
166.2873, 24.03223
166.7694, 22.71582
167.2515, 41.12500
167.7336, 57.57520
168.2157, 60.19727
168.6979, 55.52051
169.1800, 50.21387
169.6621, 46.59180
170.1442, 44.54004
170.6263, 43.69434
171.1084, 43.91797
171.5906, 45.89160
172.0727, 51.95801
172.5548, 59.24902
173.0369, 63.53809
173.5190, 61.73535
174.0011, 54.74414
174.4833, 50.15137
174.9654, 51.14941
175.4475, 51.41992
175.9296, 47.92969
176.4117, 42.81445
176.8938, 40.46777
177.3760, 44.82031
177.8581, 56.19238
178.3402, 60.59473
178.8223, 51.45996
179.3044, 42.68359
179.7865, 39.54199
180.2687, 41.22656
180.7508, 44.00195
181.2329, 44.71484
181.7150, 43.16406
182.1971, 42.01758
182.6792, 42.21973
183.1614, 42.04980
183.6435, 39.98828
184.1256, 36.18945
184.6077, 32.51172
185.0898, 30.37891
185.5719, 30.01270
186.0541, 31.23438
186.5362, 37.53809
187.0183, 43.33203
187.5004, 41.04883
187.9825, 29.10156
188.4646, 18.37695
188.9468, 20.22266
189.4289, 31.07812
189.9110, 38.08691
190.3931, 34.25293
190.8752, 26.26367
191.3573, 25.54492
191.8395, 35.31055
192.3216, 44.70703
192.8037, 43.99805
193.2858, 36.56445
193.7679, 29.57520
194.2500, 26.93555
194.7322, 27.30664
195.2143, 26.09277
195.6964, 21.89355
196.1785, 18.33398
196.6606, 16.95605
197.1427, 17.51562
197.6249, 19.59375
198.1070, 23.77930
198.5891, 29.52051
199.0712, 32.89844
199.5533, 31.40527
200.0354, 30.34375
200.5176, 32.96289
200.9997, 37.51367
201.4818, 39.98926
201.9639, 36.04688
202.4460, 25.39941
202.9281, 20.52637
203.4103, 26.61035
203.8924, 34.17676
204.3745, 42.67676
204.8566, 50.68652
205.3387, 55.44238
205.8208, 53.97266
206.3030, 45.27051
206.7851, 40.12891
207.2672, 40.25684
207.7493, 41.95410
208.2314, 44.61035
208.7135, 47.74609
209.1957, 50.72363
209.6778, 53.06055
210.1599, 54.82715
210.6420, 54.80078
211.1241, 51.44141
211.6062, 47.91406
212.0884, 45.39551
212.5705, 44.08203
213.0526, 44.18066
213.5347, 46.39453
214.0168, 51.11328
214.4989, 52.64160
214.9811, 47.36914
215.4632, 41.37012
215.9453, 38.43945
216.4274, 38.83008
216.9095, 41.22949
217.3916, 44.86719
217.8737, 48.89160
218.3559, 52.34180
218.8380, 57.32031
219.3201, 60.74023
219.8022, 58.27637
220.2843, 49.66211
220.7664, 42.13574
221.2486, 43.13574
221.7307, 50.55371
222.2128, 54.86719
222.6949, 52.88379
223.1770, 48.13672
223.6591, 43.93066
224.1413, 40.20801
224.6234, 37.94043
225.1055, 39.05957
225.5876, 42.04102
226.0697, 44.20312
226.5518, 43.92676
227.0340, 42.84570
227.5161, 43.66211
227.9982, 46.95703
228.4803, 49.98828
228.9624, 52.00293
229.4445, 52.56738
229.9267, 50.49219
230.4088, 43.84863
230.8909, 35.54004
231.3730, 31.73828
231.8551, 34.52832
232.3372, 36.62793
232.8194, 34.57324
233.3015, 30.40137
233.7836, 26.21973
234.2657, 22.71484
234.7478, 20.03027
235.2299, 18.76660
235.7121, 20.14355
236.1942, 20.53027
236.6763, 17.92676
237.1584, 14.35156
237.6405, 11.76172
238.1227, 10.95215
238.6048, 11.80957
239.0869, 14.35352
239.5690, 20.54785
240.0511, 24.94238
240.5332, 26.54785
241.0154, 26.16406
241.4975, 24.04004
241.9796, 20.24805
242.4617, 15.76172
242.9438, 13.21484
243.4259, 14.86230
243.9081, 15.19922
244.3902, 10.78809
244.8723, 5.513672
245.3544, 3.358398
245.8365, 5.786133
246.3186, 11.38379
246.8008, 17.27344
247.2829, 26.08301
247.7650, 30.86523
248.2471, 28.93262
248.7292, 24.54688
249.2113, 21.24512
249.6935, 19.97656
250.1756, 19.73828
250.6577, 18.70996
251.1398, 14.55078
251.6219, 13.42871
252.1040, 18.94629
252.5862, 25.37793
253.0683, 26.90723
253.5504, 22.03711
254.0325, 14.56934
254.5146, 10.77246
254.9967, 13.76855
255.4789, 14.96875
255.9610, 13.77637
256.4431, 11.30371
256.9252, 7.152344
257.4073, 1.638672
257.8894, 2.273438
258.3716, 0.1357420
258.8537, 11.97656
259.3358, 20.13086
259.8179, 22.46289
260.3000, 22.05859
260.7821, 21.52637
261.2643, 21.33105
261.7464, 20.20508
262.2285, 15.96191
262.7106, 7.146484
263.1927, 3.700195
263.6748, 9.677734
264.1570, 18.52637
264.6391, 26.10254
265.1212, 31.65430
265.6033, 33.46582
266.0854, 28.02832
266.5675, 15.07520
267.0497, 8.830078
267.5318, 16.39551
268.0139, 26.04883
268.4960, 27.92188
268.9781, 21.69727
269.4602, 14.13672
269.9424, 10.39941
270.4245, 9.921875
270.9066, 7.656250
271.3887, 1.178711
271.8708, 8.229492
272.3529, 3.396484
272.8351, 12.09863
273.3172, 22.15137
273.7993, 13.20801
274.2814, 7.637695
274.7635, 16.56152
275.2456, 5.117188
275.7278, 9.453125
276.2099, 14.39453
276.6920, 10.87988
277.1741, 8.852539
277.6562, 14.76074
278.1383, 23.75977
278.6205, 25.41992
279.1026, 16.27930
279.5847, 7.328125
280.0668, 6.299805
280.5489, 12.13281
281.0310, 18.95703
281.5132, 25.96484
281.9953, 31.58691
282.4774, 33.80273
282.9595, 32.20898
283.4416, 29.59766
283.9237, 27.18652
284.4059, 24.99805
284.8880, 23.23730
285.3701, 22.12988
285.8522, 21.22754
286.3343, 19.37207
286.8164, 16.64551
287.2986, 15.82227
287.7807, 20.83203
288.2628, 29.24219
288.7449, 32.43164
289.2270, 27.15918
289.7091, 20.22754
290.1913, 16.60742
290.6734, 15.88574
291.1555, 16.98535
291.6376, 20.49512
292.1197, 25.35449
292.6018, 28.84863
293.0840, 30.07129
293.5661, 31.76172
294.0482, 38.23633
294.5303, 46.32031
295.0124, 49.74023
295.4945, 43.49805
295.9767, 32.50488
296.4588, 26.06348
296.9409, 25.68848
297.4230, 24.70996
297.9051, 16.32910
298.3872, 6.337891
298.8694, 2.749023
299.3515, 10.63867
299.8336, 20.92578
300.3157, 19.60938
300.7978, 4.132813
301.2799, 7.458984
301.7621, 4.453125
302.2442, 3.746094
302.7263, 9.241211
303.2084, 10.43359
303.6905, 9.994141
304.1726, 11.46582
304.6548, 15.05566
305.1369, 14.95020
305.6190, 5.723633
306.1011, 4.466797
306.5832, 9.435547
307.0653, 8.803711
307.5475, 5.792969
308.0296, 1.855469
308.5117, 2.813477
308.9938, 5.529297
309.4759, 4.172852
309.9580, 2.919922
310.4402, 5.411133
310.9223, 10.64258
311.4044, 14.69434
311.8865, 14.41309
312.3686, 10.71387
312.8507, 7.018555
313.3329, 1.161133
313.8150, 0.5986330
314.2971, 8.659180
314.7792, 23.49609
315.2613, 33.71094
315.7434, 32.90332
316.2256, 25.79297
316.7077, 22.83301
317.1898, 25.85254
317.6719, 27.80371
318.1540, 21.77246
318.6361, 14.45898
319.1183, 14.33594
319.6004, 25.59277
320.0825, 40.08984
320.5646, 46.79492
321.0467, 44.78027
321.5288, 40.89941
322.0110, 35.03027
322.4931, 29.50781
322.9752, 25.75293
323.4573, 23.94043
323.9394, 24.85254
324.4215, 32.09473
324.9037, 45.38184
325.3858, 52.37305
325.8679, 45.91504
326.3500, 36.92285
326.8321, 33.66113
327.3142, 35.64746
327.7964, 37.90332
328.2785, 35.42188
328.7606, 29.41211
329.2427, 28.09180
329.7248, 34.58496
330.2069, 41.76172
330.6891, 44.19043
331.1712, 43.85352
331.6533, 45.40723
332.1354, 52.67480
332.6175, 60.27148
333.0996, 57.84082
333.5818, 41.10059
334.0639, 27.27148
334.5460, 27.70020
335.0281, 35.03711
335.5102, 41.97852
335.9923, 46.36523
336.4745, 49.18359
336.9566, 51.37305
337.4387, 52.90137
337.9208, 53.99121
338.4029, 54.69922
338.8850, 54.94531
339.3671, 54.68457
339.8492, 53.92480
340.3314, 52.67285
340.8135, 51.22070
341.2956, 49.42090
341.7777, 45.71484
342.2598, 37.50391
342.7419, 30.83398
343.2241, 31.83594
343.7062, 39.15820
344.1883, 46.19824
344.6704, 49.43164
345.1525, 50.59961
345.6346, 52.60840
346.1168, 55.36621
346.5989, 57.80176
347.0810, 59.55078
347.5631, 60.14160
348.0452, 58.06543
348.5273, 49.85449
349.0095, 41.60645
349.4916, 41.85938
349.9737, 50.83887
350.4558, 58.14551
350.9379, 58.14844
351.4200, 53.98828
351.9022, 51.08594
352.3843, 50.09375
352.8664, 49.23438
353.3485, 46.88184
353.8306, 43.56348
354.3127, 41.54199
354.7949, 41.91504
355.2770, 42.99219
355.7591, 42.38770
356.2412, 40.12012
356.7233, 38.39160
357.2054, 38.71973
357.6876, 39.81934
358.1697, 39.90430
358.6518, 38.81543
359.1339, 35.66211
359.6160, 27.88672
360.0981, 17.36621
360.5803, 13.89258
361.0624, 25.99414
361.5445, 40.11133
362.0266, 44.38477
362.5087, 39.70898
362.9908, 34.41602
363.4730, 33.23926
363.9551, 34.35938
364.4372, 32.53613
364.9193, 25.91895
365.4014, 20.45801
365.8835, 19.26758
366.3657, 20.78027
366.8478, 21.71582
367.3299, 20.81934
367.8120, 19.71973
368.2941, 21.12402
368.7762, 25.37109
369.2584, 30.21875
369.7405, 36.95703
370.2226, 43.20703
370.7047, 47.13379
371.1868, 48.39258
371.6689, 46.07422
372.1511, 38.32129
372.6332, 24.81348
373.1153, 17.85059
373.5974, 23.15039
374.0795, 28.70898
374.5616, 28.21973
375.0438, 23.29492
375.5259, 18.17480
376.0080, 14.83203
376.4901, 13.72949
376.9722, 16.75293
377.4543, 31.82715
377.9365, 40.70508
378.4186, 38.50391
378.9007, 30.49609
379.3828, 20.71582
379.8649, 10.73730
380.3470, 3.123047
380.8292, 2.173828
381.3113, 12.24512
381.7934, 15.64551
382.2755, 7.171875
382.7576, 2.502930
383.2397, 7.381836
383.7219, 7.784180
384.2040, 7.186523
384.6861, 8.458008
385.1682, 11.28125
385.6503, 11.23242
386.1324, 4.870117
386.6146, 0.8134770
387.0967, 6.333984
387.5788, 9.930664
388.0609, 8.205078
388.5430, 0.2333980
389.0251, 10.96191
389.5073, 14.71191
389.9894, 7.667969
390.4715, 1.504883
390.9536, 4.417969
391.4357, 8.314453
391.9178, 7.027344
392.4000, 1.527344
392.8821, 2.601563
393.3642, 1.326172
393.8463, 13.68457
394.3284, 20.43262
394.8105, 16.31543
395.2927, 12.38770
395.7748, 13.09570
396.2569, 16.41211
396.7390, 18.67480
397.2211, 17.83887
397.7032, 15.42871
398.1854, 15.21680
398.6675, 18.46582
399.1496, 20.21973
399.6317, 17.93555
400.1138, 14.40234
400.5959, 11.85059
401.0781, 10.64746
401.5602, 9.103516
402.0423, 3.837891
402.5244, 4.387695
403.0065, 6.270508
403.4886, 3.287109
403.9708, 13.54590
404.4529, 16.73242
404.9350, 14.58008
405.4171, 11.87988
405.8992, 10.39258
406.3813, 9.638672
406.8635, 8.875000
407.3456, 8.061523
407.8277, 7.479492
408.3098, 7.333008
408.7919, 7.497070
409.2740, 7.485352
409.7562, 6.699219
410.2383, 7.289063
410.7204, 12.43555
411.2025, 20.16016
411.6846, 24.49023
412.1667, 23.55664
412.6489, 20.06836
413.1310, 16.97363
413.6131, 14.26074
414.0952, 11.40039
414.5773, 5.906250
415.0594, 1.853516
415.5416, 4.650391
416.0237, 13.66602
416.5058, 22.11426
416.9879, 25.86230
417.4700, 25.22754
417.9521, 22.10938
418.4343, 10.12793
418.9164, 3.574219
419.3985, 10.30957
419.8806, 23.63379
420.3627, 33.72461
420.8448, 37.46484
421.3270, 38.07031
421.8091, 40.35449
422.2912, 45.45117
422.7733, 48.74512
423.2554, 48.97168
423.7375, 48.61035
424.2197, 49.68652
424.7018, 51.58301
425.1839, 51.73145
425.6660, 47.93945
426.1481, 41.13477
426.6302, 37.63672
427.1124, 40.22949
427.5945, 43.04492
428.0766, 48.00391
428.5587, 51.57617
429.0408, 48.77637
429.5229, 38.64258
430.0051, 27.01855
430.4872, 22.44922
430.9693, 26.65625
431.4514, 30.87793
431.9335, 38.36719
432.4156, 42.73340
432.8978, 37.59473
433.3799, 26.97168
433.8620, 21.31641
434.3441, 29.21484
434.8262, 44.84863
435.3083, 50.41113
435.7905, 41.99902
436.2726, 34.18652
436.7547, 32.93066
437.2368, 34.19727
437.7189, 34.71680
438.2010, 33.79980
438.6832, 32.52344
439.1653, 31.59668
439.6474, 30.99805
440.1295, 30.87305
440.6116, 30.42480
441.0938, 31.14258
441.5759, 35.53418
442.0580, 42.52344
442.5401, 48.68945
443.0222, 52.69141
443.5043, 55.72266
443.9865, 60.91211
444.4686, 67.49219
444.9507, 68.02344
445.4328, 56.28613
445.9149, 39.05176
446.3970, 32.30176
446.8792, 38.62988
447.3613, 44.30859
447.8434, 46.50293
448.3255, 46.41895
448.8076, 45.26953
449.2897, 43.13477
449.7719, 39.84766
450.2540, 34.73242
450.7361, 27.45020
451.2182, 23.75098
451.7003, 24.55176
452.1824, 27.01855
452.6646, 31.70410
453.1467, 37.07617
453.6288, 40.26367
454.1109, 40.01172
454.5930, 38.39746
455.0751, 39.92090
455.5573, 48.00586
456.0394, 52.33789
456.5215, 51.04980
457.0036, 48.18359
457.4857, 44.16699
457.9678, 40.43652
458.4500, 40.39746
458.9321, 47.62207
459.4142, 60.37500
459.8963, 68.46191
460.3784, 69.66309
460.8605, 69.17578
461.3427, 67.62500
461.8248, 66.07422
462.3069, 66.66895
462.7890, 69.95020
463.2711, 72.70996
463.7532, 70.10645
464.2354, 62.77246
464.7175, 60.08789
465.1996, 65.78516
465.6817, 72.06543
466.1638, 71.42188
466.6459, 66.91406
467.1281, 66.61719
467.6102, 76.59277
468.0923, 88.74512
468.5744, 93.88281
469.0565, 92.58594
469.5386, 90.59180
470.0208, 90.27246
470.5029, 90.16211
470.9850, 85.87109
471.4671, 75.10645
471.9492, 72.13965
472.4313, 89.37012
472.9135, 111.0508
473.3956, 120.3848
473.8777, 116.1338
474.3598, 105.5586
474.8419, 93.02637
475.3240, 79.09570
475.8062, 69.22949
476.2883, 65.60254
476.7704, 63.76270
477.2525, 62.27246
477.7346, 61.46094
478.2167, 62.73047
478.6989, 66.08594
479.1810, 69.09473
479.6631, 68.05469
480.1452, 61.32422
480.6273, 58.97168
481.1094, 67.18848
481.5916, 73.23730
482.0737, 71.48047
482.5558, 65.11426
483.0379, 59.68359
483.5200, 57.89844
484.0021, 58.40918
484.4843, 58.05469
484.9664, 56.67969
485.4485, 55.06348
485.9306, 53.01074
486.4127, 51.05273
486.8948, 48.99219
487.3770, 47.15332
487.8591, 47.00000
488.3412, 50.63184
488.8233, 56.15137
489.3054, 60.14160
489.7875, 62.58203
490.2697, 63.24512
490.7518, 61.16895
491.2339, 57.62305
491.7160, 55.15430
492.1981, 53.80273
492.6802, 53.41699
493.1624, 54.62305
493.6445, 56.49316
494.1266, 57.57227
494.6087, 57.62988
495.0908, 57.83301
495.5729, 59.25488
496.0551, 61.40820
496.5372, 60.48926
497.0193, 54.96387
497.5014, 49.84277
497.9835, 46.60742
498.4656, 44.68359
498.9478, 43.51855
499.4299, 42.82715
499.9120, 41.93164
500.3941, 39.90332
500.8762, 36.74121
501.3583, 32.33398
501.8405, 24.10547
502.3226, 17.23047
502.8047, 14.05762
503.2868, 13.52637
503.7689, 13.10156
504.2510, 11.17773
504.7331, 10.37207
505.2152, 17.37598
505.6974, 34.56250
506.1795, 46.04395
506.6616, 45.69043
507.1437, 41.23535
507.6258, 37.68750
508.1079, 35.12988
508.5901, 33.01465
509.0722, 30.98438
509.5543, 29.33691
510.0364, 28.52539
510.5185, 28.55957
511.0006, 29.29590
511.4828, 31.19141
511.9649, 33.25195
512.4470, 33.12988
512.9291, 30.13086
513.4113, 27.64941
513.8934, 24.52148
514.3755, 23.51367
514.8576, 30.12988
515.3397, 43.32031
515.8218, 53.74219
516.3040, 54.07129
516.7861, 45.78711
517.2682, 39.66016
517.7503, 35.39648
518.2324, 33.87891
518.7145, 35.16602
519.1967, 38.99609
519.6788, 48.64355
520.1609, 62.73535
520.6430, 72.27734
521.1251, 66.40430
521.6072, 45.34668
522.0894, 31.57910
522.5715, 27.12207
523.0536, 27.16699
523.5357, 34.11621
524.0178, 42.19531
524.4999, 43.95605
524.9821, 37.12207
525.4642, 28.32422
525.9463, 22.72656
526.4284, 20.17383
526.9105, 20.60547
527.3926, 25.23828
527.8748, 29.27441
528.3569, 28.04883
528.8390, 23.11230
529.3211, 19.83594
529.8032, 20.51953
530.2853, 20.98633
530.7675, 18.31543
531.2496, 13.94238
531.7317, 11.26074
532.2138, 11.27734
532.6959, 10.69434
533.1780, 4.545898
533.6602, 9.379883
534.1423, 14.91797
534.6244, 7.401367
535.1065, 1.885742
535.5886, 11.95215
536.0707, 20.01953
536.5529, 21.31641
537.0350, 14.11914
537.5171, 3.545898
537.9992, 1.834961
538.4813, 0.6552730
538.9634, 1.339844
539.4456, 7.620117
539.9277, 11.33301
540.4098, 7.166992
540.8919, 0.8623050
541.3740, 6.020508
541.8561, 5.500977
542.3383, 3.286133
542.8204, 4.892578
543.3025, 9.746094
543.7846, 11.80664
544.2667, 8.319336
544.7488, 4.112305
545.2310, 5.034180
545.7131, 10.45801
546.1952, 15.32227
546.6773, 18.87793
547.1594, 21.59277
547.6415, 23.93848
548.1237, 25.68359
548.6058, 26.22949
549.0879, 25.34570
549.5700, 23.45703
550.0521, 21.31641
550.5342, 19.40723
551.0164, 15.82812
551.4985, 9.320313
551.9806, 2.791016
552.4627, 5.084961
552.9448, 11.58594
553.4269, 11.02148
553.9091, 0.2744140
554.3912, 14.26465
554.8733, 20.77344
555.3554, 17.80078
555.8375, 16.76074
556.3196, 21.22949
556.8018, 25.36816
557.2839, 24.74805
557.7660, 20.86914
558.2481, 17.91895
558.7302, 17.35059
559.2123, 18.37012
559.6945, 21.48242
560.1766, 25.86426
560.6587, 27.75488
561.1408, 25.97656
561.6229, 21.47852
562.1050, 14.41211
562.5872, 4.003906
563.0693, 2.042969
563.5514, 0.7324220
564.0335, 2.077148
564.5156, 4.028320
564.9977, 5.197266
565.4799, 5.697266
565.9620, 5.586914
566.4441, 6.018555
566.9262, 9.308594
567.4083, 16.79883
567.8904, 21.47949
568.3726, 20.42969
568.8547, 19.37012
569.3368, 20.68066
569.8189, 23.15137
570.3010, 24.63184
570.7831, 24.27148
571.2653, 23.12207
571.7474, 22.02246
572.2295, 21.09375
572.7116, 22.05371
573.1937, 26.65430
573.6758, 29.48535
574.1580, 24.17578
574.6401, 12.99609
575.1222, 4.846680
575.6043, 0.4570310
576.0864, 0.5830080
576.5685, 5.124023
577.0507, 13.08301
577.5328, 14.03125
578.0149, 6.168945
578.4970, 1.312500
578.9791, 2.532227
579.4612, 18.53809
579.9434, 25.86426
580.4255, 14.69043
580.9076, 6.265625
581.3897, 5.230469
581.8718, 8.496094
582.3539, 14.02148
582.8361, 20.72656
583.3182, 25.34277
583.8003, 21.90723
584.2824, 12.29102
584.7645, 11.35645
585.2466, 21.81152
585.7288, 33.34570
586.2108, 42.51074
586.6929, 48.88477
587.1750, 51.12891
587.6572, 48.18066
588.1393, 45.07617
588.6214, 45.04883
589.1035, 45.60254
589.5856, 41.93652
590.0677, 34.36914
590.5499, 29.79297
591.0320, 33.19531
591.5141, 41.65723
591.9962, 46.14551
592.4783, 47.51953
592.9604, 45.04297
593.4426, 34.10449
593.9247, 22.66699
594.4068, 16.48926
594.8889, 15.07129
595.3710, 14.97266
595.8531, 14.50098
596.3353, 12.89941
596.8174, 6.309570
597.2995, 7.480469
597.7816, 14.84961
598.2637, 8.079102
598.7458, 3.192383
599.2280, 9.658203
599.7101, 12.00000
600.1922, 13.73340
600.6743, 15.61523
601.1564, 17.35938
601.6385, 19.31152
602.1207, 20.91309
602.6028, 19.47559
603.0849, 13.76758
603.5670, 8.841797
604.0491, 12.12500
604.5313, 25.98828
605.0134, 32.86133
605.4955, 26.14453
605.9776, 21.00684
606.4597, 24.58594
606.9418, 31.91504
607.4240, 35.94824
607.9061, 35.26074
608.3882, 31.35254
608.8703, 23.94531
609.3524, 13.69824
609.8345, 9.849609
610.3167, 14.96582
610.7988, 19.33203
611.2809, 17.74805
611.7630, 14.07227
612.2451, 12.01367
612.7272, 11.95605
613.2094, 13.00098
613.6915, 15.91602
614.1736, 19.04102
614.6557, 19.87598
615.1378, 18.55078
615.6199, 16.82715
616.1021, 15.56250
616.5842, 15.18848
617.0663, 17.18457
617.5484, 24.33887
618.0305, 29.03418
618.5126, 31.09961
618.9948, 30.99414
619.4769, 26.63965
619.9590, 20.42969
620.4411, 18.30566
620.9232, 23.90332
621.4053, 31.28125
621.8875, 27.44727
622.3696, 12.65234
622.8517, 9.208008
623.3338, 23.98145
623.8159, 44.95508
624.2980, 69.11914
624.7802, 92.11328
625.2623, 97.63770
625.7444, 69.83105
626.2265, 42.29492
626.7086, 28.66797
627.1907, 25.43164
627.6729, 31.17676
628.1550, 43.91895
628.6371, 53.75195
629.1192, 51.19434
629.6013, 38.13770
630.0834, 30.10059
630.5656, 29.30371
631.0477, 29.94629
631.5298, 31.16797
632.0119, 33.25195
632.4940, 37.68750
632.9761, 43.58203
633.4583, 46.97266
633.9404, 44.41113
634.4225, 39.07715
634.9046, 35.62207
635.3867, 33.87695
635.8688, 31.31152
636.3510, 26.78125
636.8331, 21.74609
637.3152, 16.28027
637.7973, 10.03418
638.2794, 10.11914
638.7615, 22.73340
639.2437, 34.95605
639.7258, 42.22949
640.2079, 45.56348
640.6900, 46.07812
641.1721, 44.36426
641.6542, 41.43945
642.1364, 38.02539
642.6185, 34.22070
643.1006, 32.07617
643.5827, 32.60254
644.0648, 32.38770
644.5469, 28.49219
645.0291, 24.38770
645.5112, 23.01367
645.9933, 24.57910
646.4754, 28.21777
646.9575, 33.64355
647.4396, 40.86230
647.9218, 53.17969
648.4039, 68.08594
648.8860, 74.71387
649.3681, 68.26562
649.8502, 55.53223
650.3323, 46.72070
650.8145, 43.04980
651.2966, 37.78906
651.7787, 26.74609
652.2608, 18.97461
652.7429, 19.59277
653.2250, 23.94043
653.7072, 27.20801
654.1893, 27.88770
654.6714, 24.68457
655.1535, 11.50293
655.6356, 6.958008
656.1177, 13.21875
656.5999, 5.622070
657.0820, 5.645508
657.5641, 19.46191
658.0462, 31.31934
658.5283, 29.75684
659.0104, 10.80469
659.4926, 1.181641
659.9747, 12.45801
660.4568, 26.73828
660.9389, 34.28613
661.4210, 35.57422
661.9031, 34.04004
662.3853, 31.00781
662.8674, 25.79395
663.3495, 14.94043
663.8316, 2.692383
664.3137, 7.278320
664.7958, 9.033203
665.2780, 24.01270
665.7601, 24.92285
666.2422, 20.55371
666.7243, 21.57422
667.2064, 29.89453
667.6885, 36.81348
668.1707, 37.46484
668.6528, 35.21875
669.1349, 34.83594
669.6170, 35.57031
670.0991, 31.19629
670.5812, 17.65625
671.0634, 3.387695
671.5455, 4.874023
672.0276, 29.65723
672.5097, 41.86621
672.9918, 29.85840
673.4739, 17.60645
673.9561, 11.11328
674.4382, 9.079102
674.9203, 10.67480
675.4024, 15.61133
675.8845, 19.08789
676.3666, 15.50293
676.8488, 8.079102
677.3309, 3.024414
677.8130, 0.6796880
678.2951, 2.725586
678.7772, 11.22070
679.2593, 22.17773
679.7415, 28.25391
680.2236, 27.44043
680.7057, 27.59570
681.1878, 31.85156
681.6699, 33.66699
682.1520, 26.80273
682.6342, 16.76660
683.1163, 12.15332
683.5984, 15.39648
684.0805, 21.70117
684.5626, 27.49512
685.0447, 32.22949
685.5269, 32.28418
686.0090, 26.78711
686.4911, 21.35938
686.9732, 18.62402
687.4553, 17.17578
687.9374, 14.51953
688.4196, 10.40234
688.9017, 7.724609
689.3838, 8.941406
689.8659, 10.28516
690.3480, 6.189453
690.8301, 0.8916020
691.3123, 2.943359
691.7944, 14.41406
692.2765, 26.58496
692.7586, 28.11621
693.2407, 20.14746
693.7228, 20.12793
694.2050, 32.33887
694.6871, 40.62012
695.1692, 34.09082
695.6513, 24.87207
696.1334, 27.61133
696.6155, 42.32129
697.0977, 53.27148
697.5798, 56.47852
698.0619, 53.93945
698.5440, 41.37012
699.0261, 24.87109
699.5082, 18.00000
699.9904, 24.20703
700.4725, 33.87598
700.9546, 36.72461
701.4367, 33.15234
701.9188, 29.55762
702.4009, 25.44531
702.8831, 22.38184
703.3652, 21.84766
703.8473, 22.09863
704.3294, 21.32520
704.8115, 19.97070
705.2936, 18.48438
705.7758, 15.17871
706.2579, 13.64648
706.7400, 19.56738
707.2221, 29.10352
707.7042, 33.59570
708.1863, 31.90918
708.6685, 29.23145
709.1506, 30.59277
709.6327, 35.08301
710.1148, 35.49512
710.5969, 27.43555
711.0790, 23.38379
711.5612, 29.43262
712.0433, 35.86230
712.5254, 36.19238
713.0075, 31.59180
713.4896, 26.21191
713.9717, 21.20703
714.4539, 18.92188
714.9360, 23.09863
715.4181, 30.76270
715.9002, 36.13867
716.3823, 38.09668
716.8644, 34.14941
717.3466, 20.59473
717.8287, 2.466797
718.3108, 0.9619140
718.7929, 21.27832
719.2750, 37.47656
719.7571, 47.44531
720.2393, 50.80469
720.7214, 43.43164
721.2035, 30.08984
721.6856, 18.92969
722.1677, 12.55957
722.6498, 9.666992
723.1320, 9.642578
723.6141, 10.92773
724.0962, 9.623047
724.5783, 5.715820
725.0604, 3.480469
725.5425, 5.705078
726.0247, 9.497070
726.5068, 8.599609
726.9889, 0.2421880
727.4710, 4.237305
727.9531, 1.459961
728.4352, 1.333984
728.9174, 1.208008
729.3995, 2.0508001E-02
729.8816, 0.4472660
730.3637, 0.2919920
730.8458, 3.960938
731.3279, 16.55762
731.8101, 30.39551
732.2922, 30.34473
732.7743, 18.48242
733.2564, 9.628906
733.7385, 9.364258
734.2206, 12.92969
734.7028, 14.38574
735.1849, 13.56934
735.6670, 13.54004
736.1491, 14.58789
736.6312, 15.96289
737.1133, 18.81543
737.5955, 20.99805
738.0776, 19.67090
738.5597, 15.49316
739.0418, 12.76562
739.5239, 14.84766
740.0060, 17.95898
740.4882, 16.98145
740.9703, 13.40137
741.4524, 12.52148
741.9345, 15.42188
742.4166, 17.39160
742.8987, 13.90234
743.3809, 6.670898
743.8630, 4.710938
744.3451, 12.05078
744.8272, 17.20898
745.3093, 21.03613
745.7914, 21.16504
746.2736, 12.00293
746.7557, 1.008789
747.2378, 6.612305
747.7199, 0.1806640
748.2020, 9.420898
748.6841, 17.17969
749.1663, 22.97949
749.6484, 26.77148
750.1305, 28.41113
750.6126, 26.12988
751.0947, 18.57031
751.5768, 9.599609
752.0590, 6.417969
752.5411, 10.63770
753.0232, 13.44629
753.5053, 15.80469
753.9874, 15.42285
754.4695, 8.959961
754.9517, 1.208984
755.4338, 2.663086
755.9159, 2.147461
756.3980, 0.4833980
756.8801, 1.740234
757.3622, 3.533203
757.8444, 2.435547
758.3265, 0.2792970
758.8086, 3.271484
759.2907, 12.38281
759.7728, 18.74609
760.2549, 12.43848
760.7371, 3.299805
761.2192, 6.839844
761.7013, 8.456055
762.1834, 18.18359
762.6655, 15.73828
763.1476, 9.074219
763.6298, 0.1201170
764.1119, 8.543945
764.5940, 9.302734
765.0761, 3.742188
765.5582, 16.05957
766.0403, 21.67578
766.5225, 22.25195
767.0046, 16.90820
767.4867, 7.944336
767.9688, 2.281250
768.4509, 3.436523
768.9330, 8.224609
769.4152, 12.78027
769.8973, 17.32715
770.3794, 13.85449
770.8615, 2.329102
771.3436, 14.17090
771.8257, 11.72754
772.3079, 2.696289
772.7900, 1.493164
773.2721, 0.4716800
773.7542, 5.0781000E-02
774.2363, 1.530273
774.7184, 3.489258
775.2006, 5.039063
775.6827, 6.775391
776.1648, 10.60449
776.6469, 16.39355
777.1290, 19.73535
777.6111, 16.66602
778.0933, 9.906250
778.5754, 5.117188
779.0575, 2.249023
779.5396, 0.7509770
780.0217, 0.4355470
780.5038, 1.650391
780.9860, 4.666016
781.4681, 9.402344
781.9502, 16.00781
782.4323, 28.43457
782.9144, 36.06055
783.3965, 37.70898
783.8787, 35.15625
784.3608, 25.93457
784.8429, 14.19727
785.3250, 6.988281
785.8071, 7.023438
786.2892, 9.906250
786.7714, 13.17871
787.2535, 15.99512
787.7356, 17.18457
788.2177, 16.71875
788.6998, 13.33984
789.1819, 6.102539
789.6641, 0.7949220
790.1462, 1.821289
790.6283, 2.992188
791.1104, 5.206055
791.5925, 3.271484
792.0746, 1.336914
792.5568, 2.032227
793.0389, 3.296875
793.5210, 2.058594
794.0031, 11.81445
794.4852, 18.01172
794.9673, 15.95996
795.4495, 14.49707
795.9316, 21.22754
796.4137, 30.45801
796.8958, 35.40918
797.3779, 35.50098
797.8600, 30.66504
798.3422, 20.55957
798.8243, 11.72363
799.3064, 18.46973
799.7885, 41.73633
800.2706, 49.94434
800.7527, 38.30176
801.2349, 25.38086
801.7170, 16.90039
802.1991, 12.18066
802.6812, 11.50195
803.1633, 14.90430
803.6454, 16.87598
804.1276, 14.50977
804.6097, 13.56934
805.0918, 14.52441
805.5739, 19.61035
806.0560, 34.29102
806.5381, 54.99219
807.0203, 68.06445
807.5024, 63.97754
807.9845, 53.49219
808.4666, 52.72754
808.9487, 58.52441
809.4308, 57.32129
809.9130, 47.42090
810.3951, 37.76855
810.8772, 33.25977
811.3593, 32.53125
811.8414, 32.94434
812.3235, 34.68750
812.8057, 36.66699
813.2878, 41.26074
813.7699, 42.68652
814.2520, 34.62305
814.7341, 25.80273
815.2162, 25.62402
815.6984, 34.27539
816.1805, 43.87695
816.6626, 53.81250
817.1447, 61.08789
817.6268, 63.03418
818.1089, 61.13281
818.5911, 57.07227
819.0732, 51.38770
819.5553, 44.28906
820.0374, 34.61328
820.5195, 25.31836
821.0016, 23.77539
821.4838, 30.24902
821.9659, 32.55078
822.4480, 29.01855
822.9301, 26.52148
823.4122, 27.12500
823.8943, 30.42969
824.3765, 36.70605
824.8586, 47.23535
825.3407, 53.83496
825.8228, 55.52539
826.3049, 54.07812
826.7870, 44.70215
827.2692, 36.08691
827.7513, 39.82422
828.2334, 54.32324
828.7155, 65.72559
829.1976, 65.18066
829.6797, 60.59375
830.1619, 60.29785
830.6440, 62.01465
831.1261, 60.23242
831.6082, 54.80762
832.0903, 51.00977
832.5724, 52.01172
833.0546, 55.30664
833.5367, 56.18359
834.0188, 54.47266
834.5009, 50.87305
834.9830, 43.34570
835.4651, 38.04883
835.9473, 38.98438
836.4294, 41.92285
836.9115, 41.62207
837.3936, 38.35254
837.8757, 37.37598
838.3578, 42.40039
838.8400, 46.33594
839.3221, 43.34277
839.8042, 40.45117
840.2863, 47.92285
840.7684, 62.28418
841.2505, 70.07031
841.7327, 64.18555
842.2148, 53.87207
842.6969, 51.28320
843.1790, 52.84570
843.6611, 46.01172
844.1432, 31.04785
844.6254, 22.64844
845.1075, 27.63086
845.5896, 37.79395
846.0717, 42.37109
846.5538, 41.28906
847.0359, 40.97852
847.5181, 40.95703
848.0002, 42.59082
848.4823, 52.29492
848.9644, 57.91895
849.4465, 46.08496
849.9286, 23.99609
850.4108, 12.92480
850.8929, 19.46680
851.3750, 28.32031
851.8571, 36.28711
852.3392, 42.56445
852.8214, 46.79395
853.3035, 48.77539
853.7856, 48.04395
854.2677, 44.63867
854.7498, 39.46973
855.2319, 31.95703
855.7141, 24.50488
856.1962, 22.73633
856.6783, 26.11816
857.1604, 31.92188
857.6425, 39.74609
858.1246, 45.09375
858.6068, 43.41211
859.0889, 37.20117
859.5710, 36.47363
860.0531, 45.13770
860.5352, 48.77246
861.0173, 42.05957
861.4995, 36.58789
861.9816, 38.99805
862.4637, 44.97168
862.9458, 48.73633
863.4279, 48.68750
863.9100, 49.29785
864.3922, 53.40137
864.8743, 56.25488
865.3564, 53.39062
865.8385, 49.04102
866.3206, 49.66797
866.8027, 54.33301
867.2849, 55.50684
867.7670, 47.94434
868.2491, 38.77344
868.7312, 39.36719
869.2133, 45.45508
869.6954, 43.50391
870.1776, 33.14551
870.6597, 22.83887
871.1418, 15.70312
871.6239, 16.31152
872.1060, 33.69043
872.5881, 67.61426
873.0703, 85.94336
873.5524, 84.78516
874.0345, 77.78711
874.5166, 64.03125
874.9987, 49.70703
875.4808, 39.36328
875.9630, 32.36035
876.4451, 27.10059
876.9272, 24.02344
877.4093, 21.49121
877.8914, 18.10938
878.3735, 16.21973
878.8557, 19.86914
879.3378, 24.78223
879.8199, 21.63672
880.3020, 9.854492
880.7841, 4.176758
881.2662, 23.32812
881.7484, 45.58984
882.2305, 37.21484
882.7126, 12.26953
883.1947, 7.145508
883.6768, 25.32227
884.1589, 43.05078
884.6411, 45.08887
885.1232, 37.55078
885.6053, 31.66113
886.0874, 27.46484
886.5695, 24.16895
887.0516, 22.06738
887.5338, 19.42090
888.0159, 14.91504
888.4980, 10.61035
888.9801, 8.926758
889.4622, 9.865234
889.9443, 12.18457
890.4265, 18.12402
890.9086, 22.26562
891.3907, 21.47656
891.8728, 21.36035
892.3549, 27.18262
892.8370, 35.70508
893.3192, 40.96289
893.8013, 41.83008
894.2834, 37.61816
894.7655, 19.52734
895.2476, 4.245117
895.7297, 10.35645
896.2119, 27.29688
896.6940, 36.42871
897.1761, 34.83203
897.6582, 31.70410
898.1403, 33.60840
898.6224, 36.95215
899.1046, 35.26855
899.5867, 29.82520
900.0688, 25.95215
900.5509, 24.17871
901.0330, 25.68750
901.5151, 31.86719
901.9973, 36.96582
902.4794, 31.43652
902.9615, 15.28711
903.4436, 6.018555
903.9257, 5.650391
904.4078, 7.263672
904.8900, 12.38672
905.3721, 15.36230
905.8542, 10.26660
906.3363, 0.2587890
906.8184, 8.572266
907.3005, 16.12988
907.7827, 17.31152
908.2648, 6.203125
908.7469, 5.635742
909.2290, 15.55469
909.7111, 21.25488
910.1932, 18.02344
910.6754, 6.954102
911.1575, 2.005859
911.6396, 5.924805
912.1217, 3.285156
912.6038, 14.25293
913.0859, 34.89160
913.5681, 39.90527
914.0502, 31.43555
914.5323, 23.85352
915.0144, 23.49414
915.4965, 25.52344
915.9786, 23.71484
916.4607, 19.69922
916.9428, 19.71484
917.4249, 23.41211
917.9070, 27.57324
918.3892, 31.98535
918.8713, 30.41602
919.3534, 16.05762
919.8355, 4.615234
920.3176, 11.31641
920.7997, 0.3056640
921.2819, 12.16211
921.7640, 30.24219
922.2461, 39.70801
922.7282, 27.14844
923.2103, 10.24609
923.6924, 13.73438
924.1746, 35.30273
924.6567, 46.22070
925.1388, 34.85059
925.6209, 27.17188
926.1030, 31.91504
926.5851, 38.23926
927.0673, 36.05566
927.5494, 30.58203
928.0315, 34.18457
928.5136, 50.20117
928.9957, 62.60254
929.4778, 59.77441
929.9600, 53.82422
930.4421, 55.68945
930.9242, 58.26465
931.4063, 50.95215
931.8884, 35.29785
932.3705, 25.63574
932.8527, 30.77246
933.3348, 39.24707
933.8169, 33.91309
934.2990, 20.87695
934.7811, 17.91406
935.2632, 23.89258
935.7454, 27.01367
936.2275, 23.36426
936.7096, 19.48438
937.1917, 22.12207
937.6738, 29.12109
938.1559, 31.80664
938.6381, 29.45312
939.1202, 28.18945
939.6023, 28.04199
940.0844, 31.26562
940.5665, 41.67676
941.0486, 52.32910
941.5308, 50.88867
942.0129, 35.60840
942.4950, 27.20703
942.9771, 30.65332
943.4592, 33.33105
943.9413, 29.89551
944.4235, 28.65039
944.9056, 39.34277
945.3877, 55.01855
945.8698, 59.17578
946.3519, 46.48633
946.8340, 37.40527
947.3162, 41.31348
947.7983, 45.37012
948.2804, 43.91602
948.7625, 38.34082
949.2446, 27.86426
949.7267, 14.92871
950.2089, 6.656250
950.6910, 5.661133
951.1731, 11.83105
951.6552, 35.12891
952.1373, 58.21484
952.6194, 53.59180
953.1016, 31.17578
953.5837, 18.13965
954.0658, 21.72070
954.5479, 30.72168
955.0300, 37.19043
955.5121, 41.25000
955.9943, 42.94824
956.4764, 42.44336
956.9585, 39.38965
957.4406, 34.07227
957.9227, 30.76562
958.4048, 31.40723
958.8870, 34.85742
959.3691, 40.23535
959.8512, 47.00391
960.3333, 52.03027
960.8154, 56.14551
961.2975, 49.98828
961.7797, 27.57129
962.2618, 9.591797
962.7439, 11.36133
963.2260, 24.35938
963.7081, 30.40820
964.1902, 28.17676
964.6724, 25.95508
965.1545, 23.28613
965.6366, 21.51660
966.1187, 22.27344
966.6008, 23.68262
967.0829, 25.03223
967.5651, 25.92871
968.0472, 24.72559
968.5293, 19.12109
969.0114, 17.28809
969.4935, 27.04004
969.9756, 32.92578
970.4578, 22.12598
970.9399, 7.834961
971.4220, 6.663086
971.9041, 16.84863
972.3862, 22.23242
972.8683, 15.03516
973.3505, 7.257813
973.8326, 3.438477
974.3147, 3.136719
974.7968, 8.502930
975.2789, 16.07715
975.7610, 20.10059
976.2432, 19.47168
976.7253, 17.00293
977.2074, 14.23242
977.6895, 10.78809
978.1716, 4.476563
978.6537, 0.9521480
979.1359, 1.889648
979.6180, 9.958008
980.1001, 9.174805
980.5822, 5.029297
981.0643, 19.86035
981.5464, 22.25488
982.0286, 16.33398
982.5107, 10.02637
982.9928, 3.836914
983.4749, 0.8720700
983.9570, 1.362305
984.4391, 1.255859
984.9213, 1.476563
985.4034, 6.455078
985.8855, 14.91211
986.3676, 25.24902
986.8497, 19.06348
987.3318, 6.383789
987.8140, 14.16699
988.2961, 5.979492
988.7782, 30.67480
989.2603, 47.01758
989.7424, 53.91992
990.2245, 47.78125
990.7067, 26.24121
991.1888, 10.87109
991.6709, 1.049805
992.1530, 0.9560550
992.6351, 7.696289
993.1172, 21.11719
993.5994, 37.86621
994.0815, 55.14355
994.5636, 64.19043
995.0457, 62.96582
995.5278, 58.98926
996.0099, 49.03418
996.4921, 40.35547
996.9742, 33.62598
997.4563, 29.71484
997.9384, 30.44238
998.4205, 34.61230
998.9026, 38.18555
999.3848, 40.61133
999.8669, 42.57520
1000.349, 46.64844
1000.831, 47.55078
1001.313, 40.53125
1001.795, 30.69043
1002.277, 22.05762
1002.760, 15.92578
1003.242, 14.53223
1003.724, 20.19824
1004.206, 26.87988
1004.688, 36.09473
1005.170, 41.06738
1005.652, 32.85840
1006.134, 18.90918
1006.617, 9.507813
1007.099, 6.538086
1007.581, 7.624023
1008.063, 12.72266
1008.545, 18.66406
1009.027, 24.50781
1009.509, 28.58984
1009.991, 27.84082
1010.473, 24.10938
1010.956, 20.51758
1011.438, 18.38477
1011.920, 19.90332
1012.402, 28.09180
1012.884, 36.78906
1013.366, 35.79590
1013.848, 31.12109
1014.330, 37.35547
1014.813, 50.85840
1015.295, 54.68945
1015.777, 44.28027
1016.259, 30.62109
1016.741, 21.54102
1017.223, 18.60156
1017.705, 30.47070
1018.187, 50.54883
1018.669, 51.84668
1019.152, 35.28223
1019.634, 25.11719
1020.116, 30.33105
1020.598, 41.78125
1021.080, 51.10254
1021.562, 57.79590
1022.044, 60.04883
1022.526, 58.04199
1023.008, 51.10547
1023.491, 39.17383
1023.973, 32.42188
1024.455, 35.33789
1024.937, 42.81250
1025.419, 49.85645
1025.901, 55.53809
1026.383, 54.06934
1026.865, 44.52930
1027.348, 42.58887
1027.830, 51.23926
1028.312, 57.92969
1028.794, 56.35254
1029.276, 52.32910
1029.758, 53.10449
1030.240, 58.03906
1030.722, 63.02246
1031.204, 69.33301
1031.687, 68.34082
1032.169, 55.27539
1032.651, 47.25879
1033.133, 54.46582
1033.615, 66.68262
1034.097, 70.55664
1034.579, 66.71094
1035.061, 63.83887
1035.544, 60.63281
1036.026, 61.99902
1036.508, 69.81934
1036.990, 79.48535
1037.472, 91.17383
1037.954, 100.5273
1038.436, 100.4922
1038.918, 90.99512
1039.401, 82.87598
1039.883, 78.63672
1040.365, 72.50293
1040.847, 59.59570
1041.329, 50.65723
1041.811, 53.37695
1042.293, 60.39258
1042.775, 61.80566
1043.257, 57.77148
1043.740, 56.85449
1044.222, 62.74902
1044.704, 66.08789
1045.186, 64.12793
1045.668, 61.01270
1046.150, 59.20215
1046.632, 58.37109
1047.114, 60.17285
1047.596, 64.22363
1048.079, 65.32617
1048.561, 57.68066
1049.043, 55.15918
1049.525, 64.35742
1050.007, 72.96387
1050.489, 76.22070
1050.971, 75.41406
1051.453, 70.86719
1051.936, 63.45996
1052.418, 58.96777
1052.900, 59.73535
1053.382, 60.95215
1053.864, 61.74316
1054.346, 62.72070
1054.828, 66.14453
1055.310, 68.75684
1055.792, 65.60156
1056.275, 58.17188
1056.757, 53.80957
1057.239, 57.00586
1057.721, 57.63770
1058.203, 45.39062
1058.685, 38.33789
1059.167, 52.19043
1059.649, 72.75391
1060.131, 85.10449
1060.614, 88.12012
1061.096, 85.73047
1061.578, 76.95996
1062.060, 67.46289
1062.542, 55.52441
1063.024, 47.46094
1063.506, 49.46582
1063.988, 54.94238
1064.471, 56.20703
1064.953, 53.68555
1065.435, 52.40039
1065.917, 54.10156
1066.399, 55.76074
1066.881, 57.67090
1067.363, 57.50195
1067.845, 52.34180
1068.328, 45.61035
1068.810, 39.43359
1069.292, 35.89355
1069.774, 38.30664
1070.256, 50.03223
1070.738, 56.80176
1071.220, 44.22852
1071.702, 34.55957
1072.184, 47.33203
1072.667, 64.41309
1073.149, 64.19824
1073.631, 51.98145
1074.113, 46.28809
1074.595, 52.38574
1075.077, 57.96680
1075.559, 54.45703
1076.041, 52.68066
1076.523, 63.50098
1077.006, 74.72754
1077.488, 70.23340
1077.970, 57.55664
1078.452, 57.60938
1078.934, 75.76953
1079.416, 86.69434
1079.898, 70.29688
1080.380, 57.12012
1080.862, 67.62988
1081.345, 84.28418
1081.827, 95.69727
1082.309, 99.51758
1082.791, 90.57910
1083.273, 69.45605
1083.755, 54.63281
1084.237, 58.21973
1084.719, 63.81055
1085.202, 66.65430
1085.684, 65.51660
1086.166, 55.97949
1086.648, 43.95020
1087.130, 38.47266
1087.612, 40.32715
1088.094, 43.50293
1088.576, 46.44629
1089.058, 49.11133
1089.541, 52.72656
1090.023, 54.64648
1090.505, 52.29492
1090.987, 47.61230
1091.469, 41.68848
1091.951, 35.84277
1092.433, 34.19629
1092.915, 39.05664
1093.397, 45.09766
1093.880, 53.17773
1094.362, 58.33594
1094.844, 54.21289
1095.326, 48.03027
1095.808, 49.21484
1096.290, 55.38184
1096.772, 56.15332
1097.254, 47.34863
1097.737, 41.61914
1098.219, 49.04297
1098.701, 53.08594
1099.183, 39.16992
1099.665, 24.85156
1100.147, 31.70508
1100.629, 49.16797
1101.111, 49.92871
1101.594, 27.96777
1102.076, 11.63672
1102.558, 13.65332
1103.040, 15.25000
1103.522, 7.340820
1104.004, 7.0312999E-02
1104.486, 2.956055
1104.968, 10.28125
1105.450, 11.85449
1105.932, 6.834961
1106.415, 2.973633
1106.897, 0.8789060
1107.379, 0.2353520
1107.861, 14.05957
1108.343, 25.11133
1108.825, 23.08203
1109.307, 15.35254
1109.789, 9.839844
1110.272, 7.075195
1110.754, 7.150391
1111.236, 13.21094
1111.718, 15.93262
1112.200, 14.76074
1112.682, 9.917969
1113.164, 6.207031
1113.646, 19.34668
1114.129, 12.28125
1114.611, 8.266602
1115.093, 18.96289
1115.575, 16.03809
1116.057, 14.25098
1116.539, 15.82227
1117.021, 15.20410
1117.503, 10.79199
1117.985, 4.227539
1118.468, 7.577148
1118.950, 18.43945
1119.432, 14.22363
1119.914, 7.131836
1120.396, 17.35547
1120.878, 10.65918
1121.360, 5.010742
1121.842, 2.091797
1122.324, 1.128906
1122.807, 2.073242
1123.289, 4.417969
1123.771, 7.790039
1124.253, 12.06250
1124.735, 16.63086
1125.217, 24.12793
1125.699, 21.33398
1126.181, 2.099609
1126.664, 9.347656
1127.146, 2.393555
1127.628, 9.047852
1128.110, 12.57812
1128.592, 10.41406
1129.074, 9.041016
1129.556, 8.664063
1130.038, 6.046875
1130.521, 0.5458980
1131.003, 2.886719
1131.485, 3.122070
1131.967, 1.113281
1132.449, 2.992188
1132.931, 6.897461
1133.413, 5.808594
1133.895, 1.189453
1134.377, 6.738281
1134.859, 21.77441
1135.342, 21.02051
1135.824, 1.495117
1136.306, 9.652344
1136.788, 0.3574220
1137.270, 13.09570
1137.752, 12.76660
1138.234, 5.685547
1138.716, 11.52246
1139.199, 26.00781
1139.681, 28.77246
1140.163, 20.85254
1140.645, 16.79395
1141.127, 19.97363
1141.609, 20.20117
1142.091, 9.788086
1142.573, 1.956055
1143.056, 0.3544920
1143.538, 8.305664
1144.020, 11.00195
1144.502, 10.05762
1144.984, 13.99219
1145.466, 21.80566
1145.948, 22.24707
1146.430, 10.74707
1146.912, 0.5048830
1147.395, 4.130859
1147.877, 13.70605
1148.359, 22.79883
1148.841, 30.39062
1149.323, 34.94141
1149.805, 36.86133
1150.287, 37.08984
1150.769, 35.95605
1151.251, 33.63184
1151.734, 28.47559
1152.216, 26.34863
1152.698, 34.82129
1153.180, 44.03027
1153.662, 45.03906
1154.144, 42.21875
1154.626, 41.11816
1155.108, 42.14453
1155.591, 43.82129
1156.073, 45.85547
1156.555, 48.04883
1157.037, 51.49023
1157.519, 53.58008
1158.001, 51.80859
1158.483, 49.79688
1158.965, 51.23145
1159.448, 53.92383
1159.930, 53.72070
1160.412, 50.35254
1160.894, 46.91016
1161.376, 39.82129
1161.858, 38.65918
1162.340, 52.59961
1162.822, 61.93945
1163.304, 54.74023
1163.786, 44.61133
1164.269, 46.51562
1164.751, 55.24121
1165.233, 51.78906
1165.715, 30.45508
1166.197, 23.20020
1166.679, 35.50684
1167.161, 47.28223
1167.643, 56.74609
1168.126, 58.54395
1168.608, 47.04199
1169.090, 31.89258
1169.572, 27.58496
1170.054, 32.78125
1170.536, 38.40430
1171.018, 44.24414
1171.500, 42.97559
1171.983, 34.82812
1172.465, 35.22168
1172.947, 49.00391
1173.429, 66.10840
1173.911, 79.10156
1174.393, 88.30078
1174.875, 95.60547
1175.357, 99.44922
1175.839, 90.13672
1176.322, 71.48145
1176.804, 61.94238
1177.286, 64.49902
1177.768, 71.43945
1178.250, 78.11523
1178.732, 81.73633
1179.214, 79.71094
1179.696, 75.36523
1180.178, 71.37402
1180.661, 69.17871
1181.143, 72.53418
1181.625, 78.84473
1182.107, 84.13379
1182.589, 87.19238
1183.071, 87.28027
1183.553, 83.11621
1184.035, 79.53613
1184.518, 80.55859
1185.000, 82.12402
1185.482, 81.92871
1185.964, 78.73633
1186.446, 66.80469
1186.928, 52.54688
1187.410, 52.45703
1187.892, 69.74707
1188.375, 79.29004
1188.857, 69.87305
1189.339, 59.96387
1189.821, 50.52930
1190.303, 45.04102
1190.785, 44.75195
1191.267, 49.51367
1191.749, 62.72070
1192.231, 80.31445
1192.714, 87.20312
1193.196, 80.24219
1193.678, 74.50391
1194.160, 70.09473
1194.642, 65.13867
1195.124, 56.71582
1195.606, 53.21680
1196.088, 61.19727
1196.570, 72.17383
1197.053, 74.12207
1197.535, 68.57812
1198.017, 62.03320
1198.499, 54.62598
1198.981, 54.88672
1199.463, 62.81934
1199.945, 64.56641
1200.427, 56.31250
1200.910, 50.67773
1201.392, 56.32031
1201.874, 67.16016
1202.356, 78.77832
1202.838, 86.86426
1203.320, 78.01855
1203.802, 59.94336
1204.284, 48.88672
1204.766, 45.92480
1205.249, 47.80957
1205.731, 52.86133
1206.213, 58.59082
1206.695, 64.62207
1207.177, 68.04883
1207.659, 66.42871
1208.141, 61.06836
1208.623, 48.47754
1209.105, 36.32520
1209.588, 36.48145
1210.070, 45.22754
1210.552, 48.47266
1211.034, 42.78223
1211.516, 38.41797
1211.998, 35.14160
1212.480, 36.16211
1212.962, 49.49414
1213.445, 58.82617
1213.927, 50.47656
1214.409, 37.95996
1214.891, 36.67676
1215.373, 43.52637
1215.855, 44.90820
1216.337, 38.56445
1216.819, 36.89062
1217.302, 41.92773
1217.784, 43.19531
1218.266, 38.23730
1218.748, 31.97949
1219.230, 27.13184
1219.712, 22.60938
1220.194, 16.22852
1220.676, 10.12891
1221.158, 13.13770
1221.641, 22.93262
1222.123, 27.75000
1222.605, 27.06445
1223.087, 19.83594
1223.569, 7.718750
1224.051, 2.744141
1224.533, 12.00781
1225.015, 22.91895
1225.497, 20.64160
1225.980, 15.23535
1226.462, 19.22852
1226.944, 26.62402
1227.426, 30.23828
1227.908, 30.43262
1228.390, 30.27637
1228.872, 29.65723
1229.354, 23.62891
1229.837, 6.250977
1230.319, 4.398438
1230.801, 3.743164
1231.283, 12.07715
1231.765, 11.70215
1232.247, 9.457031
1232.729, 10.11133
1233.211, 13.19629
1233.693, 19.63086
1234.176, 29.01660
1234.658, 25.95117
1235.140, 1.527344
1235.622, 6.785156
1236.104, 7.274414
1236.586, 21.86426
1237.068, 32.23438
1237.550, 32.16504
1238.032, 14.53711
1238.515, 4.895508
1238.997, 3.673828
1239.479, 30.88281
1239.961, 37.52441
1240.443, 28.16699
1240.925, 23.32324
1241.407, 23.74805
1241.889, 20.23438
1242.372, 11.60156
1242.854, 10.86914
1243.336, 28.03027
1243.818, 43.56250
1244.300, 34.01758
1244.782, 19.72363
1245.264, 22.12207
1245.746, 30.16211
1246.229, 29.62695
1246.711, 23.82129
1247.193, 23.62207
1247.675, 29.65527
1248.157, 28.51074
1248.639, 8.620117
1249.121, 1.826172
1249.603, 11.54785
1250.085, 21.66699
1250.568, 16.56152
1251.050, 9.959961
1251.532, 10.65137
1252.014, 15.81641
1252.496, 21.77539
1252.978, 27.33984
1253.460, 26.09668
1253.942, 16.38477
1254.424, 13.08203
1254.907, 17.28418
1255.389, 22.38086
1255.871, 25.56543
1256.353, 24.74414
1256.835, 15.43555
1257.317, 6.805664
1257.799, 19.00293
1258.281, 36.52930
1258.764, 28.96680
1259.246, 10.17676
1259.728, 4.380859
1260.210, 9.424805
1260.692, 17.61719
1261.174, 25.37012
1261.656, 25.50000
1262.138, 12.60449
1262.620, 4.458008
1263.103, 19.58691
1263.585, 30.12988
1264.067, 17.25781
1264.549, 3.501953
1265.031, 6.785156
1265.513, 17.58594
1265.995, 21.85645
1266.477, 20.31445
1266.959, 20.12012
1267.442, 22.33691
1267.924, 16.73535
1268.406, 0.3662110
1268.888, 3.299805
1269.370, 11.65234
1269.852, 29.20410
1270.334, 39.50000
1270.816, 42.15039
1271.299, 30.36816
1271.781, 13.46387
1272.263, 1.094727
1272.745, 6.606445
1273.227, 8.508789
1273.709, 5.787109
1274.191, 5.470703
1274.673, 8.330078
1275.156, 0.0000000E+00
##END=



