##NAMES=Prosopite
##RRUFFID=R100181
##IDEAL CHEMISTRY=CaAl_2_F_4_(OH)_4_
##LOCALITY=Carlota mine, Pinto Creek, Gila, Arizona, USA
##OWNER=RRUFF
##SOURCE=Joe Ruiz
##DESCRIPTION=Colorless granular crystals,  associated with blue azurite, green elongated szenicsite (R100179) and pale green thick tabular powellite (R100180)
##STATUS=The identification of this mineral has been confirmed by single-crystal X-ray diffraction.
##URL=rruff.info/R100181
108.4438, 0.0000000E+00
108.9259, 25.66992
109.4080, 29.36133
109.8901, 5.849609
110.3722, 0.1171880
110.8544, 18.61523
111.3365, 39.28711
111.8186, 45.08203
112.3007, 41.08203
112.7828, 36.91016
113.2649, 40.17969
113.7471, 54.42188
114.2292, 59.17383
114.7113, 50.68750
115.1934, 47.63672
115.6755, 48.97266
116.1576, 57.16992
116.6397, 62.97852
117.1219, 54.80469
117.6040, 24.57617
118.0861, 4.810547
118.5682, 1.052734
119.0503, 1.515625
119.5324, 0.5585940
120.0146, 3.488281
120.4967, 5.210938
120.9788, 4.689453
121.4609, 3.328125
121.9430, 5.662109
122.4251, 2.923828
122.9073, 15.33203
123.3894, 22.85156
123.8715, 21.75781
124.3536, 15.38281
124.8357, 12.25195
125.3178, 13.73438
125.8000, 14.69336
126.2821, 11.10938
126.7642, 4.791016
127.2463, 3.371094
127.7284, 14.41211
128.2105, 29.63281
128.6927, 34.14453
129.1748, 23.62500
129.6569, 8.794922
130.1390, 0.8085940
130.6211, 4.802734
131.1032, 5.675781
131.5854, 3.111328
132.0675, 1.500000
132.5496, 7.433594
133.0317, 14.96484
133.5138, 22.96484
133.9959, 28.90234
134.4781, 33.09961
134.9602, 34.18359
135.4423, 27.25586
135.9244, 18.35156
136.4065, 16.04102
136.8886, 26.47070
137.3708, 48.43750
137.8529, 64.63281
138.3350, 74.69531
138.8171, 78.89258
139.2992, 72.34961
139.7813, 59.29297
140.2635, 48.49609
140.7456, 47.83203
141.2277, 58.89062
141.7098, 66.41406
142.1919, 69.43750
142.6740, 70.60352
143.1561, 70.97656
143.6383, 70.79688
144.1204, 70.16211
144.6025, 69.22461
145.0846, 68.02930
145.5667, 66.18164
146.0488, 61.39062
146.5310, 57.09570
147.0131, 59.18359
147.4952, 70.09961
147.9773, 80.13867
148.4594, 73.33789
148.9415, 52.93945
149.4237, 37.92969
149.9058, 36.56445
150.3879, 45.90820
150.8700, 59.50586
151.3521, 82.09570
151.8342, 100.2168
152.3164, 101.5801
152.7985, 87.94531
153.2806, 72.92969
153.7627, 67.07227
154.2448, 70.49414
154.7269, 73.03711
155.2091, 65.87305
155.6912, 63.62500
156.1733, 78.29492
156.6554, 109.0684
157.1375, 141.3867
157.6196, 156.4531
158.1018, 147.1211
158.5839, 140.8262
159.0660, 142.2207
159.5481, 144.4883
160.0302, 143.3984
160.5123, 137.8828
160.9945, 129.8887
161.4766, 122.6270
161.9587, 113.8477
162.4408, 109.5469
162.9229, 115.0410
163.4050, 122.2266
163.8871, 121.8770
164.3693, 110.7070
164.8514, 95.05078
165.3335, 90.59766
165.8156, 106.9746
166.2977, 121.0898
166.7798, 129.9512
167.2620, 135.3555
167.7441, 140.0020
168.2262, 145.1562
168.7083, 150.3145
169.1904, 152.5566
169.6725, 150.4141
170.1547, 148.8066
170.6368, 150.9375
171.1189, 155.5254
171.6010, 158.3027
172.0831, 157.7129
172.5652, 153.5156
173.0474, 146.1582
173.5295, 134.4121
174.0116, 121.9473
174.4937, 111.4160
174.9758, 102.7949
175.4579, 94.95703
175.9401, 87.00195
176.4222, 79.74219
176.9043, 75.08398
177.3864, 74.23633
177.8685, 74.15039
178.3506, 69.53516
178.8328, 57.95312
179.3149, 50.64062
179.7970, 54.12305
180.2791, 62.80469
180.7612, 71.76758
181.2433, 79.39648
181.7255, 86.30273
182.2076, 94.57422
182.6897, 108.0059
183.1718, 114.9453
183.6539, 106.3066
184.1360, 93.67578
184.6181, 90.57617
185.1003, 104.0371
185.5824, 127.8359
186.0645, 139.6191
186.5466, 125.7500
187.0287, 115.6621
187.5108, 115.8574
187.9930, 121.3398
188.4751, 125.8379
188.9572, 126.0020
189.4393, 122.4980
189.9214, 118.2832
190.4035, 112.4492
190.8857, 107.0020
191.3678, 100.8359
191.8499, 95.54883
192.3320, 95.23438
192.8141, 103.5742
193.2962, 118.0781
193.7784, 118.2949
194.2605, 91.95508
194.7426, 68.00195
195.2247, 56.11914
195.7068, 54.50391
196.1889, 57.37891
196.6711, 61.94336
197.1532, 67.99805
197.6353, 74.28711
198.1174, 80.58789
198.5995, 87.14844
199.0816, 98.77539
199.5638, 113.3926
200.0459, 115.7793
200.5280, 88.27539
201.0101, 44.52930
201.4922, 25.25195
201.9743, 48.97461
202.4565, 80.23438
202.9386, 87.60742
203.4207, 70.55664
203.9028, 51.83398
204.3849, 40.16211
204.8670, 36.04688
205.3492, 42.21484
205.8313, 65.88672
206.3134, 91.39258
206.7955, 96.82422
207.2776, 77.87500
207.7597, 58.92578
208.2419, 50.68555
208.7240, 48.22070
209.2061, 47.78711
209.6882, 48.41211
210.1703, 49.93555
210.6524, 52.38672
211.1346, 56.29883
211.6167, 59.54688
212.0988, 60.72656
212.5809, 61.21484
213.0630, 61.98047
213.5451, 63.25586
214.0273, 65.63867
214.5094, 71.32031
214.9915, 84.36133
215.4736, 93.08984
215.9557, 94.23047
216.4378, 91.29492
216.9200, 87.31055
217.4021, 83.61523
217.8842, 80.32812
218.3663, 77.87891
218.8484, 76.69922
219.3305, 75.97852
219.8127, 76.99414
220.2948, 77.88672
220.7769, 76.38281
221.2590, 71.44336
221.7411, 64.29492
222.2232, 58.50391
222.7054, 52.12109
223.1875, 49.93750
223.6696, 55.38281
224.1517, 64.01562
224.6338, 70.56641
225.1159, 72.66992
225.5980, 72.08984
226.0802, 73.95508
226.5623, 83.71875
227.0444, 90.10156
227.5265, 88.60547
228.0086, 82.81641
228.4907, 78.81641
228.9729, 79.13867
229.4550, 81.78906
229.9371, 81.66797
230.4192, 78.05859
230.9013, 73.09766
231.3834, 64.67773
231.8656, 55.62695
232.3477, 50.28320
232.8298, 50.45312
233.3119, 54.46094
233.7940, 59.53516
234.2761, 67.03516
234.7583, 72.11328
235.2404, 71.15039
235.7225, 67.54492
236.2046, 67.72852
236.6867, 74.38672
237.1688, 83.14453
237.6510, 85.47070
238.1331, 80.47070
238.6152, 77.61719
239.0973, 84.53320
239.5794, 94.82422
240.0615, 92.67773
240.5437, 69.05078
241.0258, 42.29297
241.5079, 40.12500
241.9900, 62.06641
242.4721, 81.16211
242.9542, 83.51367
243.4364, 74.25000
243.9185, 66.03711
244.4006, 61.66016
244.8827, 59.61328
245.3648, 57.95508
245.8469, 56.11914
246.3290, 54.45898
246.8112, 52.08984
247.2933, 49.72852
247.7754, 49.95898
248.2575, 55.06641
248.7396, 59.38281
249.2217, 57.62891
249.7039, 51.28125
250.1860, 45.35352
250.6681, 43.88672
251.1502, 45.20703
251.6323, 42.23633
252.1144, 31.01367
252.5966, 21.61328
253.0787, 21.37695
253.5608, 27.22852
254.0429, 32.18750
254.5250, 32.20898
255.0071, 28.33594
255.4893, 24.13086
255.9714, 18.75586
256.4535, 14.72656
256.9356, 11.58984
257.4177, 10.47656
257.8998, 14.09570
258.3820, 26.75000
258.8641, 43.90430
259.3462, 47.98633
259.8283, 28.36523
260.3104, 13.00391
260.7925, 12.66113
261.2747, 20.67480
261.7568, 28.57617
262.2389, 32.31641
262.7210, 33.06543
263.2031, 34.48242
263.6852, 38.42578
264.1674, 39.53809
264.6495, 35.95801
265.1316, 29.74609
265.6137, 21.81250
266.0958, 12.30664
266.5779, 4.079102
267.0601, 5.091797
267.5422, 23.20410
268.0243, 36.63672
268.5064, 40.86426
268.9885, 40.64062
269.4706, 40.55957
269.9528, 42.16797
270.4349, 43.04785
270.9170, 37.54004
271.3991, 19.18262
271.8812, 7.514648
272.3633, 6.247070
272.8455, 9.427734
273.3276, 12.96582
273.8097, 15.69336
274.2918, 18.76660
274.7739, 24.84961
275.2560, 39.26465
275.7382, 44.70312
276.2202, 33.73438
276.7024, 21.22949
277.1845, 16.66309
277.6666, 21.12402
278.1487, 29.42188
278.6308, 35.78711
279.1129, 40.58984
279.5951, 41.49023
280.0772, 33.15723
280.5593, 26.03027
281.0414, 27.91211
281.5235, 37.22852
282.0056, 45.84473
282.4878, 46.05566
282.9699, 37.04492
283.4520, 24.66992
283.9341, 1.177734
284.4162, 20.25000
284.8983, 19.51172
285.3805, 4.122070
285.8626, 11.30371
286.3447, 15.34570
286.8268, 8.303711
287.3089, 3.619141
287.7910, 0.5097660
288.2732, 0.4667970
288.7553, 6.340820
289.2374, 15.55176
289.7195, 23.94727
290.2016, 29.24121
290.6837, 31.20020
291.1659, 28.08594
291.6480, 13.82617
292.1301, 1.513672
292.6122, 8.302734
293.0943, 14.60547
293.5764, 14.51758
294.0586, 6.507813
294.5407, 5.246094
295.0228, 9.354492
295.5049, 5.850586
295.9870, 14.56250
296.4691, 12.17285
296.9513, 4.371094
297.4334, 4.354492
297.9155, 12.31543
298.3976, 17.60156
298.8797, 16.48340
299.3618, 2.451172
299.8440, 5.645508
300.3261, 1.828125
300.8082, 4.132813
301.2903, 1.700195
301.7724, 10.01855
302.2545, 20.45508
302.7367, 16.48047
303.2188, 7.161133
303.7009, 25.64746
304.1830, 40.16699
304.6651, 49.19238
305.1472, 49.71387
305.6294, 42.77148
306.1115, 33.89258
306.5936, 27.73828
307.0757, 24.38867
307.5578, 22.22461
308.0399, 20.55762
308.5221, 20.50391
309.0042, 24.02441
309.4863, 30.04297
309.9684, 37.14160
310.4505, 44.29102
310.9326, 49.32812
311.4148, 47.30078
311.8969, 29.50000
312.3790, 16.33203
312.8611, 16.72949
313.3432, 24.31055
313.8253, 27.49512
314.3075, 20.64551
314.7896, 9.280273
315.2717, 7.767578
315.7538, 28.12988
316.2359, 41.10645
316.7180, 40.58691
317.2001, 33.33203
317.6823, 24.90039
318.1644, 17.13379
318.6465, 12.41016
319.1286, 14.67090
319.6107, 28.11621
320.0928, 38.83789
320.5750, 45.38379
321.0571, 50.10938
321.5392, 55.07910
322.0213, 60.30273
322.5034, 63.99023
322.9855, 64.16113
323.4677, 60.07520
323.9498, 56.62695
324.4319, 53.05566
324.9140, 50.16113
325.3961, 48.58887
325.8782, 48.80566
326.3604, 51.93164
326.8425, 59.41797
327.3246, 70.57617
327.8067, 76.39746
328.2888, 76.21387
328.7709, 72.14258
329.2531, 60.14453
329.7352, 45.63477
330.2173, 37.94434
330.6994, 41.79102
331.1815, 52.90820
331.6636, 59.63281
332.1458, 59.76172
332.6279, 58.91602
333.1100, 56.85156
333.5921, 53.46875
334.0742, 46.30371
334.5563, 34.98242
335.0385, 25.76074
335.5206, 28.84766
336.0027, 52.44824
336.4848, 67.30273
336.9669, 68.58496
337.4490, 65.75977
337.9312, 63.01562
338.4133, 61.61328
338.8954, 63.15332
339.3775, 70.10449
339.8596, 83.68652
340.3417, 87.04297
340.8239, 69.28027
341.3060, 53.93750
341.7881, 49.81641
342.2702, 53.74805
342.7523, 61.08594
343.2344, 69.48242
343.7166, 77.59961
344.1987, 81.19727
344.6808, 72.61719
345.1629, 68.10938
345.6450, 73.11230
346.1271, 81.39648
346.6093, 86.55176
347.0914, 86.17969
347.5735, 81.32812
348.0556, 73.84863
348.5377, 62.11035
349.0198, 50.64355
349.5020, 37.09863
349.9841, 25.60449
350.4662, 19.83301
350.9483, 19.66406
351.4304, 21.53711
351.9125, 21.38965
352.3947, 18.23145
352.8768, 19.09570
353.3589, 30.38672
353.8410, 38.76562
354.3231, 36.96289
354.8052, 29.23730
355.2874, 24.99707
355.7695, 31.49902
356.2516, 45.71094
356.7337, 50.01660
357.2158, 32.94141
357.6979, 21.05957
358.1800, 24.78418
358.6621, 33.92285
359.1443, 36.07324
359.6264, 26.11719
360.1085, 11.52051
360.5906, 7.843750
361.0727, 22.60840
361.5548, 29.79297
362.0370, 17.13965
362.5191, 4.037109
363.0012, 5.434570
363.4833, 20.85156
363.9654, 36.15918
364.4475, 34.45801
364.9297, 14.16797
365.4118, 3.508789
365.8939, 13.37891
366.3760, 21.11914
366.8581, 11.54102
367.3402, 6.697266
367.8224, 14.60059
368.3045, 2.356445
368.7866, 34.45312
369.2687, 52.32910
369.7508, 50.75781
370.2329, 46.11621
370.7151, 42.40430
371.1972, 39.45410
371.6793, 37.49414
372.1614, 36.87402
372.6435, 35.80664
373.1256, 30.39844
373.6078, 20.01172
374.0899, 15.48535
374.5720, 25.41895
375.0541, 36.39453
375.5362, 37.72852
376.0183, 29.90430
376.5005, 21.23145
376.9826, 16.18750
377.4647, 14.42578
377.9468, 14.69238
378.4289, 16.73145
378.9110, 21.04980
379.3932, 33.64844
379.8753, 48.28711
380.3574, 51.44727
380.8395, 30.97754
381.3216, 4.426758
381.8037, 4.954102
382.2859, 3.159180
382.7680, 10.72949
383.2501, 9.799805
383.7322, 3.889648
384.2143, 1.382813
384.6964, 6.098633
385.1786, 8.992188
385.6607, 8.313477
386.1428, 5.032227
386.6249, 1.645508
387.1070, 1.515625
387.5891, 4.263672
388.0713, 7.240234
388.5534, 10.40527
389.0355, 9.859375
389.5176, 0.8125000
389.9997, 9.796875
390.4818, 16.10449
390.9640, 17.67480
391.4461, 13.65820
391.9282, 1.050781
392.4103, 17.34180
392.8924, 26.96387
393.3745, 17.48730
393.8567, 11.14941
394.3388, 20.20215
394.8209, 38.03711
395.3030, 51.58398
395.7851, 55.74121
396.2672, 55.09961
396.7494, 58.21777
397.2315, 68.77539
397.7136, 73.63379
398.1957, 67.27246
398.6778, 58.16895
399.1599, 53.57812
399.6420, 53.91797
400.1241, 54.64844
400.6063, 51.19434
401.0884, 43.26074
401.5705, 41.98535
402.0526, 53.71094
402.5347, 64.31641
403.0168, 70.28320
403.4990, 72.29102
403.9811, 71.44238
404.4632, 68.32715
404.9453, 63.82422
405.4274, 60.12207
405.9095, 58.97949
406.3917, 55.89844
406.8738, 47.70605
407.3559, 40.01367
407.8380, 36.23340
408.3201, 37.00879
408.8022, 41.63770
409.2844, 50.41992
409.7665, 63.76562
410.2486, 73.02246
410.7307, 74.42188
411.2128, 75.28223
411.6949, 79.24512
412.1771, 83.69922
412.6592, 83.96484
413.1413, 77.25098
413.6234, 66.66699
414.1055, 57.97168
414.5876, 49.78906
415.0698, 47.62500
415.5519, 62.25391
416.0340, 77.12207
416.5161, 78.13086
416.9982, 64.52930
417.4803, 51.52930
417.9625, 54.09375
418.4446, 69.66992
418.9267, 80.70996
419.4088, 85.05859
419.8909, 86.36816
420.3730, 85.56836
420.8552, 83.74707
421.3373, 82.79688
421.8194, 83.37695
422.3015, 84.79688
422.7836, 87.34473
423.2657, 90.78223
423.7479, 90.92285
424.2300, 83.65234
424.7121, 73.82031
425.1942, 67.82129
425.6763, 66.09668
426.1584, 68.79883
426.6406, 78.35156
427.1227, 90.05273
427.6048, 95.24316
428.0869, 92.12500
428.5690, 87.88574
429.0511, 89.95020
429.5333, 98.17188
430.0154, 101.0654
430.4975, 91.15918
430.9796, 82.89160
431.4617, 88.03516
431.9438, 101.4590
432.4260, 108.9834
432.9081, 103.4395
433.3902, 90.04395
433.8723, 81.03711
434.3544, 76.85254
434.8365, 76.64844
435.3187, 83.02051
435.8008, 91.50488
436.2829, 100.0801
436.7650, 107.5166
437.2471, 111.1846
437.7292, 108.1631
438.2114, 98.19043
438.6935, 89.98730
439.1756, 82.34473
439.6577, 77.22461
440.1398, 78.56152
440.6219, 82.77441
441.1040, 85.76953
441.5862, 85.81934
442.0683, 83.08203
442.5504, 76.94727
443.0325, 64.75098
443.5146, 58.42676
443.9967, 65.90430
444.4789, 73.53906
444.9610, 72.82031
445.4431, 65.18652
445.9252, 58.23730
446.4073, 58.18066
446.8894, 62.94238
447.3716, 63.66113
447.8537, 56.87012
448.3358, 53.60059
448.8179, 64.35059
449.3000, 79.16699
449.7821, 86.07520
450.2643, 80.38477
450.7464, 74.60059
451.2285, 83.82422
451.7106, 103.9268
452.1927, 113.4785
452.6748, 103.2422
453.1570, 88.90723
453.6391, 89.83887
454.1212, 102.4424
454.6033, 109.8887
455.0854, 103.1846
455.5675, 93.53223
456.0497, 92.00098
456.5318, 97.48926
457.0139, 100.7207
457.4960, 95.52148
457.9781, 86.93555
458.4602, 90.45020
458.9424, 117.1240
459.4245, 131.1914
459.9066, 113.6797
460.3887, 87.71875
460.8708, 79.22852
461.3529, 90.89551
461.8351, 105.7256
462.3172, 106.8486
462.7993, 93.29785
463.2814, 87.90430
463.7635, 100.1904
464.2456, 109.2881
464.7278, 108.2676
465.2099, 101.7520
465.6920, 95.44336
466.1741, 91.06738
466.6562, 87.84082
467.1383, 84.75488
467.6205, 81.30469
468.1026, 80.09570
468.5847, 83.38086
469.0668, 86.81934
469.5489, 87.79688
470.0310, 87.10742
470.5132, 87.41699
470.9953, 90.78906
471.4774, 95.89160
471.9595, 99.72559
472.4416, 102.7998
472.9237, 103.2012
473.4059, 96.01660
473.8880, 88.35352
474.3701, 89.67090
474.8522, 101.6006
475.3343, 107.2314
475.8164, 86.36230
476.2986, 51.50488
476.7807, 35.20898
477.2628, 43.89258
477.7449, 56.03809
478.2270, 54.87500
478.7091, 43.62598
479.1913, 36.97656
479.6734, 36.67578
480.1555, 39.89844
480.6376, 48.88086
481.1197, 59.93555
481.6018, 63.75098
482.0839, 56.85742
482.5660, 47.50488
483.0482, 48.15625
483.5303, 64.23535
484.0124, 69.97461
484.4945, 52.64648
484.9766, 37.57812
485.4587, 42.76074
485.9409, 61.28613
486.4230, 74.61230
486.9051, 72.14746
487.3872, 58.86523
487.8693, 48.99414
488.3514, 42.88281
488.8336, 39.65527
489.3157, 42.01758
489.7978, 44.67969
490.2799, 43.50391
490.7620, 38.92871
491.2441, 34.85547
491.7263, 35.36328
492.2084, 39.00098
492.6905, 37.72168
493.1726, 28.76270
493.6547, 21.80371
494.1368, 23.21875
494.6190, 27.62305
495.1011, 29.12695
495.5832, 26.25488
496.0653, 24.26074
496.5474, 29.60059
497.0295, 39.06250
497.5117, 42.48730
497.9938, 37.49414
498.4759, 29.71484
498.9580, 22.81543
499.4401, 16.67871
499.9222, 10.87598
500.4044, 1.776367
500.8865, 3.416992
501.3686, 2.542969
501.8507, 14.59668
502.3328, 21.76465
502.8149, 20.23438
503.2971, 15.27734
503.7792, 14.78223
504.2613, 21.37793
504.7434, 22.58594
505.2255, 11.76855
505.7076, 2.833984
506.1898, 2.898438
506.6719, 9.970703
507.1540, 21.11816
507.6361, 35.33008
508.1182, 47.40234
508.6003, 42.67676
509.0825, 10.55078
509.5646, 9.931641
510.0467, 8.949219
510.5288, 0.6005860
511.0109, 12.87012
511.4930, 27.95312
511.9752, 35.56543
512.4573, 25.01953
512.9394, 6.383789
513.4215, 6.170898
513.9036, 28.30664
514.3857, 43.51562
514.8679, 35.89551
515.3500, 18.92676
515.8321, 10.84863
516.3142, 13.02148
516.7963, 14.56543
517.2784, 9.870117
517.7606, 2.196289
518.2427, 5.213867
518.7248, 11.81738
519.2069, 14.62500
519.6890, 10.86914
520.1711, 1.966797
520.6533, 5.043945
521.1354, 13.28711
521.6175, 15.92188
522.0996, 6.207031
522.5817, 6.436523
523.0638, 11.70215
523.5460, 8.472656
524.0281, 3.525391
524.5102, 3.900391
524.9923, 9.287109
525.4744, 7.585938
525.9565, 11.48340
526.4387, 24.13184
526.9208, 21.20410
527.4029, 12.14551
527.8850, 7.278320
528.3671, 9.103516
528.8492, 11.92383
529.3314, 7.889648
529.8135, 1.712891
530.2956, 2.723633
530.7777, 10.88379
531.2598, 22.26562
531.7419, 15.80957
532.2241, 1.315430
532.7062, 4.965820
533.1883, 3.500977
533.6704, 13.28125
534.1525, 15.04102
534.6346, 11.24219
535.1168, 6.682617
535.5989, 2.146484
536.0810, 0.1113280
536.5631, 4.087891
537.0452, 14.42676
537.5273, 20.37402
538.0095, 20.52344
538.4916, 18.28223
538.9737, 9.884766
539.4558, 1.528320
539.9379, 4.251953
540.4200, 20.97852
540.9022, 41.72754
541.3843, 52.78418
541.8664, 52.97363
542.3485, 50.43457
542.8306, 41.12695
543.3127, 33.61816
543.7948, 31.29199
544.2769, 32.37598
544.7590, 34.15234
545.2411, 35.63965
545.7233, 37.47754
546.2054, 39.63672
546.6875, 42.32812
547.1696, 50.58789
547.6517, 70.27148
548.1339, 85.87402
548.6160, 76.94043
549.0981, 52.57520
549.5802, 38.58203
550.0623, 43.52051
550.5444, 56.03906
551.0266, 75.15039
551.5087, 95.79004
551.9908, 105.1035
552.4729, 98.92676
552.9550, 85.98145
553.4371, 76.46680
553.9193, 70.48535
554.4014, 67.73340
554.8835, 70.81348
555.3656, 73.88379
555.8477, 73.78711
556.3298, 72.73047
556.8120, 74.57422
557.2941, 80.60938
557.7762, 88.19629
558.2583, 94.13574
558.7404, 98.42773
559.2225, 99.47168
559.7047, 94.52930
560.1868, 89.19824
560.6689, 83.06738
561.1510, 78.93555
561.6331, 83.68652
562.1152, 103.9883
562.5974, 120.4824
563.0795, 109.6357
563.5616, 79.26074
564.0437, 57.20898
564.5258, 48.86621
565.0079, 49.91406
565.4901, 59.32227
565.9722, 76.47168
566.4543, 87.50195
566.9364, 90.40332
567.4185, 89.13379
567.9006, 82.78223
568.3828, 75.71387
568.8649, 73.75781
569.3470, 78.15332
569.8291, 83.82031
570.3112, 84.94824
570.7933, 81.29785
571.2755, 77.29785
571.7576, 73.42969
572.2397, 68.38086
572.7218, 57.62402
573.2039, 47.55664
573.6860, 47.78027
574.1682, 60.23438
574.6503, 71.92285
575.1324, 66.56934
575.6145, 49.11621
576.0966, 42.26562
576.5787, 49.21875
577.0609, 59.73828
577.5430, 72.45117
578.0251, 83.35547
578.5072, 81.51758
578.9893, 58.85938
579.4714, 40.90332
579.9536, 44.13672
580.4357, 53.56934
580.9178, 48.87500
581.3999, 29.84277
581.8820, 12.06250
582.3641, 7.244141
582.8463, 13.04492
583.3284, 17.70020
583.8105, 22.24121
584.2926, 24.42188
584.7747, 21.43359
585.2568, 18.26758
585.7390, 20.43359
586.2211, 27.70508
586.7032, 31.97852
587.1853, 25.48242
587.6674, 13.37207
588.1495, 10.15137
588.6317, 17.96680
589.1138, 24.40918
589.5959, 24.13184
590.0780, 21.50684
590.5601, 22.73828
591.0422, 28.20703
591.5244, 29.99316
592.0065, 19.32520
592.4886, 8.969727
592.9707, 13.79785
593.4528, 29.62305
593.9349, 40.15527
594.4171, 37.82031
594.8992, 30.02637
595.3813, 29.80273
595.8634, 40.03027
596.3455, 49.42676
596.8276, 64.24414
597.3098, 71.84180
597.7919, 61.83301
598.2740, 42.30664
598.7561, 26.09668
599.2382, 18.48633
599.7203, 16.76660
600.2025, 19.04883
600.6846, 25.16895
601.1667, 27.73926
601.6488, 23.83105
602.1309, 20.94238
602.6130, 27.69629
603.0952, 38.79980
603.5773, 42.76367
604.0594, 34.10742
604.5415, 26.02051
605.0236, 28.53125
605.5057, 34.64453
605.9879, 30.42871
606.4700, 15.02441
606.9521, 4.090820
607.4342, 11.87695
607.9163, 35.14355
608.3984, 49.52246
608.8806, 45.43848
609.3627, 45.06543
609.8448, 54.34277
610.3269, 64.75098
610.8090, 68.65918
611.2911, 66.67871
611.7733, 65.43750
612.2554, 70.81543
612.7375, 78.90332
613.2196, 79.74707
613.7017, 72.64746
614.1838, 65.29590
614.6660, 59.24316
615.1481, 54.83105
615.6302, 53.70898
616.1123, 55.77246
616.5944, 55.00781
617.0765, 48.22656
617.5587, 39.70117
618.0408, 30.26074
618.5229, 21.76953
619.0050, 19.38281
619.4871, 24.74902
619.9692, 30.54199
620.4514, 25.15234
620.9335, 5.031250
621.4156, 0.2255860
621.8977, 30.10352
622.3798, 52.52832
622.8619, 52.14551
623.3441, 41.07520
623.8262, 31.96875
624.3083, 28.03809
624.7904, 28.74805
625.2725, 36.83887
625.7546, 48.96387
626.2367, 55.68945
626.7188, 56.31250
627.2009, 54.66504
627.6830, 52.18359
628.1652, 48.85840
628.6473, 45.47266
629.1294, 42.25293
629.6115, 38.56445
630.0936, 35.39648
630.5757, 30.73730
631.0579, 19.05664
631.5400, 4.640625
632.0221, 0.9248050
632.5042, 8.338867
632.9863, 25.12305
633.4684, 36.82910
633.9506, 43.41406
634.4327, 44.76270
634.9148, 36.14453
635.3969, 28.20801
635.8790, 26.27930
636.3611, 28.43945
636.8433, 31.57910
637.3254, 35.16602
637.8075, 38.88965
638.2896, 43.22656
638.7717, 47.28027
639.2538, 49.74805
639.7360, 50.51172
640.2181, 49.00586
640.7002, 43.04980
641.1823, 33.38379
641.6644, 25.87598
642.1465, 26.08594
642.6287, 21.01758
643.1108, 1.856445
643.5929, 15.03613
644.0750, 15.63867
644.5571, 4.231445
645.0392, 4.574219
645.5214, 2.191406
646.0035, 5.198242
646.4856, 7.185547
646.9677, 3.782227
647.4498, 0.6123050
647.9319, 1.143555
648.4141, 2.908203
648.8962, 6.531250
649.3783, 11.11426
649.8604, 13.33789
650.3425, 9.189453
650.8246, 7.580078
651.3068, 14.46973
651.7889, 24.43555
652.2710, 31.54102
652.7531, 34.64453
653.2352, 34.59668
653.7173, 31.87695
654.1995, 26.82520
654.6816, 19.42480
655.1637, 4.541992
655.6458, 0.1337890
656.1279, 21.51953
656.6100, 42.98828
657.0922, 46.77344
657.5743, 36.98633
658.0564, 30.24219
658.5385, 36.07520
659.0206, 43.00977
659.5027, 37.64258
659.9849, 24.59180
660.4670, 17.90332
660.9491, 20.97168
661.4312, 25.08008
661.9133, 21.70898
662.3954, 11.73438
662.8776, 7.320313
663.3597, 14.00879
663.8418, 19.11328
664.3239, 21.86914
664.8060, 22.40723
665.2881, 18.52832
665.7703, 12.14746
666.2524, 10.41602
666.7345, 20.54688
667.2166, 33.78027
667.6987, 31.22168
668.1808, 13.47266
668.6630, 1.661133
669.1451, 1.924805
669.6272, 6.705078
670.1093, 9.532227
670.5914, 10.48633
671.0735, 11.53223
671.5557, 14.86035
672.0378, 15.40039
672.5199, 8.282227
673.0020, 0.6250000
673.4841, 5.955078
673.9662, 6.375977
674.4484, 1.114258
674.9305, 12.07812
675.4126, 28.74023
675.8947, 32.61914
676.3768, 20.35254
676.8589, 10.74512
677.3411, 7.933594
677.8232, 8.936523
678.3053, 11.24707
678.7874, 14.90625
679.2695, 19.12109
679.7516, 26.34570
680.2338, 31.63770
680.7159, 28.89551
681.1980, 22.31152
681.6801, 19.29492
682.1622, 21.06348
682.6443, 24.63965
683.1265, 28.10352
683.6086, 30.61328
684.0907, 26.95703
684.5728, 9.391602
685.0549, 2.433594
685.5370, 21.85938
686.0192, 41.64160
686.5013, 44.99219
686.9834, 36.16504
687.4655, 29.87988
687.9476, 33.78027
688.4297, 38.00391
688.9119, 29.26562
689.3940, 15.00391
689.8761, 15.06934
690.3582, 32.64355
690.8403, 51.15137
691.3224, 58.05859
691.8046, 55.36621
692.2867, 52.55176
692.7688, 51.84375
693.2509, 47.55176
693.7330, 36.49023
694.2151, 25.07129
694.6973, 15.92676
695.1794, 9.627930
695.6615, 7.427734
696.1436, 11.08398
696.6257, 14.61914
697.1078, 6.896484
697.5900, 6.853516
698.0721, 5.680664
698.5542, 14.27832
699.0363, 35.33008
699.5184, 46.11621
700.0005, 48.55762
700.4827, 49.05566
700.9648, 47.45117
701.4469, 43.21094
701.9290, 34.65039
702.4111, 27.48047
702.8932, 24.12793
703.3754, 23.74023
703.8575, 24.13574
704.3396, 24.70312
704.8217, 26.79004
705.3038, 33.26562
705.7859, 42.61426
706.2681, 47.42480
706.7502, 47.01270
707.2323, 45.46094
707.7144, 44.91895
708.1965, 45.21777
708.6786, 45.24414
709.1607, 44.66895
709.6428, 44.83105
710.1249, 47.80176
710.6071, 49.50684
711.0892, 47.53418
711.5713, 42.85742
712.0534, 36.23242
712.5355, 27.72266
713.0176, 21.23926
713.4998, 23.83203
713.9819, 33.84570
714.4640, 38.86328
714.9461, 38.35156
715.4282, 35.55859
715.9103, 30.69922
716.3925, 25.65234
716.8746, 23.17285
717.3567, 23.32715
717.8388, 25.01270
718.3209, 32.41504
718.8030, 36.62012
719.2852, 28.76953
719.7673, 17.20312
720.2494, 14.42871
720.7315, 22.50586
721.2136, 32.47949
721.6957, 36.52344
722.1779, 35.52539
722.6600, 31.87109
723.1421, 24.84668
723.6242, 21.56543
724.1063, 25.47852
724.5884, 31.59375
725.0706, 33.95312
725.5527, 33.03906
726.0348, 35.54980
726.5169, 49.41797
726.9990, 57.45312
727.4811, 49.67188
727.9633, 35.90820
728.4454, 25.17578
728.9275, 19.27148
729.4096, 17.92383
729.8917, 21.88672
730.3738, 28.17383
730.8560, 29.43457
731.3381, 25.34180
731.8202, 24.27637
732.3023, 30.24316
732.7844, 33.96875
733.2665, 26.92383
733.7487, 11.86230
734.2308, 0.2617190
734.7129, 11.77637
735.1950, 15.89648
735.6771, 2.565430
736.1592, 11.37793
736.6414, 10.01953
737.1235, 1.758789
737.6056, 9.420898
738.0877, 6.472656
738.5698, 1.708984
739.0519, 9.081055
739.5341, 15.36035
740.0162, 17.56738
740.4983, 14.49512
740.9804, 12.28418
741.4625, 14.51074
741.9446, 18.76172
742.4268, 20.25879
742.9089, 18.13281
743.3910, 17.68359
743.8731, 19.65137
744.3552, 22.55273
744.8373, 28.20898
745.3195, 33.26074
745.8016, 31.10645
746.2837, 21.38672
746.7658, 13.89648
747.2479, 20.19043
747.7300, 33.78809
748.2122, 34.35547
748.6943, 21.57910
749.1764, 15.66699
749.6585, 24.45898
750.1406, 36.40625
750.6227, 39.81836
751.1049, 34.92480
751.5870, 30.84863
752.0691, 28.66504
752.5512, 25.72656
753.0333, 20.24023
753.5154, 14.72168
753.9976, 9.415039
754.4797, 5.937500
754.9618, 9.531250
755.4439, 24.68750
755.9260, 39.33008
756.4081, 31.71875
756.8903, 8.246094
757.3724, 0.3886720
757.8545, 12.77441
758.3366, 25.74316
758.8187, 27.12891
759.3008, 21.10352
759.7830, 18.04590
760.2651, 20.06543
760.7472, 20.05566
761.2293, 15.18848
761.7114, 11.75977
762.1935, 15.77148
762.6757, 21.26855
763.1578, 18.19336
763.6399, 4.774414
764.1220, 6.170898
764.6041, 3.354492
765.0862, 6.291016
765.5684, 13.59375
766.0505, 18.32129
766.5326, 20.35352
767.0147, 19.60254
767.4968, 16.64355
767.9789, 11.90234
768.4611, 5.365234
768.9432, 0.6669920
769.4253, 9.085938
769.9074, 12.17676
770.3895, 6.082031
770.8716, 2.902344
771.3538, 12.67383
771.8359, 21.97949
772.3180, 27.86426
772.8001, 28.91211
773.2822, 27.30273
773.7643, 22.55762
774.2465, 17.09570
774.7286, 14.66992
775.2107, 15.33887
775.6928, 17.37109
776.1749, 19.93457
776.6570, 22.21680
777.1392, 22.67090
777.6213, 21.38184
778.1034, 17.18750
778.5855, 6.450195
779.0676, 0.2685550
779.5497, 8.271484
780.0319, 20.66602
780.5140, 23.93848
780.9961, 17.07617
781.4782, 12.15625
781.9603, 12.46777
782.4424, 15.07031
782.9246, 19.00781
783.4067, 23.68066
783.8888, 30.56641
784.3709, 38.47949
784.8530, 39.41797
785.3351, 24.06543
785.8173, 2.048828
786.2994, 0.1162110
786.7815, 18.33496
787.2636, 32.08594
787.7457, 36.86230
788.2278, 36.93359
788.7100, 34.78906
789.1921, 30.66602
789.6742, 25.40039
790.1563, 14.77832
790.6384, 10.93848
791.1205, 20.32422
791.6026, 30.83789
792.0847, 35.36230
792.5668, 35.86816
793.0490, 38.60645
793.5311, 46.31641
794.0132, 51.42383
794.4953, 45.28613
794.9774, 32.96191
795.4595, 22.82324
795.9417, 15.77441
796.4238, 12.71973
796.9059, 13.49707
797.3880, 16.61523
797.8701, 20.60840
798.3522, 25.37695
798.8344, 31.96289
799.3165, 43.85840
799.7986, 50.61230
800.2807, 45.19141
800.7628, 38.62793
801.2449, 40.01855
801.7271, 45.38379
802.2092, 42.11914
802.6913, 21.31641
803.1734, 6.871094
803.6555, 16.28418
804.1376, 34.70508
804.6198, 49.47070
805.1019, 58.74121
805.5840, 60.81738
806.0661, 55.11426
806.5482, 47.91504
807.0303, 49.17773
807.5125, 57.64551
807.9946, 59.20801
808.4767, 53.04102
808.9588, 43.69727
809.4409, 29.95410
809.9230, 18.25098
810.4052, 17.26270
810.8873, 27.03223
811.3694, 32.92480
811.8515, 33.68359
812.3336, 32.26172
812.8157, 25.17871
813.2979, 19.58691
813.7800, 21.43262
814.2621, 29.70605
814.7442, 41.51855
815.2263, 57.68945
815.7084, 70.44141
816.1906, 68.90430
816.6727, 59.00098
817.1548, 51.43066
817.6369, 47.34570
818.1190, 48.83984
818.6011, 57.38477
819.0833, 66.94629
819.5654, 68.54785
820.0475, 61.78418
820.5296, 60.90430
821.0117, 70.23828
821.4938, 76.22754
821.9760, 73.82422
822.4581, 67.82422
822.9402, 59.28516
823.4223, 49.49609
823.9044, 45.86523
824.3865, 56.75000
824.8687, 63.22656
825.3508, 50.21875
825.8329, 35.50000
826.3150, 40.60352
826.7971, 59.33105
827.2792, 69.80176
827.7614, 62.80664
828.2435, 50.62598
828.7256, 48.22070
829.2077, 52.29297
829.6898, 51.02734
830.1719, 44.15723
830.6541, 37.71680
831.1362, 34.11523
831.6183, 31.04590
832.1004, 25.54492
832.5825, 17.69141
833.0646, 10.57324
833.5468, 1.705078
834.0289, 2.255859
834.5110, 3.009766
834.9931, 9.865234
835.4752, 14.27441
835.9573, 16.36621
836.4395, 16.68164
836.9216, 14.31738
837.4037, 14.07910
837.8858, 22.01172
838.3679, 30.50098
838.8500, 31.17383
839.3322, 25.66211
839.8143, 17.28125
840.2964, 7.964844
840.7785, 4.383789
841.2606, 17.73340
841.7427, 41.39844
842.2249, 47.23926
842.7070, 34.42578
843.1891, 22.20508
843.6712, 13.92383
844.1533, 12.09473
844.6354, 20.95801
845.1176, 37.13477
845.5997, 44.58984
846.0818, 34.31934
846.5639, 29.42383
847.0460, 35.90234
847.5281, 41.26660
848.0103, 39.42090
848.4924, 32.70215
848.9745, 23.09180
849.4566, 11.04688
849.9387, 4.638672
850.4208, 13.38965
850.9030, 24.77832
851.3851, 27.91602
851.8672, 25.06934
852.3493, 19.38672
852.8314, 12.59277
853.3135, 8.361328
853.7957, 9.682617
854.2778, 14.94238
854.7599, 22.73242
855.2420, 32.87012
855.7241, 33.09863
856.2062, 19.94531
856.6884, 7.130859
857.1705, 1.223633
857.6526, 1.361328
858.1347, 6.794922
858.6168, 19.51660
859.0989, 27.68555
859.5811, 25.74023
860.0632, 26.47266
860.5453, 37.84570
861.0274, 49.17578
861.5095, 48.20703
861.9916, 37.69824
862.4738, 33.68164
862.9559, 47.88672
863.4380, 57.81055
863.9201, 42.67383
864.4022, 19.53320
864.8843, 8.659180
865.3665, 9.317383
865.8486, 13.74805
866.3307, 18.47949
866.8128, 21.47363
867.2949, 18.10449
867.7770, 23.08691
868.2592, 13.24805
868.7413, 25.36133
869.2234, 31.89941
869.7055, 28.18750
870.1876, 18.86328
870.6697, 6.151367
871.1519, 7.883789
871.6340, 10.69141
872.1161, 5.639648
872.5981, 17.89355
873.0803, 21.08691
873.5624, 24.16797
874.0445, 36.10645
874.5266, 47.63672
875.0087, 41.55273
875.4908, 14.36621
875.9730, 3.378906
876.4551, 6.796875
876.9372, 20.92285
877.4193, 26.27539
877.9014, 25.56055
878.3835, 20.56445
878.8657, 13.37305
879.3478, 8.704102
879.8299, 10.02734
880.3120, 12.73145
880.7941, 7.545898
881.2762, 1.256836
881.7584, 3.392578
882.2405, 21.32031
882.7226, 31.73438
883.2047, 24.48145
883.6868, 13.48828
884.1689, 19.08203
884.6511, 40.42969
885.1332, 49.91992
885.6153, 43.73535
886.0974, 35.69141
886.5795, 26.11426
887.0616, 18.41016
887.5438, 15.86719
888.0259, 17.02832
888.5080, 17.51953
888.9901, 16.62012
889.4722, 16.45020
889.9543, 16.66211
890.4365, 18.22852
890.9186, 22.36328
891.4007, 27.76953
891.8828, 33.71582
892.3649, 39.65039
892.8470, 42.68457
893.3292, 40.96680
893.8113, 36.02441
894.2934, 26.65430
894.7755, 16.29297
895.2576, 11.75293
895.7397, 12.94434
896.2219, 15.03516
896.7040, 15.57617
897.1861, 15.31250
897.6682, 14.92773
898.1503, 14.57715
898.6324, 16.44922
899.1146, 21.00488
899.5967, 21.72461
900.0788, 16.10938
900.5609, 7.647461
901.0430, 0.6542970
901.5251, 8.291992
902.0073, 12.23828
902.4894, 13.51758
902.9715, 8.873047
903.4536, 11.15430
903.9357, 26.20020
904.4178, 22.37988
904.9000, 10.74121
905.3821, 7.254883
905.8642, 13.67480
906.3463, 17.18848
906.8284, 11.68945
907.3105, 6.166016
907.7927, 4.361328
908.2748, 5.095703
908.7569, 7.744141
909.2390, 11.46582
909.7211, 14.59863
910.2032, 16.37500
910.6854, 17.55273
911.1675, 19.53906
911.6496, 21.10645
912.1317, 19.13867
912.6138, 15.01758
913.0959, 13.56836
913.5781, 16.09961
914.0602, 17.29688
914.5423, 10.62207
915.0244, 0.1748050
915.5065, 0.4365230
915.9886, 10.16309
916.4708, 17.95898
916.9529, 21.44922
917.4350, 22.37988
917.9171, 20.69336
918.3992, 16.96484
918.8813, 12.66016
919.3635, 7.635742
919.8456, 7.369141
920.3277, 17.39941
920.8098, 23.69531
921.2919, 18.56641
921.7740, 12.38672
922.2562, 13.12598
922.7383, 18.78711
923.2204, 22.63867
923.7025, 22.62793
924.1846, 24.13086
924.6667, 32.48828
925.1489, 38.22949
925.6310, 33.21289
926.1131, 23.21973
926.5952, 14.64453
927.0773, 9.469727
927.5594, 10.30273
928.0416, 21.77344
928.5237, 34.23535
929.0058, 39.02637
929.4879, 38.86621
929.9700, 36.98633
930.4521, 34.18262
930.9343, 32.77539
931.4164, 33.81934
931.8985, 36.90430
932.3806, 44.16992
932.8627, 52.04492
933.3448, 46.56543
933.8270, 29.03516
934.3091, 13.49609
934.7912, 2.730469
935.2733, 0.3486330
935.7554, 7.497070
936.2375, 21.45020
936.7197, 30.48828
937.2018, 34.43848
937.6839, 34.35840
938.1660, 28.34180
938.6481, 22.89453
939.1302, 18.53613
939.6124, 17.46582
940.0945, 23.59277
940.5766, 35.65332
941.0587, 43.01367
941.5408, 41.51953
942.0229, 41.65527
942.5051, 49.13477
942.9872, 52.39160
943.4693, 39.89551
943.9514, 22.81445
944.4335, 17.39355
944.9156, 25.25684
945.3978, 33.58301
945.8799, 41.03223
946.3620, 44.27344
946.8441, 36.42090
947.3262, 27.55664
947.8083, 30.70312
948.2905, 41.72461
948.7726, 46.98926
949.2547, 41.43555
949.7368, 33.80176
950.2189, 31.68945
950.7010, 31.46094
951.1832, 26.55469
951.6653, 19.80859
952.1474, 18.87695
952.6295, 24.46191
953.1116, 31.75098
953.5938, 38.06348
954.0759, 41.59375
954.5580, 37.90039
955.0400, 28.47168
955.5222, 21.32422
956.0043, 16.64551
956.4864, 11.24707
956.9685, 3.566406
957.4506, 0.2373050
957.9327, 8.592773
958.4149, 25.43945
958.8970, 37.72168
959.3791, 45.27344
959.8612, 47.12402
960.3433, 42.02539
960.8254, 35.37793
961.3076, 28.96777
961.7897, 22.86816
962.2718, 17.56641
962.7539, 13.05957
963.2360, 9.863281
963.7181, 5.877930
964.2003, 6.675781
964.6824, 19.96680
965.1645, 30.24121
965.6466, 26.09180
966.1287, 14.70801
966.6108, 8.099609
967.0930, 7.490234
967.5751, 9.434570
968.0572, 18.82422
968.5393, 23.52539
969.0214, 14.14160
969.5035, 1.737305
969.9857, 3.360352
970.4678, 2.633789
970.9499, 2.971680
971.4320, 6.916992
971.9141, 8.460938
972.3962, 0.6904300
972.8784, 7.626953
973.3605, 9.171875
973.8426, 6.022461
974.3247, 0.6113280
974.8068, 8.609375
975.2889, 11.64355
975.7711, 5.400391
976.2532, 2.451172
976.7353, 3.392578
977.2174, 2.5390999E-02
977.6995, 4.501953
978.1816, 8.948242
978.6638, 9.921875
979.1459, 6.688477
979.6280, 0.6982420
980.1101, 7.721680
980.5922, 15.61230
981.0743, 14.92285
981.5565, 7.525391
982.0386, 5.114258
982.5207, 8.496094
983.0028, 13.47363
983.4849, 18.74805
983.9670, 21.29688
984.4492, 16.87793
984.9313, 7.887695
985.4134, 6.503906
985.8955, 14.12988
986.3776, 18.31445
986.8597, 16.23047
987.3419, 16.86426
987.8240, 26.30664
988.3061, 37.22070
988.7882, 38.50586
989.2703, 30.22852
989.7524, 26.12207
990.2346, 28.80078
990.7167, 29.89258
991.1988, 28.56738
991.6809, 25.03711
992.1630, 14.66113
992.6451, 4.675781
993.1273, 11.31445
993.6094, 39.11133
994.0915, 53.16309
994.5736, 43.97461
995.0557, 33.67480
995.5378, 23.74707
996.0200, 16.59570
996.5021, 14.01367
996.9842, 15.26660
997.4663, 19.23340
997.9484, 25.99805
998.4305, 33.65625
998.9127, 45.76562
999.3948, 53.40430
999.8769, 48.47949
1000.359, 40.78027
1000.841, 40.12305
1001.323, 44.47168
1001.805, 46.01660
1002.287, 42.19141
1002.770, 39.22559
1003.252, 41.04492
1003.734, 44.09766
1004.216, 46.33887
1004.698, 47.77148
1005.180, 48.01367
1005.662, 47.62598
1006.144, 48.68262
1006.627, 52.42773
1007.109, 54.70020
1007.591, 48.92285
1008.073, 42.35449
1008.555, 44.64746
1009.037, 52.17285
1009.519, 58.22461
1010.001, 61.33105
1010.483, 62.58203
1010.966, 62.65332
1011.448, 60.72266
1011.930, 53.53809
1012.412, 44.80664
1012.894, 44.02246
1013.376, 48.24219
1013.858, 45.24707
1014.340, 33.37109
1014.823, 23.80371
1015.305, 24.52539
1015.787, 30.81445
1016.269, 36.08496
1016.751, 39.59180
1017.233, 36.55664
1017.715, 28.03613
1018.197, 22.97656
1018.679, 23.90137
1019.162, 29.11621
1019.644, 38.20996
1020.126, 47.27539
1020.608, 44.70117
1021.090, 31.83105
1021.572, 29.76074
1022.054, 39.75977
1022.536, 46.15430
1023.018, 43.49805
1023.501, 38.76172
1023.983, 37.59961
1024.465, 40.41406
1024.947, 49.71289
1025.429, 66.37793
1025.911, 77.43066
1026.393, 82.10156
1026.875, 82.18359
1027.358, 77.42871
1027.840, 69.92578
1028.322, 61.14258
1028.804, 52.60352
1029.286, 52.17871
1029.768, 63.91113
1030.250, 66.86719
1030.732, 56.64941
1031.214, 47.11914
1031.697, 42.61914
1032.179, 41.84961
1032.661, 44.89355
1033.143, 50.48242
1033.625, 50.12012
1034.107, 38.20508
1034.589, 34.78809
1035.071, 45.09863
1035.553, 54.49805
1036.036, 57.88965
1036.518, 58.50977
1037.000, 60.32812
1037.482, 62.67383
1037.964, 59.79980
1038.446, 44.53320
1038.928, 37.60254
1039.410, 48.00781
1039.893, 54.58594
1040.375, 44.57715
1040.857, 32.16895
1041.339, 33.32422
1041.821, 44.89355
1042.303, 49.62402
1042.785, 41.28125
1043.267, 37.93652
1043.750, 44.95996
1044.232, 50.60059
1044.714, 50.77441
1045.196, 47.95117
1045.678, 41.35645
1046.160, 32.80078
1046.642, 29.75684
1047.124, 35.59961
1047.606, 40.70898
1048.089, 45.58984
1048.571, 47.64941
1049.053, 42.18945
1049.535, 35.54395
1050.017, 34.57129
1050.499, 37.99219
1050.981, 38.55273
1051.463, 32.31934
1051.945, 30.96289
1052.428, 43.55566
1052.910, 53.71680
1053.392, 54.59180
1053.874, 49.22363
1054.356, 37.89160
1054.838, 23.76367
1055.320, 14.50586
1055.802, 11.52051
1056.285, 11.85547
1056.767, 18.38574
1057.249, 23.73730
1057.731, 20.49902
1058.213, 17.28516
1058.695, 25.96289
1059.177, 42.46973
1059.659, 51.29785
1060.141, 47.87891
1060.624, 41.11230
1061.106, 29.89062
1061.588, 21.25879
1062.070, 18.84863
1062.552, 20.78418
1063.034, 27.36230
1063.516, 36.70020
1063.998, 41.81250
1064.480, 41.35059
1064.963, 39.46680
1065.445, 33.48633
1065.927, 31.38770
1066.409, 42.09375
1066.891, 54.70508
1067.373, 59.22461
1067.855, 56.92188
1068.337, 51.21191
1068.820, 42.75293
1069.302, 37.49121
1069.784, 40.78223
1070.266, 44.48242
1070.748, 43.56836
1071.230, 41.74609
1071.712, 42.20703
1072.194, 43.98828
1072.677, 43.70605
1073.159, 40.79883
1073.641, 41.22168
1074.123, 54.08105
1074.605, 62.51270
1075.087, 52.39844
1075.569, 39.18945
1076.051, 38.79980
1076.533, 44.57715
1077.016, 40.41602
1077.498, 24.54785
1077.980, 14.64941
1078.462, 23.29395
1078.944, 32.04102
1079.426, 29.75293
1079.908, 26.30469
1080.390, 33.44336
1080.872, 42.99023
1081.354, 38.58594
1081.837, 20.38574
1082.319, 8.650391
1082.801, 13.91992
1083.283, 21.20508
1083.765, 22.17383
1084.247, 24.03027
1084.729, 37.78223
1085.211, 52.16992
1085.694, 46.85059
1086.176, 25.31445
1086.658, 15.65137
1087.140, 31.37988
1087.622, 47.31934
1088.104, 55.10840
1088.586, 57.26953
1089.068, 52.39746
1089.551, 44.88184
1090.033, 38.46582
1090.515, 33.96777
1090.997, 32.98242
1091.479, 37.41992
1091.961, 38.40137
1092.443, 28.54492
1092.925, 19.35742
1093.407, 19.42578
1093.890, 21.02637
1094.372, 13.55566
1094.854, 1.871094
1095.336, 0.6083980
1095.818, 14.23730
1096.300, 23.76758
1096.782, 20.29980
1097.264, 15.56152
1097.746, 12.17578
1098.229, 11.23535
1098.711, 17.22852
1099.193, 24.72461
1099.675, 21.73633
1100.157, 6.622070
1100.639, 1.750977
1101.121, 9.416992
1101.603, 16.17188
1102.086, 5.569336
1102.568, 4.529297
1103.050, 0.9062500
1103.532, 8.833984
1104.014, 14.48926
1104.496, 15.24316
1104.978, 12.88477
1105.460, 1.121094
1105.943, 2.666992
1106.425, 15.31738
1106.907, 28.44824
1107.389, 17.68359
1107.871, 1.576172
1108.353, 1.130859
1108.835, 13.56055
1109.317, 22.34473
1109.799, 25.53418
1110.281, 26.96680
1110.764, 29.41504
1111.246, 26.78125
1111.728, 10.70508
1112.210, 5.085938
1112.692, 8.815430
1113.174, 4.230469
1113.656, 0.9599610
1114.138, 0.5986330
1114.621, 2.693359
1115.103, 8.004883
1115.585, 9.213867
1116.067, 1.204102
1116.549, 5.787109
1117.031, 4.394531
1117.513, 0.3574220
1117.995, 0.6875000
1118.478, 7.653320
1118.960, 6.098633
1119.442, 12.89746
1119.924, 18.05664
1120.406, 2.934570
1120.888, 17.18359
1121.370, 6.181641
1121.852, 10.80859
1122.334, 10.07812
1122.817, 20.02051
1123.299, 24.97852
1123.781, 20.63672
1124.263, 26.94824
1124.745, 9.601563
1125.227, 2.938477
1125.709, 0.5205080
1126.191, 3.787109
1126.673, 1.749023
1127.156, 11.37109
1127.638, 10.12988
1128.120, 2.382813
1128.602, 12.11719
1129.084, 19.19336
1129.566, 20.41699
1130.048, 14.46094
1130.530, 8.835938
1131.013, 7.758789
1131.495, 10.36133
1131.977, 16.33008
1132.459, 24.35254
1132.941, 27.20605
1133.423, 25.32812
1133.905, 23.86426
1134.387, 23.42969
1134.870, 23.31641
1135.352, 23.18750
1135.834, 21.93066
1136.316, 17.89062
1136.798, 13.75195
1137.280, 15.16406
1137.762, 21.25098
1138.244, 31.35059
1138.726, 43.54004
1139.208, 48.73242
1139.691, 45.52734
1140.173, 42.46094
1140.655, 45.11816
1141.137, 48.27734
1141.619, 44.75000
1142.101, 37.58984
1142.583, 31.04297
1143.065, 25.66895
1143.548, 21.35547
1144.030, 19.20996
1144.512, 24.86328
1144.994, 40.06152
1145.476, 52.08105
1145.958, 46.84277
1146.440, 56.45801
1146.922, 45.58789
1147.405, 55.86133
1147.887, 53.53711
1148.369, 43.62012
1148.851, 38.53711
1149.333, 40.42188
1149.815, 43.49414
1150.297, 44.86621
1150.779, 47.24219
1151.261, 53.13184
1151.744, 59.63086
1152.226, 65.86621
1152.708, 70.44141
1153.190, 71.43164
1153.672, 69.64844
1154.154, 66.70703
1154.636, 62.07422
1155.118, 62.14160
1155.600, 78.39551
1156.083, 86.57129
1156.565, 66.98242
1157.047, 48.06738
1157.529, 53.77246
1158.011, 71.17773
1158.493, 77.68945
1158.975, 72.82715
1159.457, 72.51758
1159.940, 84.89453
1160.422, 89.38086
1160.904, 77.20117
1161.386, 70.66309
1161.868, 83.66016
1162.350, 97.28516
1162.832, 91.19434
1163.314, 73.68848
1163.796, 71.30078
1164.279, 87.53320
1164.761, 103.7393
1165.243, 122.9785
1165.725, 129.3457
1166.207, 116.4434
1166.689, 101.7734
1167.171, 94.40137
1167.653, 93.56836
1168.135, 99.85840
1168.618, 110.6992
1169.100, 108.2236
1169.582, 115.2441
1170.064, 121.1562
1170.546, 115.5898
1171.028, 126.6309
1171.510, 117.5029
1171.992, 105.1543
1172.474, 103.0771
1172.957, 106.8569
1173.439, 108.5020
1173.921, 109.9692
1174.403, 119.4990
1174.885, 133.9761
1175.367, 140.6143
1175.849, 138.3115
1176.331, 133.8721
1176.814, 131.1362
1177.296, 132.2036
1177.778, 140.5137
1178.260, 149.2930
1178.742, 150.0791
1179.224, 148.0410
1179.706, 145.9204
1180.188, 145.0200
1180.671, 150.6807
1181.153, 161.2812
1181.635, 163.9390
1182.117, 150.4390
1182.599, 138.0986
1183.081, 138.0713
1183.563, 140.0322
1184.045, 136.1753
1184.527, 131.6631
1185.010, 132.3511
1185.492, 136.9912
1185.974, 141.3589
1186.456, 144.2529
1186.938, 144.4946
1187.420, 138.4546
1187.902, 134.9351
1188.384, 137.2856
1188.866, 140.1006
1189.349, 143.1572
1189.831, 143.4106
1190.313, 134.9561
1190.795, 121.5068
1191.277, 119.1880
1191.759, 132.8779
1192.241, 134.7666
1192.723, 120.4614
1193.206, 109.7676
1193.688, 107.2778
1194.170, 106.6201
1194.652, 104.1738
1195.134, 101.7002
1195.616, 102.5234
1196.098, 96.21045
1196.580, 98.37305
1197.063, 84.66748
1197.545, 74.19971
1198.027, 67.19482
1198.509, 58.84717
1198.991, 48.14160
1199.473, 41.07666
1199.955, 42.24316
1200.437, 45.62012
1200.919, 42.50537
1201.401, 36.84863
1201.884, 35.89746
1202.366, 37.41113
1202.848, 36.16016
1203.330, 32.97168
1203.812, 32.18848
1204.294, 35.03613
1204.776, 39.94385
1205.258, 48.99854
1205.741, 53.79102
1206.223, 43.18555
1206.705, 32.29590
1207.187, 35.67529
1207.669, 43.37646
1208.151, 42.02295
1208.633, 33.40283
1209.115, 27.10254
1209.598, 24.68896
1210.080, 24.59131
1210.562, 28.71094
1211.044, 31.96484
1211.526, 36.21289
1212.008, 35.66992
1212.490, 24.50879
1212.972, 10.45801
1213.454, 1.948730
1213.937, 1.505859
1214.419, 2.040039
1214.901, 0.9926760
1215.383, 4.110840
1215.865, 7.863770
1216.347, 8.898926
1216.829, 4.321777
1217.311, 1.270508
1217.793, 3.737305
1218.276, 8.533203
1218.758, 11.82471
1219.240, 13.54639
1219.722, 12.74414
1220.204, 10.28809
1220.686, 8.216797
1221.168, 7.485840
1221.650, 12.62695
1222.133, 22.85010
1222.615, 26.97949
1223.097, 17.81738
1223.579, 9.689453
1224.061, 19.33447
1224.543, 32.08643
1225.025, 33.76611
1225.507, 30.11768
1225.990, 26.99756
1226.472, 24.67920
1226.954, 21.25537
1227.436, 16.87012
1227.918, 16.09766
1228.400, 24.39209
1228.882, 26.82617
1229.364, 11.36279
1229.846, 0.6958010
1230.328, 8.538574
1230.811, 19.60156
1231.293, 22.56934
1231.775, 20.60547
1232.257, 18.96289
1232.739, 17.65186
1233.221, 19.02539
1233.703, 23.26855
1234.185, 29.87793
1234.668, 39.62598
1235.150, 47.10840
1235.632, 50.71924
1236.114, 49.87988
1236.596, 43.72949
1237.078, 34.95850
1237.560, 28.07715
1238.042, 22.47363
1238.525, 15.09521
1239.007, 7.296875
1239.489, 2.769531
1239.971, 2.077148
1240.453, 6.312988
1240.935, 15.01953
1241.417, 22.96631
1241.899, 27.46826
1242.381, 28.49902
1242.864, 24.02051
1243.346, 18.33203
1243.828, 12.03857
1244.310, 8.921875
1244.792, 16.42725
1245.274, 29.16504
1245.756, 34.90039
1246.238, 31.83350
1246.720, 27.80615
1247.203, 23.63086
1247.685, 19.13428
1248.167, 12.87354
1248.649, 8.528809
1249.131, 7.892578
1249.613, 8.285156
1250.095, 7.813477
1250.577, 7.638184
1251.059, 10.33789
1251.542, 15.19141
1252.024, 11.98438
1252.506, 13.75000
1252.988, 13.38818
1253.470, 8.448730
1253.952, 10.52637
1254.434, 0.7407230
1254.916, 3.816895
1255.399, 9.610840
1255.881, 26.34229
1256.363, 27.14111
1256.845, 20.62402
1257.327, 18.37354
1257.809, 17.78662
1258.291, 13.39014
1258.773, 7.732422
1259.255, 7.919922
1259.738, 14.63477
1260.220, 22.18555
1260.702, 31.15479
1261.184, 33.69434
1261.666, 21.25879
1262.148, 10.14014
1262.630, 7.224121
1263.112, 7.506348
1263.594, 7.362793
1264.077, 7.811035
1264.559, 11.38281
1265.041, 9.691406
1265.523, 8.575684
1266.005, 8.729980
1266.487, 4.242188
1266.969, 3.968262
1267.451, 3.869141
1267.934, 2.894531
1268.416, 5.711914
1268.898, 15.19482
1269.380, 22.82959
1269.862, 15.79053
1270.344, 4.481445
1270.826, 12.58643
1271.308, 29.64697
1271.791, 41.83008
1272.273, 45.61621
1272.755, 30.21436
1273.237, 2.036621
1273.719, 9.718750
1274.201, 5.730469
1274.683, 19.37158
1275.165, 14.84619
1275.647, 10.97510
1276.130, 15.40381
1276.612, 21.78369
1277.094, 31.41748
1277.576, 37.32471
1278.058, 28.13916
1278.540, 11.54297
1279.022, 7.155762
1279.504, 7.087402
1279.986, 8.578125
1280.469, 1.903809
1280.951, 1.024414
1281.433, 7.823242
1281.915, 10.56982
1282.397, 4.660645
1282.879, 0.9433590
1283.361, 5.109863
1283.843, 12.24316
1284.326, 9.713867
1284.808, 0.0000000E+00
##END=



