##NAMES=Realgar
##RRUFFID=R060106
##IDEAL CHEMISTRY=AsS
##LOCALITY=Humboldt County, Nevada, USA
##OWNER=RRUFF
##SOURCE=University of Arizona Mineral Museum
##DESCRIPTION=Red incrustation with some prismatic crystals
##STATUS=The identification of this mineral has been confirmed by X-ray diffraction and chemical analysis
##URL=rruff.info/R060106
##MEASURED CHEMISTRY=As_1.06_S_0.94_
140.8860, 0.0000000E+00
141.3681, 0.2087490
141.8502, 0.3683860
142.3323, 0.4687780
142.8145, 0.4216300
143.2966, 0.4780730
143.7787, 0.5996820
144.2608, 0.8351940
144.7429, 0.8486370
145.2250, 0.3733170
145.7072, 8.8449001E-02
146.1893, 1.6936000E-02
146.6714, 1.099424
147.1535, 1.988153
147.6356, 2.315008
148.1178, 1.970899
148.5999, 1.805524
149.0820, 1.962043
149.5641, 2.237938
150.0462, 2.392912
150.5283, 2.247461
151.0105, 2.157341
151.4926, 2.131317
151.9747, 2.286568
152.4568, 2.501368
152.9389, 2.843325
153.4210, 3.089496
153.9032, 2.976931
154.3853, 1.885483
154.8674, 0.9565830
155.3495, 0.6343310
155.8316, 1.319307
156.3137, 1.712623
156.7959, 1.370153
157.2780, 0.6255460
157.7601, 0.1073020
158.2422, 0.1063400
158.7243, 0.2405230
159.2065, 0.3290220
159.6886, 0.3322690
160.1707, 0.3097210
160.6528, 0.2172750
161.1349, 0.1032110
161.6170, 9.7044997E-02
162.0992, 0.4929180
162.5813, 0.8627630
163.0634, 0.8862580
163.5455, 0.1011600
164.0276, 0.5055270
164.5097, 0.3471110
164.9919, 0.4062060
165.4740, 1.097600
165.9561, 1.471217
166.4382, 1.610365
166.9203, 1.567524
167.4024, 0.9241510
167.8846, 0.5455380
168.3667, 1.412044
168.8488, 3.280843
169.3309, 4.570527
169.8130, 3.583301
170.2952, 1.675700
170.7773, 0.5520190
171.2594, 1.462629
171.7415, 2.841946
172.2236, 3.330106
172.7057, 2.980164
173.1879, 2.541106
173.6700, 2.426225
174.1521, 2.611045
174.6342, 3.049388
175.1163, 4.096730
175.5984, 5.211236
176.0806, 5.643740
176.5627, 5.393706
177.0448, 5.042810
177.5269, 5.298156
178.0090, 5.863225
178.4911, 6.037172
178.9733, 5.002476
179.4554, 3.554050
179.9375, 2.998226
180.4196, 3.400932
180.9017, 4.215291
181.3838, 5.063443
181.8660, 5.896376
182.3481, 6.570572
182.8302, 7.074782
183.3123, 7.365324
183.7944, 7.250281
184.2766, 6.668301
184.7587, 5.989147
185.2408, 5.639429
185.7229, 5.588222
186.2050, 5.637572
186.6871, 5.690732
187.1693, 5.767430
187.6514, 5.897229
188.1335, 6.050212
188.6156, 6.362715
189.0977, 7.186061
189.5798, 8.485998
190.0620, 9.665801
190.5441, 10.45234
191.0262, 10.86416
191.5083, 11.05650
191.9904, 11.06455
192.4725, 10.80903
192.9547, 9.987175
193.4368, 8.570233
193.9189, 7.287512
194.4010, 6.789260
194.8831, 6.990612
195.3652, 6.380157
195.8474, 4.579134
196.3295, 2.375005
196.8116, 1.457145
197.2937, 1.942385
197.7758, 2.606894
198.2579, 2.717697
198.7401, 2.248695
199.2222, 1.857456
199.7043, 1.532442
200.1864, 1.373582
200.6685, 1.808258
201.1507, 3.012633
201.6328, 3.968061
202.1149, 3.841151
202.5970, 2.475552
203.0791, 1.672983
203.5612, 1.726281
204.0434, 2.357397
204.5255, 2.857604
205.0076, 3.238260
205.4897, 3.419841
205.9718, 3.288181
206.4539, 2.757094
206.9361, 2.441599
207.4182, 2.442290
207.9003, 2.672018
208.3824, 2.830168
208.8645, 2.856370
209.3466, 2.969899
209.8288, 3.365880
210.3109, 4.149317
210.7930, 4.745784
211.2751, 5.062353
211.7572, 5.166686
212.2393, 5.304287
212.7215, 5.463529
213.2036, 5.677217
213.6857, 5.959973
214.1678, 6.305616
214.6499, 6.759237
215.1320, 7.385196
215.6142, 8.122046
216.0963, 8.656514
216.5784, 8.869775
217.0605, 9.101636
217.5426, 9.608920
218.0247, 10.52644
218.5069, 11.32394
218.9890, 12.03330
219.4711, 12.58895
219.9532, 12.65112
220.4353, 12.02644
220.9175, 11.24425
221.3996, 10.62975
221.8817, 10.13789
222.3638, 9.722935
222.8459, 9.438108
223.3280, 9.260888
223.8102, 9.032069
224.2923, 8.687110
224.7744, 8.377706
225.2565, 8.185054
225.7386, 8.092892
226.2207, 8.173187
226.7029, 8.539126
227.1850, 9.111432
227.6671, 9.390354
228.1492, 9.264215
228.6313, 9.019921
229.1134, 8.793208
229.5956, 8.532004
230.0777, 8.312696
230.5598, 8.152522
231.0419, 8.052846
231.5240, 8.014952
232.0062, 7.939688
232.4883, 8.002316
232.9704, 8.361757
233.4525, 9.326987
233.9346, 9.912770
234.4167, 10.04086
234.8989, 9.789577
235.3810, 9.188056
235.8631, 7.885270
236.3452, 6.580691
236.8273, 5.581175
237.3094, 4.799628
237.7916, 4.550415
238.2737, 5.145359
238.7558, 6.303080
239.2379, 6.814116
239.7200, 6.323660
240.2021, 5.666022
240.6843, 5.312151
241.1664, 5.521655
241.6485, 5.443615
242.1306, 4.862029
242.6127, 3.965302
243.0948, 3.560009
243.5770, 4.130780
244.0591, 4.521154
244.5412, 4.008991
245.0233, 1.787701
245.5054, 0.5023240
245.9876, 0.6208370
246.4697, 1.680117
246.9518, 2.206459
247.4339, 1.946049
247.9160, 1.532116
248.3981, 1.251975
248.8803, 1.114375
249.3624, 1.095377
249.8445, 1.266180
250.3266, 1.536433
250.8087, 1.648490
251.2908, 1.521132
251.7730, 1.364659
252.2551, 1.257495
252.7372, 1.162561
253.2193, 1.236542
253.7014, 1.621458
254.1835, 2.112446
254.6657, 2.172411
255.1478, 1.477422
255.6299, 0.9219560
256.1120, 0.9455810
256.5941, 1.833445
257.0763, 2.377725
257.5584, 2.475576
258.0405, 2.300694
258.5226, 2.236196
259.0047, 2.447019
259.4868, 2.422851
259.9690, 1.856344
260.4511, 0.5257530
260.9332, 0.3182000
261.4153, 0.5814200
261.8974, 0.4517680
262.3795, 0.2156380
262.8617, 0.1679330
263.3438, 0.5683860
263.8259, 0.9901310
264.3080, 1.468290
264.7901, 1.676686
265.2722, 1.542478
265.7544, 1.225976
266.2365, 0.8933560
266.7186, 0.4468910
267.2007, 0.2962640
267.6828, 0.6986640
268.1649, 1.713854
268.6471, 2.257505
269.1292, 2.197657
269.6113, 1.891265
270.0934, 1.770176
270.5755, 1.866424
271.0576, 2.031155
271.5398, 2.287671
272.0219, 2.628107
272.5040, 2.637590
272.9861, 2.203133
273.4682, 1.683649
273.9503, 1.499065
274.4325, 1.727334
274.9146, 1.852701
275.3967, 1.706790
275.8788, 1.336772
276.3610, 1.194663
276.8431, 1.380084
277.3252, 1.495666
277.8073, 1.016340
278.2894, 0.1434270
278.7715, 0.8881040
279.2537, 0.8998280
279.7358, 0.3573980
280.2179, 6.3799001E-02
280.7000, 9.1926999E-02
281.1821, 3.3801001E-02
281.6642, 0.6823480
282.1464, 2.064601
282.6285, 2.721616
283.1106, 2.243017
283.5927, 1.052817
284.0748, 0.2710790
284.5569, 7.7588998E-02
285.0391, 0.2576830
285.5212, 0.5138860
286.0033, 0.8175380
286.4854, 0.7590020
286.9675, 0.1609610
287.4496, 0.6289760
287.9318, 0.7423290
288.4139, 0.1673000
288.8960, 0.1612460
289.3781, 0.7441650
289.8602, 2.522848
290.3423, 3.228271
290.8245, 2.513547
291.3066, 1.148907
291.7887, 3.6729999E-02
292.2708, 0.9847730
292.7529, 1.045149
293.2350, 0.1601980
293.7172, 1.347894
294.1993, 2.026663
294.6814, 2.223855
295.1635, 0.4970900
295.6456, 1.254731
296.1277, 1.016744
296.6099, 0.7379430
297.0920, 1.845275
297.5741, 0.3983800
298.0562, 1.483747
298.5383, 1.558288
299.0204, 1.642421
299.5026, 1.878184
299.9847, 2.079011
300.4668, 2.237106
300.9489, 2.318163
301.4311, 2.367767
301.9132, 2.498542
302.3953, 2.704149
302.8774, 2.793153
303.3595, 2.504714
303.8416, 2.009745
304.3238, 1.589190
304.8059, 1.264640
305.2880, 1.129177
305.7701, 1.375079
306.2522, 1.953975
306.7343, 2.556242
307.2165, 3.119933
307.6986, 3.545693
308.1807, 3.656415
308.6628, 3.168752
309.1449, 2.752215
309.6270, 3.077412
310.1092, 3.939034
310.5913, 4.667392
311.0734, 4.882816
311.5555, 4.812255
312.0376, 4.578542
312.5197, 4.074505
313.0019, 3.762285
313.4840, 4.155382
313.9661, 4.919988
314.4482, 5.377640
314.9303, 4.689178
315.4124, 3.996769
315.8946, 4.180031
316.3767, 5.574018
316.8588, 6.652434
317.3409, 6.525827
317.8230, 5.791688
318.3051, 5.239486
318.7873, 5.204574
319.2694, 5.275378
319.7515, 5.337364
320.2336, 5.389770
320.7157, 5.398214
321.1978, 5.131396
321.6800, 4.890646
322.1621, 4.949651
322.6442, 5.824110
323.1263, 6.527796
323.6084, 6.629126
324.0905, 6.187291
324.5727, 6.167119
325.0548, 7.324556
325.5369, 8.548788
326.0190, 9.165977
326.5012, 8.487583
326.9833, 7.943432
327.4654, 7.752968
327.9475, 7.809140
328.4296, 7.680887
328.9117, 7.151751
329.3939, 6.628472
329.8760, 6.237969
330.3581, 5.766125
330.8402, 5.849226
331.3223, 6.876345
331.8044, 8.350780
332.2866, 9.250903
332.7687, 9.258250
333.2508, 9.141009
333.7329, 9.117189
334.2150, 9.192651
334.6971, 9.333858
335.1793, 9.537455
335.6614, 9.811647
336.1435, 10.13704
336.6256, 10.45661
337.1077, 10.94203
337.5898, 11.78210
338.0720, 12.93016
338.5541, 13.43611
339.0362, 13.11500
339.5183, 12.60194
340.0004, 12.49540
340.4825, 12.86092
340.9647, 13.18338
341.4468, 13.42967
341.9289, 13.55953
342.4110, 13.27759
342.8931, 12.50633
343.3752, 11.81805
343.8574, 11.69671
344.3395, 12.12722
344.8216, 12.53615
345.3037, 12.83131
345.7858, 13.06648
346.2679, 13.32522
346.7501, 13.59867
347.2322, 13.98256
347.7143, 14.61969
348.1964, 15.38950
348.6785, 15.80886
349.1607, 15.79822
349.6428, 15.83450
350.1249, 16.45577
350.6070, 17.59773
351.0891, 18.94755
351.5713, 20.56497
352.0534, 22.06859
352.5355, 23.04471
353.0176, 23.46597
353.4997, 23.05219
353.9818, 20.92937
354.4640, 17.97724
354.9461, 15.51695
355.4282, 14.04778
355.9103, 13.08064
356.3924, 12.28695
356.8745, 11.65463
357.3567, 11.15240
357.8388, 10.89457
358.3209, 10.68025
358.8030, 10.30656
359.2851, 9.671769
359.7672, 9.062768
360.2494, 8.616781
360.7315, 8.303218
361.2136, 8.071363
361.6957, 7.982275
362.1778, 7.900873
362.6599, 7.738227
363.1421, 7.470017
363.6242, 7.260736
364.1063, 7.164040
364.5884, 7.148176
365.0705, 7.181439
365.5526, 7.315900
366.0348, 7.447728
366.5169, 7.620913
366.9990, 7.791934
367.4811, 7.776129
367.9632, 7.376781
368.4453, 6.918669
368.9275, 6.575589
369.4096, 6.481908
369.8917, 6.315337
370.3738, 5.902885
370.8559, 5.419169
371.3380, 5.396672
371.8202, 6.296403
372.3023, 7.034958
372.7844, 7.081226
373.2665, 6.102422
373.7487, 5.779632
374.2308, 6.520603
374.7129, 7.527816
375.1950, 7.619403
375.6771, 6.445832
376.1592, 5.476767
376.6414, 5.164800
377.1235, 5.431007
377.6056, 5.468017
378.0877, 5.256290
378.5698, 4.886372
379.0519, 4.378171
379.5341, 3.738591
380.0162, 3.064993
380.4983, 2.269021
380.9804, 1.579015
381.4625, 1.735230
381.9446, 2.716716
382.4268, 3.593283
382.9089, 3.675762
383.3910, 3.197739
383.8731, 2.943517
384.3552, 3.007448
384.8373, 3.136031
385.3195, 2.982669
385.8016, 2.642431
386.2837, 2.393398
386.7658, 2.513528
387.2479, 2.719506
387.7300, 2.623418
388.2122, 2.230236
388.6943, 1.780572
389.1764, 1.372232
389.6585, 1.038722
390.1406, 0.8451910
390.6227, 0.8983120
391.1049, 0.9670890
391.5870, 0.8665990
392.0691, 0.6526250
392.5512, 0.4932250
393.0333, 0.4782720
393.5154, 0.5336170
393.9976, 0.6497390
394.4797, 0.8838920
394.9618, 0.9728140
395.4439, 0.5571550
395.9260, 2.4599001E-02
396.4081, 0.1088630
396.8903, 0.9875300
397.3724, 1.777100
397.8545, 1.652318
398.3366, 0.5574080
398.8188, 0.2185640
399.3009, 0.4379860
399.7830, 0.4110520
400.2651, 0.3220960
400.7472, 0.1038600
401.2293, 0.1811910
401.7115, 0.5287750
402.1936, 0.9170860
402.6757, 1.032389
403.1578, 0.6956700
403.6399, 0.3929890
404.1220, 0.3449930
404.6042, 0.5990980
405.0863, 0.8592300
405.5684, 1.189063
406.0505, 1.419288
406.5326, 1.237786
407.0147, 0.5706330
407.4969, 3.5581000E-02
407.9790, 0.2564420
408.4611, 0.2818420
408.9432, 0.2266030
409.4253, 1.329195
409.9074, 2.307908
410.3896, 2.546762
410.8717, 2.194476
411.3538, 1.707335
411.8359, 1.110930
412.3180, 0.5741550
412.8001, 0.3714540
413.2823, 0.4462290
413.7644, 0.5548820
414.2465, 0.5033160
414.7286, 0.4416520
415.2107, 0.6719100
415.6928, 1.217813
416.1750, 1.610833
416.6571, 1.291635
417.1392, 0.6592820
417.6213, 0.2476630
418.1034, 0.4103550
418.5855, 0.6575990
419.0677, 0.6862420
419.5498, 0.5569120
420.0319, 0.4958520
420.5140, 0.6649210
420.9961, 0.8804940
421.4782, 1.067909
421.9604, 1.297490
422.4425, 1.279616
422.9246, 0.6634640
423.4067, 0.1555050
423.8889, 0.6434920
424.3710, 0.6177260
424.8531, 0.3675990
425.3352, 0.2622690
425.8173, 1.254335
426.2994, 1.676724
426.7816, 1.236494
427.2637, 0.6373380
427.7458, 0.3521820
428.2279, 0.5718700
428.7100, 0.6185080
429.1921, 0.3683240
429.6743, 2.5774000E-02
430.1564, 0.2043030
430.6385, 0.1465990
431.1206, 4.9924001E-02
431.6027, 0.4185080
432.0848, 0.9466580
432.5670, 1.243118
433.0491, 1.280185
433.5312, 1.200994
434.0133, 1.177082
434.4954, 1.186059
434.9775, 1.036700
435.4597, 0.5589330
435.9418, 5.4821000E-02
436.4239, 0.2408020
436.9060, 0.9976720
437.3881, 1.568059
437.8702, 1.236373
438.3524, 0.5055380
438.8345, 8.3076999E-02
439.3166, 5.7261001E-02
439.7987, 0.2452310
440.2808, 0.6873540
440.7629, 1.214607
441.2451, 1.561219
441.7272, 1.469943
442.2093, 1.301438
442.6914, 1.349069
443.1735, 1.563020
443.6556, 1.596729
444.1378, 1.037954
444.6199, 0.4521790
445.1020, 0.2100170
445.5841, 0.5225530
446.0662, 0.8691070
446.5483, 1.244915
447.0305, 1.601385
447.5126, 1.858241
447.9947, 1.985621
448.4768, 2.048769
448.9590, 2.085451
449.4411, 2.098048
449.9232, 1.884407
450.4053, 1.222077
450.8874, 0.6505730
451.3695, 0.6813730
451.8517, 1.541629
452.3338, 1.944800
452.8159, 1.611253
453.2980, 0.9518340
453.7801, 0.8985330
454.2622, 1.501687
454.7444, 1.960787
455.2265, 1.800913
455.7086, 1.186139
456.1907, 0.8810490
456.6728, 0.9039290
457.1549, 0.8751130
457.6371, 0.1182140
458.1192, 0.9384070
458.6013, 1.156553
459.0834, 0.1404420
459.5655, 1.657909
460.0476, 1.887485
460.5298, 1.198454
461.0119, 0.6241640
461.4940, 0.7901410
461.9761, 1.215714
462.4582, 1.578177
462.9403, 1.857961
463.4225, 1.998247
463.9046, 1.869220
464.3867, 1.637234
464.8688, 1.462861
465.3509, 1.382099
465.8330, 1.349937
466.3152, 1.518374
466.7973, 1.786040
467.2794, 1.717691
467.7615, 0.5696950
468.2436, 0.2058830
468.7257, 6.8154000E-02
469.2079, 1.798389
469.6900, 2.631917
470.1721, 2.117276
470.6542, 1.190409
471.1363, 0.8730370
471.6184, 1.352499
472.1006, 1.684535
472.5827, 1.646592
473.0648, 1.390319
473.5469, 1.398643
474.0291, 1.702191
474.5112, 2.034426
474.9933, 2.300287
475.4754, 2.499979
475.9575, 2.616927
476.4396, 2.642869
476.9218, 2.646343
477.4039, 2.853514
477.8860, 3.093727
478.3681, 2.911775
478.8502, 1.793504
479.3323, 0.6516490
479.8145, 0.5765810
480.2966, 1.301392
480.7787, 1.841644
481.2608, 1.590054
481.7429, 1.009083
482.2250, 0.3165370
482.7072, 0.5552830
483.1893, 0.8888700
483.6714, 0.1184230
484.1535, 1.504935
484.6356, 2.300391
485.1177, 1.624551
485.5999, 1.187385
486.0820, 1.467049
486.5641, 2.225022
487.0462, 2.572609
487.5283, 2.262059
488.0104, 1.849618
488.4926, 1.552753
488.9747, 1.396484
489.4568, 1.259803
489.9389, 1.127071
490.4210, 1.034708
490.9031, 1.073331
491.3853, 1.259221
491.8674, 1.284829
492.3495, 1.024285
492.8316, 0.6439840
493.3137, 0.4982020
493.7958, 0.5707630
494.2780, 0.7537980
494.7601, 1.034900
495.2422, 1.361142
495.7243, 1.672284
496.2064, 1.974175
496.6885, 2.111138
497.1707, 1.918497
497.6528, 1.504673
498.1349, 1.028984
498.6170, 0.2815610
499.0992, 0.1342590
499.5813, 0.4696430
500.0634, 1.667386
500.5455, 2.418357
501.0276, 1.895678
501.5097, 1.294426
501.9919, 1.152810
502.4740, 1.597858
502.9561, 1.850051
503.4382, 1.665433
503.9203, 1.408934
504.4024, 1.342152
504.8846, 1.620595
505.3667, 1.762830
505.8488, 1.688936
506.3309, 1.495599
506.8130, 1.397122
507.2951, 1.414860
507.7773, 1.431133
508.2594, 1.387351
508.7415, 1.303489
509.2236, 1.349143
509.7057, 1.543192
510.1878, 1.629351
510.6700, 1.157798
511.1521, 0.3970360
511.6342, 0.2055630
512.1163, 0.8156760
512.5984, 1.657184
513.0806, 2.286705
513.5627, 2.696005
514.0448, 2.867625
514.5269, 2.796333
515.0090, 2.483075
515.4911, 1.688018
515.9733, 0.4655170
516.4554, 0.3781690
516.9375, 0.2271080
517.4196, 0.2307140
517.9017, 0.6589190
518.3839, 1.056154
518.8660, 1.328224
519.3481, 1.418793
519.8302, 1.397406
520.3123, 1.303436
520.7944, 0.9225750
521.2766, 0.9089460
521.7587, 1.522613
522.2408, 2.522139
522.7229, 3.015215
523.2050, 2.944259
523.6871, 2.651091
524.1693, 2.177451
524.6514, 1.566442
525.1335, 1.330285
525.6156, 1.507138
526.0977, 1.781343
526.5798, 1.923299
527.0620, 1.962228
527.5441, 1.996199
528.0262, 2.052907
528.5083, 2.108266
528.9904, 2.264544
529.4725, 2.407365
529.9547, 2.252283
530.4368, 1.159129
530.9189, 0.1196420
531.4010, 0.1654160
531.8831, 0.3165350
532.3652, 0.9308660
532.8474, 1.730444
533.3295, 2.419612
533.8116, 2.799305
534.2937, 2.549008
534.7758, 2.499639
535.2579, 2.941104
535.7401, 3.459356
536.2222, 3.380103
536.7043, 2.310804
537.1864, 1.582883
537.6685, 1.611720
538.1506, 2.208669
538.6328, 2.303877
539.1149, 1.854610
539.5970, 1.373860
540.0791, 1.187545
540.5612, 1.194511
541.0433, 1.129555
541.5255, 1.051228
542.0076, 1.058781
542.4897, 1.466047
542.9718, 2.046511
543.4539, 2.325650
543.9360, 2.043182
544.4182, 1.647950
544.9003, 1.470193
545.3824, 1.446084
545.8645, 1.433964
546.3466, 1.373255
546.8287, 1.313841
547.3109, 1.297040
547.7930, 1.325513
548.2751, 1.296419
548.7572, 0.9593720
549.2393, 0.7471450
549.7214, 0.9373680
550.2036, 1.894073
550.6857, 2.404702
551.1678, 2.290158
551.6499, 1.912628
552.1320, 1.853420
552.6141, 2.218278
553.0963, 2.172125
553.5784, 1.339666
554.0605, 0.1336290
554.5426, 0.3421850
555.0247, 8.2360998E-02
555.5068, 0.3708140
555.9890, 1.001606
556.4711, 1.616074
556.9532, 1.783619
557.4353, 1.524862
557.9174, 1.173411
558.3995, 0.7887330
558.8817, 0.5456000
559.3638, 0.7087650
559.8459, 1.642760
560.3281, 2.362265
560.8102, 2.257978
561.2923, 1.731798
561.7744, 1.414728
562.2565, 1.765324
562.7386, 1.952118
563.2208, 1.673665
563.7029, 1.031100
564.1850, 0.7422630
564.6671, 0.9738490
565.1492, 1.267392
565.6313, 1.393206
566.1135, 1.333642
566.5956, 1.336268
567.0777, 1.409563
567.5598, 1.515264
568.0419, 1.643586
568.5240, 1.778956
569.0062, 1.846754
569.4883, 1.829294
569.9704, 1.744968
570.4525, 1.483366
570.9346, 1.156488
571.4167, 1.061857
571.8989, 1.553373
572.3810, 2.139971
572.8631, 2.578702
573.3452, 2.844438
573.8273, 2.847257
574.3094, 2.231536
574.7916, 1.580391
575.2737, 1.221387
575.7558, 1.288437
576.2379, 1.239436
576.7200, 1.023571
577.2021, 0.7213260
577.6843, 0.4023400
578.1664, 4.7646999E-02
578.6485, 0.3346950
579.1306, 0.3807300
579.6127, 0.2199620
580.0948, 0.1403680
580.5770, 0.6992140
581.0591, 1.221251
581.5412, 1.688048
582.0233, 2.010108
582.5054, 1.868664
582.9875, 1.325112
583.4697, 0.8305410
583.9518, 0.7838750
584.4339, 0.9012600
584.9160, 0.7997850
585.3981, 0.3919380
585.8802, 0.2219040
586.3624, 0.8619780
586.8445, 1.716989
587.3266, 2.242902
587.8087, 2.490674
588.2908, 2.196301
588.7729, 0.1433590
589.2551, 0.8707040
589.7372, 1.338141
590.2193, 1.546237
590.7014, 0.7176550
591.1835, 1.227711
591.6656, 1.201312
592.1478, 1.152946
592.6299, 2.138372
593.1120, 2.657032
593.5941, 2.360054
594.0762, 1.462571
594.5583, 0.6452290
595.0405, 7.4727997E-02
595.5226, 0.4650860
596.0047, 1.1065000E-02
596.4868, 0.8046050
596.9689, 1.240284
597.4510, 0.9717200
597.9332, 0.7169120
598.4153, 1.075644
598.8974, 1.660940
599.3795, 1.904476
599.8616, 1.152316
600.3438, 0.6004500
600.8259, 0.7739110
601.3080, 1.428854
601.7901, 1.551905
602.2722, 0.7335590
602.7543, 6.9302998E-02
603.2365, 9.5380004E-03
603.7186, 0.5419830
604.2007, 1.005888
604.6828, 1.422143
605.1649, 1.650878
605.6470, 1.390095
606.1292, 0.8043270
606.6113, 0.6501150
607.0934, 1.069619
607.5755, 1.575495
608.0576, 1.749887
608.5398, 1.649620
609.0219, 1.339421
609.5040, 0.5703110
609.9861, 2.9137000E-02
610.4683, 0.1261430
610.9504, 0.6902040
611.4325, 0.9186680
611.9146, 0.1520540
612.3967, 0.8077050
612.8788, 9.7925000E-02
613.3610, 1.783387
613.8431, 2.605228
614.3252, 1.869566
614.8073, 0.8986420
615.2894, 0.2687630
615.7715, 1.4114000E-02
616.2537, 0.1125700
616.7358, 0.7361390
617.2179, 1.351168
617.7000, 1.331712
618.1821, 0.8598260
618.6642, 0.5969730
619.1464, 0.6883020
619.6285, 0.8754060
620.1106, 0.8168020
620.5927, 0.6850800
621.0748, 0.7767200
621.5569, 1.571386
622.0391, 2.245080
622.5212, 2.346260
623.0033, 2.032583
623.4854, 1.807730
623.9675, 1.892888
624.4496, 1.873601
624.9318, 1.535762
625.4139, 0.8914690
625.8960, 0.6074490
626.3781, 0.7741060
626.8602, 1.096091
627.3423, 1.533867
627.8245, 2.070785
628.3066, 1.963969
628.7887, 1.097124
629.2708, 0.2204090
629.7529, 0.2637930
630.2350, 0.8780030
630.7172, 1.223636
631.1993, 1.006487
631.6814, 0.7992910
632.1635, 1.298206
632.6456, 2.066651
633.1277, 2.417315
633.6099, 1.792204
634.0920, 1.063153
634.5741, 0.2132410
635.0562, 0.5694510
635.5383, 0.6022070
636.0204, 0.8121840
636.5026, 1.959380
636.9847, 2.275819
637.4668, 1.852770
637.9489, 1.589874
638.4310, 1.443116
638.9131, 1.327317
639.3953, 1.099271
639.8774, 0.8306980
640.3595, 0.9588230
640.8416, 1.533443
641.3237, 2.030525
641.8058, 1.754424
642.2880, 1.158155
642.7701, 0.9238740
643.2522, 1.339397
643.7343, 1.739697
644.2164, 1.816066
644.6985, 1.668132
645.1807, 1.428146
645.6628, 0.6946180
646.1449, 0.4188750
646.6270, 1.058420
647.1091, 2.160445
647.5912, 2.493402
648.0734, 1.755206
648.5555, 1.114291
649.0376, 1.008183
649.5197, 1.280212
650.0018, 1.153600
650.4839, 0.6316980
650.9661, 0.2099720
651.4482, 0.2628950
651.9303, 0.6042190
652.4124, 0.9956810
652.8945, 1.413767
653.3766, 1.618872
653.8588, 1.319622
654.3409, 0.8918940
654.8230, 0.6691400
655.3051, 0.7752870
655.7872, 1.000930
656.2693, 1.400831
656.7515, 1.796665
657.2336, 1.956982
657.7158, 1.703644
658.1979, 1.636297
658.6800, 1.934121
659.1621, 2.286393
659.6442, 1.984510
660.1263, 1.018003
660.6085, 0.4528340
661.0906, 0.7858690
661.5727, 1.498927
662.0548, 1.674214
662.5369, 1.423865
663.0190, 1.175663
663.5012, 0.9192620
663.9833, 0.9415510
664.4654, 1.268020
664.9475, 1.862326
665.4296, 2.182420
665.9117, 2.243040
666.3939, 1.266982
666.8760, 1.629596
667.3581, 1.455744
667.8402, 1.258083
668.3223, 1.809131
668.8044, 0.9839120
669.2866, 1.523124
669.7687, 0.5324030
670.2508, 0.1202370
670.7329, 0.4498720
671.2150, 0.9631230
671.6971, 1.083999
672.1793, 0.9230560
672.6614, 0.7579090
673.1435, 0.6435370
673.6256, 0.5614320
674.1077, 0.4276320
674.5898, 0.3332310
675.0720, 0.4206140
675.5541, 0.9372020
676.0362, 1.414272
676.5183, 1.782876
677.0004, 2.014192
677.4825, 2.016169
677.9647, 1.603393
678.4468, 1.341397
678.9289, 1.511107
679.4110, 1.942614
679.8931, 1.626956
680.3752, 0.5026860
680.8574, 0.3192540
681.3395, 0.1282140
681.8216, 1.234476
682.3037, 1.664773
682.7858, 1.451459
683.2679, 1.170591
683.7501, 1.139652
684.2322, 1.253408
684.7143, 1.499873
685.1964, 1.934111
685.6785, 2.111185
686.1606, 1.524344
686.6428, 0.9112280
687.1249, 0.8357560
687.6070, 1.733695
688.0891, 2.153021
688.5712, 1.976471
689.0533, 1.508992
689.5355, 0.9974020
690.0176, 0.4531870
690.4997, 0.3079550
690.9818, 0.7422630
691.4639, 1.305054
691.9460, 1.360522
692.4282, 1.072076
692.9103, 0.7645070
693.3924, 0.6845200
693.8745, 0.6034110
694.3566, 0.1669440
694.8387, 0.4192570
695.3209, 0.6720770
695.8030, 0.1766690
696.2851, 0.3291870
696.7672, 0.7160790
697.2493, 0.9930040
697.7314, 1.104868
698.2136, 1.011004
698.6957, 0.9105010
699.1778, 0.8639340
699.6599, 0.8760900
700.1420, 1.060817
700.6241, 1.410994
701.1063, 1.779679
701.5884, 2.235191
702.0705, 2.560626
702.5526, 2.368836
703.0347, 1.637984
703.5168, 1.006212
703.9990, 0.7516010
704.4811, 0.7407810
704.9632, 0.9459200
705.4453, 1.549793
705.9274, 1.814103
706.4095, 1.561760
706.8917, 1.165739
707.3738, 0.8880930
707.8560, 0.7162960
708.3381, 0.8825720
708.8202, 1.484591
709.3023, 2.146980
709.7844, 2.426113
710.2665, 2.381739
710.7487, 2.182724
711.2308, 1.862247
711.7129, 1.421599
712.1950, 0.4715230
712.6771, 0.4985770
713.1592, 0.7496750
713.6414, 0.8707780
714.1235, 2.164474
714.6056, 2.484083
715.0877, 2.151454
715.5698, 1.965192
716.0519, 2.056510
716.5341, 1.927530
717.0162, 1.329592
717.4983, 0.5274630
717.9804, 0.3899450
718.4625, 0.8690570
718.9446, 1.303273
719.4268, 1.289092
719.9089, 1.102500
720.3910, 1.051507
720.8731, 1.134483
721.3552, 1.345984
721.8373, 1.968177
722.3195, 2.453249
722.8016, 2.419652
723.2837, 1.847156
723.7658, 1.519525
724.2479, 1.671918
724.7300, 1.792426
725.2122, 1.562774
725.6943, 0.9725770
726.1764, 0.9040940
726.6585, 1.432940
727.1406, 2.002143
727.6227, 2.154916
728.1049, 2.027818
728.5870, 1.954933
729.0691, 1.965916
729.5512, 1.875796
730.0333, 1.295645
730.5154, 0.6998270
730.9976, 0.6225170
731.4797, 1.412439
731.9618, 1.894180
732.4439, 1.555315
732.9260, 1.064885
733.4081, 0.9115000
733.8903, 1.141358
734.3724, 1.615326
734.8545, 2.474893
735.3366, 3.249153
735.8187, 3.230780
736.3008, 2.567758
736.7830, 1.912106
737.2651, 1.369177
737.7472, 0.9626160
738.2293, 0.7748360
738.7114, 0.7071400
739.1935, 0.6785020
739.6757, 0.5541520
740.1578, 0.5722760
740.6399, 0.9201680
741.1220, 1.354891
741.6041, 1.472419
742.0862, 1.009202
742.5684, 0.8332620
743.0505, 1.162592
743.5326, 1.772420
744.0147, 2.275503
744.4968, 2.649864
744.9789, 2.625388
745.4611, 1.881747
745.9432, 0.9583340
746.4253, 0.5530010
746.9074, 0.5347500
747.3895, 0.5719150
747.8716, 0.5029370
748.3538, 0.4734070
748.8359, 0.5783650
749.3180, 0.7880990
749.8001, 0.9471140
750.2822, 1.072901
750.7643, 1.094641
751.2465, 0.8957610
751.7286, 0.5845180
752.2107, 0.8731530
752.6928, 1.757740
753.1749, 2.284042
753.6570, 1.591203
754.1392, 0.3849760
754.6213, 0.1084530
755.1034, 1.2491000E-02
755.5855, 0.1885830
756.0676, 5.3688001E-02
756.5498, 6.3736998E-02
757.0319, 4.8632000E-02
757.5140, 0.4126290
757.9962, 0.7897090
758.4783, 1.231839
758.9604, 1.518580
759.4425, 1.467691
759.9246, 1.093753
760.4067, 1.004684
760.8889, 1.219994
761.3710, 1.552453
761.8531, 2.057031
762.3352, 2.520642
762.8173, 2.380771
763.2994, 1.637344
763.7816, 1.074049
764.2637, 1.287599
764.7458, 1.771132
765.2279, 2.233231
765.7100, 2.720548
766.1921, 2.761561
766.6743, 1.987065
767.1564, 1.201334
767.6385, 0.9707440
768.1206, 1.377987
768.6027, 1.485166
769.0848, 1.233486
769.5670, 1.010757
770.0491, 1.449885
770.5312, 2.076218
771.0133, 1.792217
771.4954, 0.4266170
771.9775, 0.5996480
772.4597, 2.1198001E-02
772.9418, 1.092702
773.4239, 1.878046
773.9060, 2.200031
774.3881, 2.163747
774.8702, 1.500802
775.3524, 0.8168370
775.8345, 0.6568940
776.3166, 1.055331
776.7987, 1.364148
777.2808, 1.565329
777.7629, 1.553045
778.2451, 0.8821520
778.7272, 1.8137001E-02
779.2093, 0.1566800
779.6914, 0.8577620
780.1735, 1.718533
780.6556, 1.397078
781.1378, 0.6658420
781.6199, 0.2761990
782.1020, 0.6415560
782.5841, 0.8492270
783.0662, 0.7501920
783.5483, 0.6606110
784.0305, 1.083931
784.5126, 2.058761
784.9947, 2.324329
785.4768, 1.618738
785.9589, 0.7181280
786.4410, 0.5052220
786.9232, 0.7455420
787.4053, 1.066566
787.8874, 1.500571
788.3695, 1.661918
788.8516, 1.104217
789.3337, 0.3021700
789.8159, 0.2096820
790.2980, 0.2779360
790.7801, 0.2484490
791.2622, 0.1213920
791.7443, 9.1434002E-02
792.2264, 0.4170240
792.7086, 0.8468470
793.1907, 1.164201
793.6728, 1.354719
794.1549, 1.410831
794.6370, 1.317086
795.1191, 1.133152
795.6013, 0.9508430
796.0834, 0.8237610
796.5655, 0.6443910
797.0476, 0.1093560
797.5297, 0.3691900
798.0118, 0.2632150
798.4940, 0.8151170
798.9761, 1.588670
799.4582, 1.952548
799.9403, 2.020061
800.4224, 1.821143
800.9045, 1.423430
801.3867, 1.272431
801.8688, 1.525956
802.3509, 1.788781
802.8330, 1.628525
803.3151, 1.247496
803.7972, 0.9174760
804.2794, 0.6244350
804.7615, 0.5261220
805.2436, 0.7995390
805.7258, 1.204760
806.2079, 1.533056
806.6900, 1.839461
807.1721, 1.785556
807.6542, 1.229532
808.1364, 0.6021980
808.6185, 0.5349300
809.1006, 0.8704270
809.5827, 1.164835
810.0648, 1.341681
810.5469, 1.380704
811.0291, 1.137243
811.5112, 0.8054140
811.9933, 0.6085530
812.4754, 0.6477300
812.9575, 0.7515840
813.4396, 1.042190
813.9218, 1.251077
814.4039, 0.9138380
814.8860, 2.7845999E-02
815.3681, 0.2833890
815.8502, 0.4134220
816.3323, 1.256104
816.8145, 1.222361
817.2966, 0.6865520
817.7787, 0.3064640
818.2608, 0.2381560
818.7429, 0.3763280
819.2250, 1.034300
819.7072, 1.671312
820.1893, 1.679868
820.6714, 0.4420260
821.1535, 6.4800002E-02
821.6356, 0.3764980
822.1177, 1.161479
822.5999, 1.759412
823.0820, 2.152094
823.5641, 2.137823
824.0462, 1.651587
824.5283, 1.123101
825.0104, 0.9727970
825.4926, 0.9940630
825.9747, 0.9492350
826.4568, 0.7650320
826.9389, 0.6141410
827.4210, 0.4699620
827.9031, 0.4263180
828.3853, 0.6039760
828.8674, 1.108771
829.3495, 1.222520
829.8316, 0.7917720
830.3137, 0.4862120
830.7958, 1.246236
831.2780, 2.431054
831.7601, 2.444854
832.2422, 1.067766
832.7243, 0.1498270
833.2064, 0.2160430
833.6885, 0.2587210
834.1707, 0.9658600
834.6528, 2.078467
835.1349, 2.394902
835.6170, 1.502813
836.0991, 0.5149290
836.5812, 0.1517090
837.0634, 0.3740980
837.5455, 0.8209710
838.0276, 1.488351
838.5097, 1.924061
838.9918, 1.537073
839.4739, 0.8965650
839.9561, 0.6435210
840.4382, 0.7915620
840.9203, 0.9692510
841.4024, 1.019388
841.8845, 1.105643
842.3666, 1.347123
842.8488, 1.736913
843.3309, 1.910097
843.8130, 1.859018
844.2951, 1.633783
844.7772, 1.063293
845.2593, 0.3999350
845.7415, 0.3262070
846.2236, 0.7459930
846.7057, 1.148262
847.1878, 1.291999
847.6699, 1.282445
848.1520, 1.162206
848.6342, 0.9503030
849.1163, 0.7443560
849.5984, 0.5545860
850.0805, 0.3400830
850.5626, 1.6202999E-02
851.0447, 0.2977660
851.5269, 0.1047340
852.0090, 0.5350050
852.4911, 1.124454
852.9732, 1.333533
853.4553, 1.462572
853.9374, 1.973342
854.4196, 2.619155
854.9017, 2.791389
855.3839, 1.678889
855.8660, 0.8279010
856.3481, 0.6032710
856.8302, 0.7765660
857.3123, 0.9512900
857.7944, 1.144259
858.2766, 1.084271
858.7587, 0.5903940
859.2408, 6.0017999E-02
859.7229, 0.1129160
860.2050, 0.5593740
860.6871, 1.025133
861.1693, 1.461249
861.6514, 1.773635
862.1335, 1.990962
862.6156, 2.021727
863.0977, 1.710283
863.5798, 0.7959720
864.0620, 0.3137390
864.5441, 0.4252250
865.0262, 0.7895110
865.5083, 0.9980490
865.9904, 1.101544
866.4725, 1.285481
866.9547, 1.610874
867.4368, 1.862765
867.9189, 1.752237
868.4010, 1.580702
868.8831, 1.713746
869.3652, 2.440021
869.8474, 2.590222
870.3295, 1.891226
870.8116, 1.052173
871.2937, 0.6469820
871.7758, 0.6225590
872.2579, 0.5630830
872.7401, 0.4511070
873.2222, 0.2834950
873.7043, 2.4363000E-02
874.1864, 0.2836500
874.6685, 0.2668280
875.1506, 4.5812000E-02
875.6328, 0.4232930
876.1149, 0.8912020
876.5970, 1.309063
877.0791, 1.684630
877.5612, 1.986168
878.0433, 1.717073
878.5255, 0.8456520
879.0076, 0.2428430
879.4897, 0.7794830
879.9718, 1.674817
880.4539, 1.709633
880.9360, 1.161149
881.4182, 0.8814930
881.9003, 1.536159
882.3824, 2.123667
882.8645, 2.313819
883.3466, 2.171852
883.8287, 1.738902
884.3109, 0.8889110
884.7930, 0.4775950
885.2751, 0.8497320
885.7572, 1.547237
886.2393, 1.831381
886.7214, 1.830620
887.2036, 1.866185
887.6857, 2.160242
888.1678, 2.327144
888.6499, 2.120903
889.1320, 1.721437
889.6141, 1.363938
890.0963, 1.059914
890.5784, 0.7565360
891.0605, 0.4079850
891.5426, 0.2061860
892.0247, 0.3635270
892.5068, 0.8102650
892.9890, 1.446956
893.4711, 2.299443
893.9532, 2.874434
894.4353, 2.587461
894.9174, 2.046555
895.3995, 1.795130
895.8817, 2.034029
896.3638, 1.775323
896.8459, 0.6615710
897.3280, 0.1987540
897.8101, 0.1114590
898.2922, 1.359326
898.7744, 2.072092
899.2565, 2.290065
899.7386, 2.196362
900.2207, 1.594820
900.7028, 0.9901840
901.1849, 0.8043080
901.6671, 0.9912810
902.1492, 1.093824
902.6313, 0.9907340
903.1134, 0.9304690
903.5955, 1.014600
904.0776, 1.158271
904.5598, 1.056882
905.0419, 0.7546810
905.5240, 0.6063750
906.0062, 0.7981930
906.4883, 1.105435
906.9704, 1.400257
907.4525, 1.653140
907.9346, 1.819724
908.4167, 1.872684
908.8989, 1.835162
909.3810, 1.747201
909.8631, 1.587116
910.3452, 1.255920
910.8273, 0.7781000
911.3094, 0.4973480
911.7916, 0.4442170
912.2737, 0.6807670
912.7558, 1.642850
913.2379, 2.709495
913.7200, 3.133613
914.2021, 2.667819
914.6843, 2.343941
915.1664, 2.533164
915.6485, 2.629927
916.1306, 2.246612
916.6127, 1.428714
917.0948, 0.9719690
917.5770, 0.8746490
918.0591, 0.9079990
918.5412, 0.8722120
919.0233, 0.9283910
919.5054, 1.447341
919.9875, 2.257193
920.4697, 2.650845
920.9518, 2.121159
921.4339, 1.496268
921.9160, 0.8310830
922.3981, 0.2596380
922.8802, 0.1767650
923.3624, 0.5704750
923.8445, 1.103485
924.3266, 1.893398
924.8087, 2.388371
925.2908, 1.522697
925.7729, 0.1659300
926.2551, 0.4173560
926.7372, 0.8474810
927.2193, 1.526869
927.7014, 1.020036
928.1835, 0.2207760
928.6656, 3.5737999E-02
929.1478, 0.2500850
929.6299, 0.3711980
930.1120, 0.2822080
930.5941, 0.2240250
931.0762, 0.5630450
931.5583, 0.9400120
932.0405, 0.8456730
932.5226, 0.2636450
933.0047, 2.9650999E-02
933.4868, 0.3999000
933.9689, 0.7942270
934.4510, 0.8621380
934.9332, 0.6840880
935.4153, 0.7086120
935.8974, 0.9216510
936.3795, 1.016829
936.8616, 0.8105380
937.3438, 0.4709120
937.8259, 7.2380002E-03
938.3080, 0.4670200
938.7901, 0.5831650
939.2722, 4.8702002E-02
939.7543, 0.6140480
940.2365, 1.060016
940.7186, 1.362974
941.2007, 1.466459
941.6828, 1.378077
942.1649, 1.148148
942.6470, 0.7599520
943.1292, 0.4065010
943.6113, 0.1815760
944.0934, 0.1297070
944.5755, 0.3668010
945.0576, 0.9939610
945.5397, 1.365858
946.0219, 1.326880
946.5040, 1.213566
946.9861, 1.169180
947.4682, 1.196062
947.9503, 1.381609
948.4324, 1.695146
948.9146, 1.864854
949.3967, 1.568476
949.8788, 1.219642
950.3609, 1.142094
950.8430, 1.257754
951.3251, 1.322088
951.8073, 1.237464
952.2894, 1.246673
952.7715, 1.414244
953.2536, 1.644501
953.7357, 1.914767
954.2179, 2.131037
954.7000, 1.762592
955.1821, 0.5172220
955.6642, 0.4331940
956.1464, 7.6959999E-03
956.6285, 0.9040810
957.1106, 1.419094
957.5927, 1.413466
958.0748, 1.346217
958.5569, 1.183129
959.0391, 1.049819
959.5212, 1.034534
960.0033, 1.111194
960.4854, 1.220756
960.9675, 1.358193
961.4496, 1.492839
961.9318, 1.727909
962.4139, 1.835411
962.8960, 1.550312
963.3781, 1.063935
963.8602, 0.8939820
964.3423, 1.095866
964.8245, 1.445421
965.3066, 2.008621
965.7887, 2.418785
966.2708, 1.917473
966.7529, 0.9373730
967.2350, 0.3314450
967.7172, 0.3655410
968.1993, 0.4959470
968.6814, 0.6387130
969.1635, 0.6999720
969.6456, 0.5756600
970.1277, 0.2362600
970.6099, 0.1518640
971.0920, 0.3440690
971.5741, 0.5029830
972.0562, 0.2505910
972.5383, 5.0864998E-02
973.0204, 0.1563410
973.5026, 0.7503570
973.9847, 1.203684
974.4668, 1.273319
974.9489, 1.260438
975.4310, 1.175026
975.9131, 1.090335
976.3953, 1.226522
976.8774, 1.553215
977.3595, 1.607282
977.8416, 1.202794
978.3237, 0.8668220
978.8058, 1.300749
979.2880, 1.942955
979.7701, 2.195398
980.2522, 1.899892
980.7343, 1.314439
981.2164, 0.1393540
981.6985, 0.7452160
982.1807, 0.7530480
982.6628, 2.8648000E-02
983.1449, 1.059813
983.6270, 2.392932
984.1091, 3.195678
984.5912, 2.563627
985.0734, 1.862209
985.5555, 2.106597
986.0376, 2.840745
986.5197, 2.729904
987.0018, 1.345797
987.4839, 0.6700180
987.9661, 1.170796
988.4482, 1.999108
988.9303, 1.959243
989.4124, 1.443072
989.8945, 1.068078
990.3766, 0.8777800
990.8588, 1.023317
991.3409, 2.060038
991.8230, 2.993723
992.3051, 3.190543
992.7872, 2.683122
993.2693, 2.508478
993.7515, 2.687233
994.2336, 2.582808
994.7157, 1.350993
995.1978, 9.7070999E-02
995.6799, 0.3899450
996.1620, 1.602173
996.6442, 2.345404
997.1263, 1.946783
997.6084, 1.487747
998.0905, 1.011468
998.5726, 0.5971310
999.0547, 0.3058440
999.5369, 0.1516430
1000.019, 0.2756370
1000.501, 0.7068990
1000.983, 1.162924
1001.465, 1.621138
1001.947, 1.882401
1002.430, 1.642359
1002.912, 0.8889850
1003.394, 0.6284400
1003.876, 1.047848
1004.358, 1.329863
1004.840, 1.069413
1005.322, 0.5953350
1005.804, 0.5400000
1006.287, 0.7935350
1006.769, 1.090418
1007.251, 1.390786
1007.733, 1.629069
1008.215, 1.823420
1008.697, 1.919955
1009.179, 1.809598
1009.661, 1.455067
1010.143, 1.414122
1010.626, 1.732599
1011.108, 1.942104
1011.590, 1.417330
1012.072, 0.7790500
1012.554, 0.7831290
1013.036, 1.364154
1013.518, 1.541124
1014.000, 0.9172310
1014.483, 0.4995050
1014.965, 0.5695230
1015.447, 0.9182760
1015.929, 1.185516
1016.411, 1.368349
1016.893, 1.436118
1017.375, 1.346007
1017.857, 1.275510
1018.339, 1.344803
1018.822, 1.458590
1019.304, 1.572162
1019.786, 1.719007
1020.268, 1.507815
1020.750, 0.8676060
1021.232, 0.3394780
1021.714, 0.3338220
1022.196, 0.6180990
1022.679, 0.9338580
1023.161, 1.239598
1023.643, 1.411761
1024.125, 1.199353
1024.607, 1.154814
1025.089, 1.504841
1025.571, 1.882351
1026.053, 1.748697
1026.535, 1.186251
1027.018, 0.8196130
1027.500, 0.7233350
1027.982, 0.7989770
1028.464, 1.148436
1028.946, 1.500369
1029.428, 1.620105
1029.910, 1.495618
1030.392, 1.388723
1030.875, 1.338088
1031.357, 1.215679
1031.839, 0.9546480
1032.321, 0.6311730
1032.803, 0.2976510
1033.285, 2.1353001E-02
1033.767, 2.8082000E-02
1034.249, 0.3651400
1034.731, 0.6564730
1035.214, 0.6669330
1035.696, 0.5759130
1036.178, 0.5039200
1036.660, 0.4510900
1037.142, 0.2873340
1037.624, 2.8516000E-02
1038.106, 2.4170000E-02
1038.588, 0.9038700
1039.071, 1.770304
1039.553, 1.736496
1040.035, 1.120498
1040.517, 0.9850670
1040.999, 1.638121
1041.481, 1.844812
1041.963, 1.324396
1042.445, 0.6063200
1042.927, 0.3771090
1043.410, 0.4939360
1043.892, 0.7486040
1044.374, 1.094608
1044.856, 1.329501
1045.338, 1.490717
1045.820, 1.360089
1046.302, 0.6532950
1046.784, 0.4091350
1047.266, 0.5357760
1047.749, 0.1890270
1048.231, 0.7808080
1048.713, 0.7508340
1049.195, 0.6111980
1049.677, 0.8570610
1050.159, 1.198561
1050.641, 1.176924
1051.123, 0.3956610
1051.606, 0.3847870
1052.088, 1.365098
1052.570, 2.311833
1053.052, 2.379358
1053.534, 1.899879
1054.016, 1.315755
1054.498, 0.7155120
1054.980, 0.4215220
1055.463, 0.7552070
1055.945, 1.190873
1056.427, 1.702480
1056.909, 2.140534
1057.391, 2.252582
1057.873, 2.055454
1058.355, 1.603875
1058.837, 0.8717810
1059.319, 0.2774720
1059.802, 0.1479510
1060.284, 0.2652050
1060.766, 0.6029770
1061.248, 1.115924
1061.730, 1.183517
1062.212, 0.7083040
1062.694, 0.2772940
1063.176, 6.5375999E-02
1063.658, 8.0146998E-02
1064.141, 0.4954950
1064.623, 1.095797
1065.105, 1.532395
1065.587, 1.769839
1066.069, 1.649792
1066.551, 0.9085080
1067.033, 0.2323050
1067.515, 0.1973160
1067.998, 0.6592520
1068.480, 0.9174780
1068.962, 0.9756920
1069.444, 0.8435090
1069.926, 0.1864950
1070.408, 0.2844150
1070.890, 5.6129001E-02
1071.372, 0.4958750
1071.854, 0.8001330
1072.337, 0.8186620
1072.819, 1.015569
1073.301, 1.474702
1073.783, 1.740657
1074.265, 1.112882
1074.747, 0.2739910
1075.229, 0.1221800
1075.711, 4.0183999E-02
1076.193, 0.2508930
1076.676, 0.9561640
1077.158, 1.243392
1077.640, 0.6949650
1078.122, 7.6104999E-02
1078.604, 3.0244000E-02
1079.086, 0.6999620
1079.568, 1.351593
1080.051, 1.957750
1080.533, 2.125858
1081.015, 1.286969
1081.497, 0.3998390
1081.979, 0.1571220
1082.461, 0.3586220
1082.943, 0.2049990
1083.425, 1.395318
1083.907, 2.120616
1084.390, 1.513356
1084.872, 0.7897460
1085.354, 0.8017580
1085.836, 1.128845
1086.318, 1.120801
1086.800, 0.5836810
1087.282, 0.3808850
1087.764, 0.5603640
1088.246, 0.7942630
1088.729, 0.8107110
1089.211, 0.7488100
1089.693, 0.7393430
1090.175, 0.7912190
1090.657, 0.9232340
1091.139, 1.204651
1091.621, 1.464397
1092.103, 1.751143
1092.586, 1.881511
1093.068, 1.384624
1093.550, 0.5690000
1094.032, 0.1985850
1094.514, 0.3636840
1094.996, 0.5036650
1095.478, 0.1440450
1095.960, 4.3859999E-03
1096.443, 0.4959070
1096.925, 1.314097
1097.407, 1.559699
1097.889, 1.288323
1098.371, 0.8548250
1098.853, 0.2687150
1099.335, 0.1481840
1099.817, 9.3339998E-03
1100.299, 0.3062560
1100.781, 0.2239260
1101.264, 0.2774890
1101.746, 0.2065670
1102.228, 1.776681
1102.710, 3.017482
1103.192, 3.174461
1103.674, 2.714463
1104.156, 1.755538
1104.638, 0.6555870
1105.121, 7.1195997E-02
1105.603, 0.5422410
1106.085, 0.7465410
1106.567, 0.5891980
1107.049, 0.4364490
1107.531, 0.6219610
1108.013, 0.9997390
1108.495, 1.319620
1108.978, 1.576551
1109.460, 1.780835
1109.942, 1.935152
1110.424, 2.040442
1110.906, 2.120536
1111.388, 2.128097
1111.870, 1.928352
1112.352, 1.595037
1112.834, 1.436325
1113.317, 1.477611
1113.799, 1.655025
1114.281, 2.351279
1114.763, 2.707601
1115.245, 2.091598
1115.727, 0.9251860
1116.209, 0.1772150
1116.691, 0.1584040
1117.173, 3.2244999E-02
1117.656, 0.6320360
1118.138, 1.383023
1118.620, 2.188832
1119.102, 2.645385
1119.584, 2.090553
1120.066, 0.5829360
1120.548, 7.6052003E-02
1121.030, 0.7206500
1121.513, 1.349964
1121.995, 1.568727
1122.477, 1.510478
1122.959, 1.068928
1123.441, 0.5794470
1123.923, 0.5911400
1124.405, 1.571909
1124.887, 1.868040
1125.370, 1.235615
1125.852, 0.5399360
1126.334, 0.2698220
1126.816, 0.2900110
1127.298, 0.4005780
1127.780, 0.5622390
1128.262, 0.6504020
1128.744, 0.5100090
1129.226, 0.5660950
1129.709, 1.007413
1130.191, 1.406151
1130.673, 1.254399
1131.155, 0.7549710
1131.637, 0.8124900
1132.119, 1.332580
1132.601, 1.666930
1133.083, 1.396948
1133.566, 0.9731850
1134.048, 0.3177260
1134.530, 0.1868170
1135.012, 0.2104180
1135.494, 1.401110
1135.976, 1.636606
1136.458, 0.7833320
1136.940, 0.1599700
1137.422, 1.053061
1137.905, 2.078696
1138.387, 2.456841
1138.869, 2.326747
1139.351, 1.925520
1139.833, 1.221709
1140.315, 0.7726440
1140.797, 0.7332710
1141.279, 0.8115750
1141.761, 0.9375460
1142.244, 0.9377280
1142.726, 0.4463010
1143.208, 0.4540860
1143.690, 0.4948380
1144.172, 0.4921060
1144.654, 1.357487
1145.136, 1.739878
1145.618, 1.884811
1146.101, 2.059554
1146.583, 2.178471
1147.065, 2.116277
1147.547, 1.809513
1148.029, 1.557492
1148.511, 1.414588
1148.993, 1.137728
1149.475, 0.4820130
1149.958, 0.1687860
1150.440, 9.3133003E-02
1150.922, 0.4235410
1151.404, 0.8697930
1151.886, 1.109521
1152.368, 1.278764
1152.850, 1.351641
1153.332, 1.445148
1153.814, 1.665384
1154.297, 1.940863
1154.779, 2.192369
1155.261, 2.344566
1155.743, 2.176560
1156.225, 1.119149
1156.707, 0.4846740
1157.189, 0.5751830
1157.671, 0.8605660
1158.153, 0.8478300
1158.636, 0.6334200
1159.118, 0.6607610
1159.600, 0.9010220
1160.082, 1.000891
1160.564, 0.4604380
1161.046, 0.2154390
1161.528, 0.7046050
1162.010, 1.395669
1162.493, 1.688462
1162.975, 1.629654
1163.457, 1.487297
1163.939, 1.292186
1164.421, 1.202834
1164.903, 1.576148
1165.385, 1.764082
1165.867, 1.227107
1166.349, 0.4939320
1166.832, 0.4975020
1167.314, 1.179301
1167.796, 1.831695
1168.278, 2.378744
1168.760, 2.675017
1169.242, 2.439585
1169.724, 2.096636
1170.206, 1.900500
1170.688, 1.794590
1171.171, 1.643025
1171.653, 1.445199
1172.135, 1.109228
1172.617, 0.5810240
1173.099, 0.2448430
1173.581, 0.6828370
1174.063, 1.216962
1174.545, 1.167551
1175.028, 0.7295440
1175.510, 0.9883130
1175.992, 2.000329
1176.474, 2.230508
1176.956, 1.063425
1177.438, 4.0592998E-02
1177.920, 0.6554560
1178.402, 1.769402
1178.885, 1.891881
1179.367, 1.027375
1179.849, 0.8989310
1180.331, 1.582685
1180.813, 2.187651
1181.295, 2.431757
1181.777, 2.419089
1182.259, 2.180085
1182.741, 1.793690
1183.224, 1.291786
1183.706, 0.6574190
1184.188, 0.2225290
1184.670, 1.1036000E-02
1185.152, 8.1006996E-02
1185.634, 3.2161999E-02
1186.116, 0.2365590
1186.598, 0.3931320
1187.081, 0.5917030
1187.563, 1.014223
1188.045, 1.822922
1188.527, 2.171494
1189.009, 2.005158
1189.491, 1.688960
1189.973, 1.426379
1190.455, 1.164038
1190.938, 0.4383520
1191.420, 0.3646280
1191.902, 0.5244170
1192.384, 0.3935580
1192.866, 0.9278150
1193.348, 0.9930980
1193.830, 1.032382
1194.312, 1.518231
1194.794, 1.994085
1195.276, 1.594934
1195.759, 0.7954240
1196.241, 0.6226510
1196.723, 1.776898
1197.205, 2.162744
1197.687, 1.570416
1198.169, 1.055612
1198.651, 1.713311
1199.133, 2.656151
1199.616, 2.575996
1200.098, 1.826775
1200.580, 1.325378
1201.062, 1.329474
1201.544, 1.226473
1202.026, 0.9771580
1202.508, 0.8045430
1202.990, 0.9978640
1203.473, 1.348842
1203.955, 1.621116
1204.437, 1.814724
1204.919, 1.970256
1205.401, 2.159406
1205.883, 2.140492
1206.365, 1.859515
1206.847, 1.513201
1207.329, 1.097202
1207.812, 0.8513710
1208.294, 1.368196
1208.776, 2.404343
1209.258, 2.834534
1209.740, 2.288023
1210.222, 1.841318
1210.704, 1.608199
1211.186, 1.492023
1211.668, 1.410020
1212.151, 1.371900
1212.633, 1.484988
1213.115, 1.681115
1213.597, 1.492392
1214.079, 0.5883740
1214.561, 0.3225820
1215.043, 0.9019810
1215.525, 1.756302
1216.008, 2.524968
1216.490, 3.008803
1216.972, 2.812161
1217.454, 2.028353
1217.936, 1.442795
1218.418, 1.053041
1218.900, 1.087389
1219.382, 1.667943
1219.865, 2.309067
1220.347, 2.480566
1220.829, 2.411085
1221.311, 2.379745
1221.793, 2.371790
1222.275, 2.059958
1222.757, 1.270407
1223.239, 0.9438740
1223.721, 1.363320
1224.203, 1.802823
1224.686, 1.137738
1225.168, 0.3408160
1225.650, 0.5845430
1226.132, 1.848851
1226.614, 2.501688
1227.096, 2.436509
1227.578, 2.224300
1228.061, 1.932171
1228.543, 1.790242
1229.025, 2.292534
1229.507, 2.873404
1229.989, 3.005573
1230.471, 2.661186
1230.953, 1.946485
1231.435, 0.7276700
1231.917, 0.4224320
1232.400, 1.532602
1232.882, 2.747070
1233.364, 2.960973
1233.846, 2.576183
1234.328, 1.605810
1234.810, 0.2852600
1235.292, 3.7120000E-02
1235.774, 0.6896360
1236.256, 1.499640
1236.739, 2.232944
1237.221, 2.610051
1237.703, 2.081692
1238.185, 1.366165
1238.667, 1.037261
1239.149, 1.036150
1239.631, 1.179455
1240.113, 1.452654
1240.596, 1.447298
1241.078, 0.9944740
1241.560, 0.6530640
1242.042, 1.058529
1242.524, 1.504589
1243.006, 1.436650
1243.488, 1.038036
1243.970, 0.9551960
1244.453, 1.170373
1244.935, 1.648620
1245.417, 2.463259
1245.899, 2.982192
1246.381, 2.824347
1246.863, 2.151802
1247.345, 0.7981760
1247.827, 0.6939370
1248.309, 0.3016900
1248.792, 1.475225
1249.274, 2.364491
1249.756, 1.675103
1250.238, 1.076998
1250.720, 1.700725
1251.202, 2.189819
1251.684, 1.887193
1252.166, 1.158449
1252.648, 0.8641270
1253.131, 0.9412190
1253.613, 1.345110
1254.095, 2.197174
1254.577, 2.412543
1255.059, 0.9026760
1255.541, 0.1596570
1256.023, 0.1293990
1256.505, 1.129456
1256.988, 1.640289
1257.470, 1.808167
1257.952, 1.944974
1258.434, 2.126847
1258.916, 2.076876
1259.398, 1.517264
1259.880, 1.313935
1260.362, 1.894594
1260.844, 2.699707
1261.327, 2.894015
1261.809, 2.651600
1262.291, 2.081237
1262.773, 1.138878
1263.255, 0.9242090
1263.737, 1.732614
1264.219, 2.346765
1264.701, 2.341858
1265.183, 2.084514
1265.666, 1.881715
1266.148, 1.792363
1266.630, 1.962245
1267.112, 2.404504
1267.594, 2.617890
1268.076, 2.606620
1268.558, 2.222936
1269.040, 1.254657
1269.523, 0.5503250
1270.005, 1.493601
1270.487, 2.572925
1270.969, 1.936120
1271.451, 1.8987000E-02
1271.933, 0.3924110
1272.415, 0.6804600
1272.897, 1.446810
1273.380, 1.436126
1273.862, 1.251485
1274.344, 1.028358
1274.826, 1.115138
1275.308, 1.831003
1275.790, 3.064074
1276.272, 2.951520
1276.754, 1.768017
1277.236, 0.9951730
1277.719, 0.9715650
1278.201, 1.103499
1278.683, 1.072957
1279.165, 1.111428
1279.647, 1.592577
1280.129, 2.141127
1280.611, 2.060345
1281.093, 1.520972
1281.576, 0.8066220
1282.058, 7.3132001E-02
1282.540, 0.1767010
1283.022, 1.548745
1283.504, 2.755490
1283.986, 2.758410
1284.468, 2.163028
1284.950, 1.690366
1285.432, 1.370182
1285.915, 1.307753
1286.397, 1.518270
1286.879, 1.603398
1287.361, 1.426871
1287.843, 1.543374
1288.325, 1.938842
1288.807, 2.172827
1289.289, 1.418144
1289.771, 0.4646150
1290.254, 0.1284220
1290.736, 0.4412840
1291.218, 1.075675
1291.700, 2.134283
1292.182, 2.267366
1292.664, 1.243978
1293.146, 0.3260950
1293.628, 0.3012050
1294.111, 0.5415790
1294.593, 0.6415610
1295.075, 0.6792600
1295.557, 0.8298100
1296.039, 1.065403
1296.521, 1.179808
1297.003, 1.261312
1297.485, 1.169100
1297.968, 0.5693430
1298.450, 0.1019830
1298.932, 2.1226000E-02
1299.414, 7.1047999E-02
1299.896, 0.2717700
1300.378, 0.5016010
1300.860, 0.4404460
1301.342, 0.1936400
1301.824, 0.0000000E+00
##END=



