##NAMES=Robinsonite
##RRUFFID=R060970
##IDEAL CHEMISTRY=Pb^2+^_4_Sb^3+^_6_S^2-^_13_
##LOCALITY=Mala Zelezna, Zilinsky Kraj, Slovakia
##OWNER=RRUFF
##SOURCE=Michael Scott
##DESCRIPTION=Mass of randomly oriented silvery-gray striated prismatic crystals
##STATUS=The identification of this mineral has been confirmed by single-crystal X-ray diffraction.
##URL=rruff.info/R060970
137.9200, 0.0000000E+00
138.4021, 49.07373
138.8842, 56.20801
139.3664, 9.822266
139.8485, 15.77954
140.3306, 14.90625
140.8127, 17.24243
141.2948, 64.09204
141.7769, 121.6021
142.2591, 186.2732
142.7412, 251.0767
143.2233, 306.0127
143.7054, 355.5830
144.1875, 433.0806
144.6696, 563.4316
145.1517, 691.9551
145.6339, 804.4719
146.1160, 900.0208
146.5981, 978.6338
147.0802, 1037.456
147.5623, 1076.843
148.0444, 1117.186
148.5266, 1171.095
149.0087, 1211.694
149.4908, 1229.032
149.9729, 1226.144
150.4550, 1211.099
150.9371, 1189.953
151.4193, 1162.636
151.9014, 1129.247
152.3835, 1086.592
152.8656, 1040.462
153.3477, 986.0381
153.8298, 928.1538
154.3120, 878.7295
154.7941, 850.0774
155.2762, 845.6606
155.7583, 835.2905
156.2404, 808.3428
156.7225, 785.3687
157.2047, 774.2454
157.6868, 774.8455
158.1689, 783.3042
158.6510, 796.5447
159.1331, 815.6702
159.6152, 834.0984
160.0974, 844.5464
160.5795, 860.4773
161.0616, 892.2720
161.5437, 937.4155
162.0258, 983.4053
162.5079, 1016.689
162.9901, 1031.898
163.4722, 1058.304
163.9543, 1108.588
164.4364, 1157.236
164.9185, 1186.870
165.4007, 1198.661
165.8828, 1206.839
166.3649, 1226.298
166.8470, 1259.814
167.3291, 1292.320
167.8112, 1330.486
168.2933, 1362.847
168.7755, 1383.006
169.2576, 1390.279
169.7397, 1386.194
170.2218, 1370.500
170.7039, 1338.393
171.1860, 1317.032
171.6682, 1313.250
172.1503, 1314.130
172.6324, 1314.537
173.1145, 1312.597
173.5966, 1304.235
174.0787, 1283.659
174.5609, 1246.358
175.0430, 1218.447
175.5251, 1204.575
176.0072, 1196.199
176.4893, 1187.534
176.9714, 1177.893
177.4536, 1169.141
177.9357, 1161.958
178.4178, 1155.505
178.8999, 1160.629
179.3820, 1189.267
179.8641, 1220.908
180.3463, 1237.625
180.8284, 1238.221
181.3105, 1237.520
181.7926, 1251.049
182.2747, 1282.269
182.7568, 1303.794
183.2390, 1305.236
183.7211, 1303.886
184.2032, 1312.413
184.6853, 1332.167
185.1674, 1359.357
185.6495, 1391.642
186.1317, 1429.770
186.6138, 1467.635
187.0959, 1510.648
187.5780, 1549.698
188.0601, 1573.479
188.5422, 1581.958
189.0244, 1591.913
189.5065, 1619.900
189.9886, 1667.052
190.4707, 1703.641
190.9528, 1712.730
191.4349, 1722.356
191.9170, 1759.767
192.3992, 1825.392
192.8813, 1893.558
193.3634, 1941.482
193.8455, 1969.768
194.3276, 2008.949
194.8097, 2066.835
195.2919, 2130.807
195.7740, 2183.508
196.2561, 2233.453
196.7382, 2279.493
197.2203, 2317.507
197.7024, 2349.968
198.1846, 2396.200
198.6667, 2480.101
199.1488, 2559.653
199.6309, 2591.481
200.1130, 2579.263
200.5951, 2580.165
201.0773, 2640.565
201.5594, 2751.175
202.0415, 2835.921
202.5236, 2886.503
203.0057, 2917.582
203.4878, 2930.237
203.9700, 2927.307
204.4521, 2931.267
204.9342, 2958.902
205.4163, 3004.853
205.8984, 3039.580
206.3805, 3054.780
206.8627, 3066.012
207.3448, 3084.371
207.8269, 3108.033
208.3090, 3126.809
208.7911, 3133.627
209.2732, 3131.374
209.7554, 3132.247
210.2375, 3142.946
210.7196, 3149.167
211.2017, 3138.645
211.6838, 3115.370
212.1659, 3096.758
212.6480, 3094.275
213.1302, 3099.648
213.6123, 3089.688
214.0944, 3054.258
214.5765, 3020.686
215.0586, 3004.616
215.5407, 3001.340
216.0229, 2997.727
216.5050, 2991.045
216.9871, 2978.017
217.4692, 2951.124
217.9513, 2907.686
218.4334, 2859.216
218.9156, 2804.432
219.3977, 2748.076
219.8798, 2702.954
220.3619, 2676.185
220.8440, 2657.654
221.3261, 2626.310
221.8083, 2578.444
222.2904, 2534.177
222.7725, 2502.652
223.2546, 2478.083
223.7367, 2450.005
224.2188, 2414.560
224.7010, 2375.382
225.1831, 2338.636
225.6652, 2304.992
226.1473, 2268.241
226.6294, 2221.027
227.1115, 2170.764
227.5937, 2129.616
228.0758, 2101.255
228.5579, 2077.116
229.0400, 2045.196
229.5221, 2002.906
230.0042, 1967.918
230.4864, 1945.004
230.9685, 1928.563
231.4506, 1915.649
231.9327, 1905.679
232.4148, 1891.622
232.8969, 1864.886
233.3791, 1823.566
233.8612, 1787.225
234.3433, 1759.453
234.8254, 1735.045
235.3075, 1707.466
235.7896, 1676.908
236.2717, 1653.326
236.7539, 1648.698
237.2360, 1664.083
237.7181, 1659.847
238.2002, 1620.990
238.6823, 1576.150
239.1644, 1540.606
239.6466, 1514.618
240.1287, 1495.218
240.6108, 1482.261
241.0929, 1474.590
241.5750, 1456.013
242.0571, 1414.102
242.5393, 1375.732
243.0214, 1359.087
243.5035, 1356.019
243.9856, 1343.831
244.4677, 1308.246
244.9498, 1254.804
245.4320, 1212.236
245.9141, 1185.037
246.3962, 1161.346
246.8783, 1136.605
247.3604, 1113.792
247.8425, 1100.685
248.3247, 1101.576
248.8068, 1108.565
249.2889, 1099.852
249.7710, 1060.062
250.2531, 1023.821
250.7352, 995.8052
251.2174, 971.3325
251.6995, 946.5635
252.1816, 920.0889
252.6637, 889.9834
253.1458, 852.5171
253.6279, 794.9087
254.1101, 752.5264
254.5922, 731.7642
255.0743, 721.3540
255.5564, 715.8066
256.0385, 712.6128
256.5206, 707.4116
257.0027, 694.4468
257.4849, 670.8359
257.9670, 648.3159
258.4491, 630.9072
258.9312, 611.2207
259.4133, 582.0366
259.8954, 545.3911
260.3776, 511.2158
260.8597, 489.4453
261.3418, 482.0381
261.8239, 466.6455
262.3060, 432.8809
262.7881, 402.0146
263.2703, 385.6792
263.7524, 378.0317
264.2345, 365.3101
264.7166, 337.0127
265.1987, 295.7305
265.6808, 262.8269
266.1630, 245.9927
266.6451, 229.0447
267.1272, 206.7903
267.6093, 183.0938
268.0914, 163.1416
268.5735, 149.4924
269.0557, 140.9500
269.5378, 135.1689
270.0199, 138.0139
270.5020, 132.2246
270.9841, 111.7834
271.4662, 84.89453
271.9484, 57.87207
272.4305, 24.81690
272.9126, 29.10360
273.3947, 29.47775
273.8768, 26.16542
274.3589, 7.276172
274.8411, 9.148796
275.3232, 3.097922
275.8053, -3.006202
276.2874, 2.598904
276.7695, -12.56823
277.2516, -6.578025
277.7338, -8.638006
278.2159, -6.600774
278.6980, -12.53843
279.1801, -15.64249
279.6622, -10.20266
280.1443, -9.053823
280.6265, -14.81009
281.1086, -10.83198
281.5907, -23.45698
282.0728, -20.98105
282.5549, -11.82883
283.0370, -15.75442
283.5192, -10.20978
284.0013, -7.881102
284.4834, -21.17039
284.9655, -6.523178
285.4476, -3.552193
285.9297, -12.57762
286.4119, 1.971800
286.8940, -4.794417
287.3761, -3.568521
287.8582, 3.742130
288.3403, 5.287993
288.8224, 16.65216
289.3046, 19.11427
289.7867, 21.03792
290.2688, 26.82611
290.7509, 50.73999
291.2330, 84.67578
291.7151, 123.7153
292.1972, 160.4944
292.6794, 191.7739
293.1615, 231.3325
293.6436, 293.8132
294.1257, 367.1292
294.6078, 427.1931
295.0899, 467.1155
295.5721, 501.9170
296.0542, 547.6370
296.5363, 604.4805
297.0184, 670.4709
297.5005, 751.5869
297.9826, 836.1697
298.4648, 915.5640
298.9469, 989.3467
299.4290, 1060.938
299.9111, 1131.876
300.3932, 1202.070
300.8753, 1278.099
301.3575, 1359.957
301.8396, 1446.244
302.3217, 1539.767
302.8038, 1636.408
303.2859, 1727.267
303.7680, 1806.669
304.2502, 1877.377
304.7323, 1950.938
305.2144, 2040.277
305.6965, 2117.779
306.1786, 2172.758
306.6607, 2217.359
307.1429, 2268.549
307.6250, 2330.518
308.1071, 2389.674
308.5892, 2420.991
309.0713, 2406.512
309.5534, 2400.561
310.0356, 2412.398
310.5177, 2424.495
310.9998, 2426.633
311.4819, 2417.536
311.9640, 2401.116
312.4461, 2379.431
312.9283, 2351.979
313.4104, 2329.125
313.8925, 2325.431
314.3746, 2311.170
314.8567, 2271.708
315.3388, 2215.048
315.8210, 2156.624
316.3031, 2104.639
316.7852, 2058.129
317.2673, 2013.626
317.7494, 1969.024
318.2315, 1931.154
318.7137, 1904.741
319.1958, 1884.484
319.6779, 1865.392
320.1600, 1845.961
320.6421, 1827.347
321.1242, 1810.311
321.6064, 1794.742
322.0885, 1783.622
322.5706, 1777.334
323.0527, 1776.170
323.5348, 1780.245
324.0169, 1789.453
324.4991, 1801.680
324.9812, 1818.626
325.4633, 1837.354
325.9454, 1850.099
326.4275, 1854.723
326.9096, 1857.644
327.3918, 1867.213
327.8739, 1880.738
328.3560, 1885.680
328.8381, 1877.542
329.3202, 1861.427
329.8023, 1838.685
330.2845, 1810.610
330.7666, 1785.892
331.2487, 1772.490
331.7308, 1763.830
332.2129, 1735.168
332.6950, 1669.332
333.1772, 1610.200
333.6593, 1579.737
334.1414, 1562.015
334.6235, 1531.367
335.1056, 1478.947
335.5877, 1413.189
336.0698, 1346.861
336.5519, 1279.016
337.0341, 1211.331
337.5162, 1139.805
337.9983, 1070.818
338.4804, 1012.285
338.9625, 963.4639
339.4446, 915.7354
339.9268, 859.6184
340.4089, 793.4966
340.8910, 726.3799
341.3731, 655.2156
341.8552, 589.7063
342.3373, 533.6165
342.8195, 484.2539
343.3016, 437.3958
343.7837, 390.1729
344.2658, 343.8218
344.7479, 303.6814
345.2300, 273.9260
345.7122, 243.4688
346.1943, 208.1987
346.6764, 173.0703
347.1585, 141.6973
347.6406, 114.6760
348.1227, 91.22949
348.6049, 68.55933
349.0870, 47.29883
349.5691, 36.61243
350.0512, 43.16809
350.5333, 52.70874
351.0154, 57.64221
351.4976, 57.87085
351.9797, 52.53674
352.4618, 37.29944
352.9439, 18.08801
353.4260, 2.276489
353.9081, 10.33240
354.3903, 15.84863
354.8724, 7.850220
355.3545, 7.321411
355.8366, 13.04895
356.3187, 5.432617
356.8008, 5.144897
357.2830, 15.71899
357.7651, 25.41101
358.2472, 32.82227
358.7293, 37.53821
359.2114, 38.93738
359.6935, 35.70911
360.1757, 26.29529
360.6578, 16.67114
361.1399, 2.737549
361.6220, 8.169922
362.1041, 8.763672
362.5862, 0.2690430
363.0684, 10.33826
363.5505, 18.17554
364.0326, 23.04944
364.5147, 21.23767
364.9968, 7.725098
365.4789, 6.945190
365.9611, 23.27271
366.4432, 38.83240
366.9253, 50.26892
367.4074, 56.24255
367.8895, 59.42566
368.3716, 65.10645
368.8538, 75.59521
369.3359, 81.37317
369.8180, 77.67432
370.3001, 72.13379
370.7822, 67.11572
371.2643, 63.59229
371.7465, 63.45410
372.2286, 68.66089
372.7107, 78.63098
373.1928, 91.91089
373.6749, 111.6907
374.1570, 127.6293
374.6392, 132.0636
375.1213, 129.4027
375.6034, 124.8354
376.0855, 116.2919
376.5676, 111.5189
377.0497, 122.4651
377.5319, 145.5424
378.0140, 159.7051
378.4961, 155.9734
378.9782, 143.3618
379.4603, 135.9098
379.9424, 134.2075
380.4246, 132.1157
380.9066, 124.8059
381.3888, 118.4894
381.8709, 121.1597
382.3530, 132.9310
382.8351, 146.3047
383.3172, 155.7477
383.7993, 161.2179
384.2815, 161.9595
384.7636, 152.5760
385.2457, 145.3809
385.7278, 143.7924
386.2099, 146.5544
386.6920, 153.6708
387.1742, 165.0242
387.6563, 175.4519
388.1384, 172.7393
388.6205, 145.4628
389.1026, 133.2712
389.5847, 150.3470
390.0669, 171.5154
390.5490, 182.3669
391.0311, 183.7926
391.5132, 185.9198
391.9953, 198.1759
392.4774, 217.5259
392.9596, 229.1417
393.4417, 229.7480
393.9238, 230.1718
394.4059, 239.5293
394.8880, 250.2347
395.3701, 251.3105
395.8523, 237.1594
396.3344, 221.4725
396.8165, 216.8929
397.2986, 220.8783
397.7807, 221.4039
398.2628, 213.1757
398.7450, 205.7297
399.2271, 214.6614
399.7092, 240.7770
400.1913, 258.2831
400.6734, 259.8641
401.1555, 253.6243
401.6377, 241.2833
402.1198, 225.8506
402.6019, 217.8478
403.0840, 225.4933
403.5661, 244.7784
404.0482, 255.5636
404.5304, 248.5851
405.0125, 244.6788
405.4946, 250.1704
405.9767, 257.2725
406.4588, 256.0909
406.9409, 245.2430
407.4231, 233.7579
407.9052, 233.6016
408.3873, 246.6981
408.8694, 257.7689
409.3515, 267.5616
409.8336, 273.7590
410.3158, 274.4344
410.7979, 270.5459
411.2800, 263.4691
411.7621, 252.1063
412.2442, 241.4398
412.7263, 241.9242
413.2085, 255.2064
413.6906, 263.9440
414.1727, 258.8295
414.6548, 248.7727
415.1369, 246.5364
415.6190, 253.2861
416.1012, 255.6130
416.5833, 244.6793
417.0654, 227.8741
417.5475, 215.5850
418.0296, 209.2029
418.5117, 204.4175
418.9939, 197.8862
419.4760, 189.9575
419.9581, 186.1942
420.4402, 189.7002
420.9223, 191.7628
421.4044, 189.4858
421.8866, 184.9385
422.3687, 181.5406
422.8508, 180.8837
423.3329, 180.9958
423.8150, 178.8018
424.2971, 173.8447
424.7793, 167.1962
425.2614, 153.4762
425.7435, 142.8059
426.2256, 141.4951
426.7077, 146.5714
427.1898, 150.3114
427.6719, 147.2003
428.1541, 141.8098
428.6362, 146.5433
429.1183, 164.8351
429.6004, 174.5916
430.0825, 162.8319
430.5646, 144.3342
431.0468, 134.0244
431.5289, 132.9906
432.0110, 133.7992
432.4931, 136.3789
432.9752, 136.8071
433.4573, 124.6143
433.9395, 98.50720
434.4216, 78.74792
434.9037, 82.63110
435.3858, 106.5449
435.8679, 119.6337
436.3500, 112.8206
436.8322, 106.8229
437.3143, 108.4360
437.7964, 114.0781
438.2785, 119.9078
438.7606, 124.3866
439.2427, 126.0911
439.7249, 122.2145
440.2070, 110.4979
440.6891, 105.0059
441.1712, 109.6940
441.6533, 116.5891
442.1354, 126.7524
442.6176, 136.4604
443.0997, 139.3514
443.5818, 131.6226
444.0639, 118.3671
444.5460, 106.4406
445.0281, 95.52686
445.5103, 90.32263
445.9924, 93.70959
446.4745, 101.1223
446.9566, 110.7517
447.4387, 122.7401
447.9208, 128.0492
448.4030, 117.5411
448.8851, 101.8188
449.3672, 93.35303
449.8493, 92.34900
450.3314, 93.61719
450.8135, 94.45972
451.2957, 94.85010
451.7778, 95.05542
452.2599, 99.71594
452.7420, 98.13708
453.2241, 82.10400
453.7062, 64.45972
454.1884, 57.66321
454.6705, 62.60583
455.1526, 70.67517
455.6347, 73.99207
456.1168, 72.64575
456.5989, 70.35535
457.0811, 65.65784
457.5632, 62.66821
458.0453, 62.54797
458.5274, 64.25293
459.0095, 66.65894
459.4916, 69.42639
459.9738, 72.92126
460.4559, 79.64490
460.9380, 88.24341
461.4201, 90.36511
461.9022, 83.04858
462.3843, 73.75769
462.8665, 68.90796
463.3486, 67.83032
463.8307, 66.20483
464.3128, 58.70898
464.7949, 55.44067
465.2770, 67.78613
465.7592, 87.83325
466.2413, 97.87988
466.7234, 91.36816
467.2055, 78.37744
467.6876, 74.83472
468.1697, 85.20386
468.6519, 91.44409
469.1340, 93.45642
469.6161, 92.00952
470.0982, 85.42651
470.5803, 75.87744
471.0624, 66.84973
471.5445, 59.70691
472.0266, 55.24841
472.5088, 56.70142
472.9909, 65.50647
473.4730, 70.19495
473.9551, 67.09998
474.4372, 59.89294
474.9193, 50.80273
475.4015, 40.10620
475.8836, 31.42969
476.3657, 25.57861
476.8478, 23.32520
477.3299, 26.93225
477.8120, 35.22498
478.2942, 42.16101
478.7763, 44.42346
479.2584, 43.63708
479.7405, 44.70667
480.2226, 53.26978
480.7047, 53.93298
481.1869, 35.51941
481.6690, 17.58972
482.1511, 16.22021
482.6332, 29.25012
483.1153, 43.90710
483.5974, 51.68188
484.0796, 53.11499
484.5617, 48.66272
485.0438, 34.11377
485.5259, 24.15161
486.0080, 26.43640
486.4901, 32.67761
486.9723, 36.50525
487.4544, 37.34131
487.9365, 39.45630
488.4186, 47.16028
488.9007, 57.01172
489.3828, 63.00464
489.8650, 64.80127
490.3471, 65.50305
490.8292, 67.15942
491.3113, 68.84851
491.7934, 67.20386
492.2755, 60.13196
492.7577, 53.72913
493.2398, 51.21069
493.7219, 48.25427
494.2040, 37.12695
494.6861, 19.73633
495.1682, 9.062012
495.6504, 17.88940
496.1325, 42.33679
496.6146, 53.66541
497.0967, 44.58875
497.5788, 35.74011
498.0609, 31.98853
498.5431, 30.96313
499.0252, 30.90930
499.5073, 31.51746
499.9894, 33.27319
500.4715, 38.76904
500.9536, 45.12646
501.4358, 44.93298
501.9179, 37.29333
502.4000, 30.19226
502.8821, 28.39771
503.3642, 30.88452
503.8463, 34.07825
504.3285, 41.19690
504.8106, 44.05530
505.2927, 36.25793
505.7748, 26.50330
506.2569, 24.22852
506.7390, 29.67761
507.2212, 36.67566
507.7033, 41.22852
508.1854, 42.37427
508.6675, 30.56494
509.1496, 8.943604
509.6317, 32.20959
510.1139, 15.51001
510.5960, 12.28711
511.0781, 26.06604
511.5602, 22.28503
512.0423, 16.61206
512.5244, 14.83521
513.0065, 17.01453
513.4886, 24.46411
513.9708, 37.46362
514.4529, 46.93347
514.9350, 42.62341
515.4171, 29.87280
515.8992, 30.36572
516.3813, 58.59204
516.8635, 74.08972
517.3456, 57.91992
517.8277, 36.67151
518.3098, 36.16797
518.7919, 54.36560
519.2740, 70.56702
519.7562, 68.59290
520.2383, 52.77759
520.7204, 40.82495
521.2025, 33.03528
521.6846, 28.71631
522.1667, 30.25671
522.6489, 32.56567
523.1310, 31.43567
523.6131, 26.89075
524.0952, 23.83997
524.5773, 26.14331
525.0594, 30.59583
525.5416, 34.01282
526.0237, 36.23254
526.5058, 34.92078
526.9879, 27.56567
527.4700, 18.43347
527.9521, 15.77454
528.4343, 24.89209
528.9164, 30.51697
529.3985, 33.09692
529.8806, 31.85559
530.3627, 24.18396
530.8448, 12.29102
531.3270, 1.095337
531.8091, 6.800171
532.2912, 11.72498
532.7733, 13.01245
533.2554, 9.595703
533.7375, 10.81409
534.2197, 22.62378
534.7018, 33.97461
535.1839, 37.97607
535.6660, 33.96655
536.1481, 21.92297
536.6302, 8.452759
537.1124, 37.48376
537.5945, 50.42175
538.0766, 50.35071
538.5587, 43.04517
539.0408, 30.18750
539.5229, 17.66846
540.0051, 13.81824
540.4872, 18.85095
540.9693, 31.85974
541.4514, 71.35107
541.9335, 98.63428
542.4156, 94.36707
542.8978, 72.83252
543.3799, 53.06421
543.8620, 41.30774
544.3441, 35.39893
544.8262, 33.94714
545.3083, 36.54236
545.7905, 42.28345
546.2726, 52.80066
546.7547, 59.01599
547.2368, 52.36230
547.7189, 35.82959
548.2010, 24.32458
548.6832, 15.03052
549.1653, 14.36987
549.6474, 34.30981
550.1295, 57.87891
550.6116, 64.44470
551.0938, 53.15100
551.5759, 39.86523
552.0580, 38.74414
552.5401, 46.92810
553.0222, 46.29419
553.5043, 30.28479
553.9865, 20.50684
554.4686, 31.75647
554.9507, 45.59058
555.4328, 46.32812
555.9149, 33.59375
556.3970, 21.57886
556.8792, 16.83337
557.3613, 16.44604
557.8434, 17.48914
558.3255, 19.83691
558.8076, 24.42200
559.2897, 32.28357
559.7719, 40.08350
560.2540, 41.38379
560.7361, 33.11658
561.2182, 26.23853
561.7003, 15.48047
562.1824, 11.22925
562.6646, 26.28491
563.1467, 49.61621
563.6288, 60.58728
564.1109, 49.59888
564.5930, 30.21106
565.0751, 19.08167
565.5573, 15.12878
566.0394, 7.797363
566.5215, 6.922852
567.0036, 15.74365
567.4857, 1.821289
567.9678, 29.23328
568.4500, 39.53455
568.9321, 2.637817
569.4142, 22.39685
569.8963, 3.471436
570.3784, 27.13171
570.8605, 28.56421
571.3427, 0.5070800
571.8248, 26.89453
572.3069, 21.03906
572.7890, 9.732178
573.2711, 29.17346
573.7532, 35.81482
574.2354, 34.81030
574.7175, 18.99170
575.1996, 2.511963
575.6817, 1.660522
576.1638, 6.363037
576.6459, 16.41455
577.1281, 31.16077
577.6102, 41.13940
578.0923, 31.50110
578.5744, 8.915771
579.0565, 4.875732
579.5386, 1.238159
580.0208, 10.82935
580.5029, 18.34717
580.9850, 20.97668
581.4671, 20.52356
581.9492, 14.65601
582.4313, 8.035522
582.9134, 2.043701
583.3955, 10.61230
583.8776, 8.961304
584.3597, 6.154541
584.8419, 20.86035
585.3240, 21.12512
585.8061, 12.65601
586.2882, 9.824707
586.7703, 14.05200
587.2524, 20.07471
587.7346, 25.75342
588.2167, 29.96826
588.6988, 28.81714
589.1809, 15.86194
589.6630, 7.378540
590.1451, 8.865234
590.6273, 10.48682
591.1094, 1.113647
591.5915, 13.88647
592.0736, 17.68604
592.5557, 1.800659
593.0378, 28.30518
593.5200, 33.68396
594.0021, 19.01709
594.4842, 6.764526
594.9663, 0.7805180
595.4484, 4.310791
595.9305, 4.360718
596.4127, 0.7304690
596.8948, 6.194214
597.3769, 26.08240
597.8590, 37.52979
598.3411, 23.20605
598.8232, 2.697266
599.3054, 1.978760
599.7875, 21.86328
600.2696, 39.51733
600.7517, 33.99866
601.2338, 12.35120
601.7159, 4.119873
602.1981, 12.96057
602.6802, 19.74536
603.1623, 16.88354
603.6444, 12.27283
604.1265, 15.14124
604.6086, 24.86292
605.0908, 31.96643
605.5729, 31.59839
606.0550, 30.46912
606.5371, 34.27380
607.0192, 40.26904
607.5013, 43.36487
607.9835, 41.66663
608.4656, 36.22375
608.9477, 26.91248
609.4298, 13.71851
609.9119, 11.43872
610.3940, 28.34180
610.8762, 40.80286
611.3583, 35.82446
611.8404, 25.05762
612.3225, 19.82666
612.8046, 21.37207
613.2867, 23.57593
613.7689, 24.49365
614.2510, 24.25720
614.7331, 20.99121
615.2152, 16.46997
615.6973, 17.00305
616.1794, 25.54346
616.6616, 38.24939
617.1437, 49.20959
617.6258, 59.08887
618.1079, 57.48169
618.5900, 25.97021
619.0721, 7.000488
619.5543, 28.00195
620.0364, 64.09839
620.5185, 81.29346
621.0006, 71.19043
621.4827, 56.42041
621.9648, 52.43372
622.4470, 51.51221
622.9291, 38.31201
623.4112, 14.98718
623.8933, 1.866089
624.3754, 10.76270
624.8575, 30.58472
625.3397, 37.35376
625.8218, 19.88147
626.3039, 16.89575
626.7860, 50.89319
627.2681, 76.30164
627.7502, 69.28931
628.2324, 45.26794
628.7145, 32.17700
629.1966, 39.83472
629.6787, 48.44287
630.1608, 44.26379
630.6429, 33.95056
631.1251, 26.54895
631.6072, 23.18079
632.0893, 23.74658
632.5714, 28.83423
633.0535, 36.30981
633.5356, 40.41174
634.0178, 40.77002
634.4999, 39.26062
634.9820, 34.78516
635.4641, 29.82983
635.9462, 23.39392
636.4283, 17.69019
636.9105, 16.09119
637.3926, 20.63770
637.8747, 28.90063
638.3568, 43.77295
638.8389, 59.34888
639.3210, 59.98792
639.8032, 44.70874
640.2853, 29.86487
640.7674, 25.89978
641.2495, 29.80237
641.7316, 33.03015
642.2137, 35.91968
642.6959, 38.36609
643.1780, 41.14441
643.6601, 42.78662
644.1422, 42.28455
644.6243, 40.18872
645.1064, 37.40759
645.5886, 34.10669
646.0707, 30.71814
646.5528, 25.60767
647.0349, 21.82837
647.5170, 27.23315
647.9991, 41.73413
648.4813, 55.14783
648.9634, 62.47253
649.4455, 62.75537
649.9276, 54.42468
650.4097, 31.57581
650.8918, 14.86670
651.3740, 3.988403
651.8561, 0.2332760
652.3382, 7.466797
652.8203, 21.23633
653.3024, 29.28467
653.7845, 27.16577
654.2667, 21.61658
654.7488, 13.56934
655.2309, 6.871094
655.7130, 11.70483
656.1951, 27.87183
656.6772, 43.07568
657.1594, 49.86731
657.6415, 49.33594
658.1236, 42.11169
658.6057, 19.04126
659.0878, 11.76221
659.5699, 41.79602
660.0521, 67.62903
660.5342, 65.93054
661.0163, 47.55408
661.4984, 34.20422
661.9805, 32.84509
662.4626, 33.33093
662.9448, 29.96960
663.4269, 24.16992
663.9090, 16.18823
664.3911, 7.135498
664.8732, 1.636841
665.3553, 2.506104
665.8375, 7.894653
666.3196, 14.10938
666.8017, 21.80115
667.2838, 27.91711
667.7659, 33.16052
668.2480, 35.70044
668.7302, 31.93823
669.2123, 25.82666
669.6944, 24.22693
670.1765, 29.16797
670.6586, 35.17236
671.1407, 41.95947
671.6229, 47.01172
672.1050, 48.65271
672.5870, 46.19653
673.0692, 36.38257
673.5513, 17.31592
674.0334, 2.677368
674.5155, 8.433594
674.9976, 1.285889
675.4797, 10.23352
675.9619, 18.83020
676.4440, 24.77539
676.9261, 23.09485
677.4082, 19.81128
677.8903, 26.51355
678.3724, 47.91931
678.8546, 60.32654
679.3367, 47.28467
679.8188, 33.06470
680.3009, 40.22961
680.7830, 58.34534
681.2651, 63.95996
681.7473, 48.51062
682.2294, 27.00586
682.7115, 16.87073
683.1936, 16.13940
683.6757, 9.492310
684.1578, 5.313843
684.6400, 12.27234
685.1221, 1.565430
685.6042, 16.49292
686.0863, 26.23218
686.5684, 25.90039
687.0505, 25.60034
687.5327, 26.29236
688.0148, 26.47400
688.4969, 24.30127
688.9790, 21.19116
689.4611, 21.28259
689.9432, 24.91357
690.4254, 27.54126
690.9075, 25.20825
691.3896, 19.59070
691.8717, 11.17688
692.3538, 1.099731
692.8359, 1.070435
693.3181, 16.36804
693.8002, 34.09998
694.2823, 39.65930
694.7644, 32.78357
695.2465, 26.71899
695.7286, 19.20239
696.2108, 15.74756
696.6929, 19.96509
697.1750, 26.23914
697.6571, 31.16919
698.1392, 34.02319
698.6213, 33.65564
699.1035, 25.47620
699.5856, 18.88318
700.0677, 27.44104
700.5498, 42.47498
701.0319, 44.00024
701.5140, 29.56506
701.9962, 14.52612
702.4783, 11.47559
702.9604, 16.41040
703.4425, 13.43799
703.9246, 1.531128
704.4067, 10.63037
704.8889, 13.56726
705.3710, 7.670288
705.8531, 18.81311
706.3352, 54.42395
706.8173, 69.61377
707.2994, 48.99719
707.7816, 31.09814
708.2637, 30.48999
708.7458, 37.75818
709.2279, 49.55225
709.7100, 61.14209
710.1921, 62.61682
710.6743, 48.80627
711.1564, 30.19690
711.6385, 19.19727
712.1206, 14.66907
712.6027, 18.00342
713.0848, 30.66211
713.5670, 42.39526
714.0491, 48.93591
714.5312, 50.34753
715.0133, 45.96948
715.4954, 31.97681
715.9775, 24.06409
716.4597, 25.23572
716.9418, 28.78333
717.4239, 31.57690
717.9060, 35.62585
718.3881, 46.05078
718.8702, 63.10095
719.3524, 75.71130
719.8345, 74.41016
720.3166, 65.78796
720.7987, 55.20312
721.2808, 44.72168
721.7629, 43.23181
722.2451, 53.33765
722.7272, 62.60095
723.2093, 57.02979
723.6914, 38.78870
724.1735, 29.73816
724.6556, 32.94458
725.1378, 38.26111
725.6199, 48.27588
726.1020, 55.06897
726.5841, 49.97668
727.0662, 35.95398
727.5483, 26.11292
728.0305, 22.01746
728.5126, 23.62744
728.9947, 37.57788
729.4768, 52.74890
729.9589, 56.93628
730.4410, 50.95142
730.9232, 41.63989
731.4053, 31.90344
731.8874, 24.64551
732.3695, 28.06287
732.8516, 40.82568
733.3337, 47.55981
733.8159, 46.22949
734.2980, 41.50867
734.7801, 34.51819
735.2622, 27.83997
735.7443, 27.37317
736.2264, 35.39697
736.7086, 43.34863
737.1907, 57.62512
737.6728, 64.51257
738.1549, 51.03174
738.6370, 31.88879
739.1191, 27.82629
739.6013, 42.02979
740.0834, 52.77625
740.5655, 43.38391
741.0476, 29.89734
741.5297, 29.55798
742.0118, 36.56226
742.4940, 37.66699
742.9761, 30.89478
743.4582, 22.97852
743.9403, 20.51184
744.4224, 21.67493
744.9045, 15.62268
745.3867, 0.1849370
745.8688, 5.186768
746.3509, 6.561646
746.8330, 23.58936
747.3151, 39.09058
747.7972, 51.91333
748.2794, 55.86316
748.7615, 42.49927
749.2436, 32.86047
749.7257, 29.33350
750.2078, 29.80322
750.6899, 36.26978
751.1721, 45.95703
751.6542, 53.20129
752.1363, 56.23291
752.6184, 54.64709
753.1005, 44.11108
753.5826, 30.57837
754.0648, 24.49231
754.5469, 25.55042
755.0290, 28.64026
755.5111, 31.63562
755.9932, 35.49951
756.4753, 43.12769
756.9575, 54.55005
757.4396, 53.32617
757.9217, 31.60681
758.4038, 19.92371
758.8859, 35.30688
759.3680, 56.82751
759.8502, 59.25012
760.3323, 44.71118
760.8144, 37.18457
761.2965, 49.27722
761.7786, 54.42517
762.2607, 35.79858
762.7428, 13.76758
763.2249, 8.659546
763.7070, 18.67725
764.1891, 28.51892
764.6713, 31.61841
765.1534, 29.81580
765.6355, 22.70996
766.1176, 12.77002
766.5997, 6.541870
767.0818, 4.153198
767.5640, 0.8182370
768.0461, 12.50757
768.5282, 23.74536
769.0103, 19.59241
769.4924, 2.809814
769.9745, 16.56750
770.4567, 19.00171
770.9388, 18.53345
771.4209, 15.25464
771.9030, 12.85571
772.3851, 17.03357
772.8672, 27.91211
773.3494, 36.70801
773.8315, 40.73511
774.3136, 44.53821
774.7957, 53.57300
775.2778, 60.57935
775.7599, 52.62744
776.2421, 34.01648
776.7242, 27.15356
777.2063, 49.35181
777.6884, 75.92920
778.1705, 77.66772
778.6526, 63.28625
779.1348, 50.60522
779.6169, 42.53455
780.0990, 41.57593
780.5811, 49.90515
781.0632, 61.32776
781.5453, 62.10193
782.0275, 50.16467
782.5096, 46.83948
782.9917, 56.35132
783.4738, 63.44885
783.9559, 59.62976
784.4380, 52.22485
784.9202, 52.57043
785.4023, 61.60913
785.8844, 66.17334
786.3665, 63.48303
786.8486, 59.04700
787.3307, 49.59424
787.8129, 42.61987
788.2950, 50.51672
788.7771, 68.72937
789.2592, 75.84668
789.7413, 57.82007
790.2234, 34.06750
790.7056, 18.26904
791.1877, 10.78662
791.6698, 16.28784
792.1519, 31.94568
792.6340, 44.14319
793.1161, 45.53564
793.5983, 42.75610
794.0804, 48.54907
794.5625, 62.19043
795.0446, 63.93237
795.5267, 51.06482
796.0089, 40.07153
796.4910, 37.79504
796.9731, 39.36890
797.4552, 39.56042
797.9373, 38.58130
798.4194, 32.46924
798.9016, 10.39673
799.3837, 2.262695
799.8658, 7.573730
800.3479, 19.64673
800.8300, 15.51758
801.3121, 0.4185790
801.7943, 4.773315
802.2764, 10.51001
802.7585, 24.28613
803.2406, 22.55188
803.7227, 14.82422
804.2048, 10.96057
804.6870, 10.35974
805.1691, 10.15173
805.6512, 9.206421
806.1333, 7.529053
806.6154, 2.351318
807.0975, 3.001587
807.5797, 4.035645
808.0618, 22.02087
808.5439, 35.19543
809.0260, 38.84924
809.5081, 34.95166
809.9902, 23.28479
810.4724, 6.624634
810.9545, 6.432373
811.4366, 30.64026
811.9187, 48.05908
812.4008, 50.90210
812.8829, 51.54175
813.3651, 60.88538
813.8472, 73.33911
814.3293, 74.99341
814.8114, 61.29968
815.2935, 48.49915
815.7756, 33.82336
816.2578, 26.14502
816.7399, 34.98718
817.2220, 51.30713
817.7041, 64.66553
818.1862, 72.43799
818.6683, 73.60303
819.1505, 64.83484
819.6326, 51.63794
820.1147, 35.83838
820.5968, 20.73682
821.0789, 13.91980
821.5610, 15.44250
822.0432, 17.89026
822.5253, 16.46118
823.0074, 13.11609
823.4895, 10.48804
823.9716, 8.866577
824.4537, 11.33936
824.9359, 18.22681
825.4180, 29.92004
825.9001, 48.42419
826.3822, 64.33215
826.8643, 62.36084
827.3464, 41.37231
827.8286, 32.38684
828.3107, 46.26318
828.7928, 51.19885
829.2749, 26.62292
829.7570, 2.539795
830.2391, 8.488647
830.7213, 36.27881
831.2034, 50.71228
831.6855, 41.03809
832.1676, 30.46631
832.6497, 23.33862
833.1318, 18.40833
833.6140, 14.41394
834.0961, 12.09875
834.5782, 13.94678
835.0603, 20.70886
835.5424, 26.37317
836.0245, 25.31250
836.5067, 22.07703
836.9888, 22.56982
837.4709, 25.32678
837.9530, 24.96985
838.4351, 20.99597
838.9172, 15.19714
839.3994, 8.230469
839.8815, 2.209961
840.3636, 2.210571
840.8457, 7.815308
841.3278, 16.58716
841.8099, 28.84204
842.2921, 35.20007
842.7742, 29.49438
843.2563, 17.77673
843.7384, 10.41321
844.2205, 7.073853
844.7026, 11.26257
845.1848, 32.38586
845.6669, 42.50598
846.1490, 26.00806
846.6311, 3.594360
847.1132, 4.897217
847.5953, 0.6029050
848.0775, 5.103027
848.5596, 17.27893
849.0417, 22.82983
849.5238, 11.21277
850.0059, 0.7637940
850.4880, 7.346680
850.9702, 22.36462
851.4523, 27.75366
851.9343, 18.47070
852.4164, 10.74084
852.8986, 15.33508
853.3807, 23.00134
853.8628, 27.82483
854.3449, 29.34534
854.8270, 25.46912
855.3091, 17.32080
855.7913, 11.83899
856.2734, 14.36194
856.7555, 20.08118
857.2376, 23.45752
857.7197, 24.00024
858.2018, 16.42078
858.6840, 1.884399
859.1661, 5.841431
859.6482, 8.6669996E-02
860.1303, 14.39600
860.6124, 33.29382
861.0945, 55.16699
861.5767, 53.79089
862.0588, 23.54211
862.5409, 5.564453
863.0230, 13.45996
863.5051, 28.53259
863.9872, 36.19739
864.4694, 36.87195
864.9515, 32.10852
865.4336, 13.98901
865.9157, 7.280151
866.3978, 21.48047
866.8799, 36.41577
867.3621, 47.00183
867.8442, 51.47339
868.3263, 44.40125
868.8084, 24.23169
869.2905, 11.72656
869.7726, 14.61255
870.2548, 20.37170
870.7369, 26.93079
871.2190, 32.43799
871.7011, 36.54224
872.1832, 38.21753
872.6653, 33.50818
873.1475, 17.73499
873.6296, 7.172241
874.1117, 21.88110
874.5938, 39.60278
875.0759, 30.33179
875.5580, 6.695801
876.0402, 1.372925
876.5223, 21.46973
877.0044, 40.49304
877.4865, 32.75110
877.9686, 15.32324
878.4507, 19.37439
878.9329, 37.38647
879.4150, 46.02246
879.8971, 42.33191
880.3792, 33.98059
880.8613, 24.99707
881.3434, 17.12549
881.8256, 13.19299
882.3077, 13.18652
882.7898, 19.08521
883.2719, 32.32446
883.7540, 33.72949
884.2361, 14.25110
884.7183, 6.465088
885.2004, 8.048706
885.6825, 5.499268
886.1646, 9.864136
886.6467, 1.433716
887.1288, 6.094727
887.6110, 14.91858
888.0931, 16.95691
888.5752, 3.252686
889.0573, 16.79651
889.5394, 26.54065
890.0215, 23.51770
890.5037, 23.58765
890.9858, 33.14026
891.4679, 37.26904
891.9500, 24.48157
892.4321, 12.14380
892.9142, 19.71191
893.3964, 39.19385
893.8785, 42.18274
894.3606, 13.51147
894.8427, 5.656006
895.3248, 6.047119
895.8069, 23.59375
896.2891, 31.05457
896.7712, 33.08691
897.2533, 39.34607
897.7354, 50.37756
898.2175, 56.09900
898.6996, 48.74866
899.1818, 37.25720
899.6639, 27.81238
900.1460, 19.32959
900.6281, 8.291382
901.1102, 3.106812
901.5923, 6.104492
902.0745, 2.806763
902.5566, 11.60876
903.0387, 3.506470
903.5208, 10.91956
904.0029, 10.70679
904.4850, 0.6793210
904.9672, 11.54675
905.4493, 19.68018
905.9314, 26.25464
906.4135, 32.34375
906.8956, 36.95984
907.3777, 35.91357
907.8599, 30.72778
908.3420, 36.65527
908.8241, 54.53040
909.3062, 63.95581
909.7883, 56.44885
910.2704, 43.66248
910.7526, 38.71033
911.2347, 40.25488
911.7168, 40.01318
912.1989, 37.76917
912.6810, 34.67969
913.1631, 30.21069
913.6453, 26.89343
914.1274, 25.90894
914.6095, 27.25317
915.0916, 30.77673
915.5737, 36.30579
916.0558, 46.19189
916.5380, 67.93823
917.0201, 78.99231
917.5022, 65.40967
917.9843, 50.36755
918.4664, 56.35718
918.9485, 76.33643
919.4307, 83.03430
919.9128, 70.91699
920.3949, 57.40344
920.8770, 37.03528
921.3591, 22.77100
921.8412, 24.57239
922.3234, 31.42346
922.8055, 31.04395
923.2876, 23.37598
923.7697, 16.27063
924.2518, 7.326904
924.7339, 4.836914
925.2161, 17.10645
925.6982, 30.81958
926.1803, 39.30652
926.6624, 41.39099
927.1445, 32.59680
927.6266, 12.36829
928.1088, 1.493530
928.5909, 20.19910
929.0730, 39.33728
929.5551, 36.20703
930.0372, 26.05334
930.5193, 28.73560
931.0015, 41.70044
931.4836, 49.27527
931.9657, 46.06750
932.4478, 41.96448
932.9299, 47.87964
933.4120, 54.02039
933.8942, 43.37854
934.3763, 26.91101
934.8584, 29.83215
935.3405, 52.65942
935.8226, 72.83362
936.3047, 76.48364
936.7869, 70.20813
937.2690, 56.42944
937.7511, 41.48853
938.2332, 40.53381
938.7153, 50.62927
939.1974, 60.88318
939.6796, 67.06213
940.1617, 63.84729
940.6438, 42.03967
941.1259, 15.91602
941.6080, 20.73474
942.0901, 46.66846
942.5722, 49.83093
943.0543, 28.84143
943.5364, 16.58057
944.0186, 27.41199
944.5007, 44.64014
944.9828, 46.76477
945.4649, 36.99915
945.9470, 28.37036
946.4291, 22.10071
946.9113, 25.52209
947.3934, 40.40271
947.8755, 47.41174
948.3576, 32.89697
948.8397, 11.72046
949.3218, 12.86511
949.8040, 35.75305
950.2861, 46.98450
950.7682, 44.53503
951.2503, 48.26282
951.7324, 65.65808
952.2145, 77.96130
952.6967, 67.56287
953.1788, 45.21765
953.6609, 41.23755
954.1430, 61.35498
954.6251, 67.38062
955.1072, 52.97278
955.5894, 45.82007
956.0715, 58.49463
956.5536, 74.94250
957.0357, 80.06055
957.5178, 74.87488
957.9999, 63.64050
958.4821, 40.35950
958.9642, 28.77698
959.4463, 38.08655
959.9284, 42.85449
960.4105, 24.11743
960.8926, 3.996704
961.3748, 14.41956
961.8569, 54.43140
962.3390, 74.27063
962.8211, 60.77502
963.3032, 50.44360
963.7853, 44.37305
964.2675, 41.44067
964.7496, 45.93054
965.2317, 52.76172
965.7138, 53.17712
966.1959, 45.60815
966.6780, 43.16174
967.1602, 55.66821
967.6423, 61.14148
968.1244, 46.52661
968.6065, 31.45581
969.0886, 31.65625
969.5707, 40.29858
970.0529, 44.42334
970.5350, 42.58374
971.0171, 40.07715
971.4992, 37.87866
971.9813, 34.33899
972.4634, 23.23132
972.9456, 15.94983
973.4277, 24.61926
973.9098, 43.25171
974.3919, 57.36414
974.8740, 66.82605
975.3561, 66.38745
975.8383, 38.53735
976.3204, 20.13647
976.8025, 35.07153
977.2846, 56.57251
977.7667, 56.29736
978.2488, 40.77637
978.7310, 39.02734
979.2131, 64.90320
979.6952, 78.77087
980.1773, 60.38855
980.6594, 40.04346
981.1415, 30.30225
981.6237, 27.52380
982.1058, 25.50354
982.5879, 25.76038
983.0700, 39.49097
983.5521, 85.30554
984.0342, 106.8544
984.5164, 54.83093
984.9985, 7.819458
985.4806, 27.57886
985.9627, 69.76831
986.4448, 75.63770
986.9269, 44.17908
987.4091, 14.95142
987.8912, 3.840210
988.3733, 10.84265
988.8554, 3.439941
989.3375, 20.46301
989.8196, 28.07922
990.3018, 29.91663
990.7839, 33.18982
991.2660, 37.99219
991.7481, 36.75061
992.2302, 23.39404
992.7123, 9.045410
993.1945, 6.446167
993.6766, 16.25269
994.1587, 14.95532
994.6408, 4.441284
995.1229, 16.74097
995.6050, 46.32007
996.0872, 64.28845
996.5693, 53.47498
997.0514, 42.37939
997.5335, 43.50183
998.0156, 50.48059
998.4977, 63.34229
998.9799, 75.94617
999.4620, 76.90027
999.9441, 65.05737
1000.426, 56.28064
1000.908, 59.12903
1001.390, 64.41760
1001.873, 70.78638
1002.355, 74.78833
1002.837, 72.25330
1003.319, 65.57544
1003.801, 58.87427
1004.283, 53.10449
1004.765, 48.49438
1005.247, 45.88940
1005.729, 43.49780
1006.212, 38.71423
1006.694, 35.29309
1007.176, 39.34290
1007.658, 46.31714
1008.140, 46.11169
1008.622, 36.83740
1009.104, 29.65039
1009.586, 28.26050
1010.069, 31.51733
1010.551, 45.67725
1011.033, 58.16931
1011.515, 54.17383
1011.997, 41.18103
1012.479, 34.18311
1012.961, 36.50146
1013.443, 43.77515
1013.925, 61.51013
1014.408, 74.44849
1014.890, 71.63318
1015.372, 64.34448
1015.854, 65.73486
1016.336, 69.10986
1016.818, 55.28516
1017.300, 20.15076
1017.782, 0.1918950
1018.265, 24.00757
1018.747, 45.95105
1019.229, 48.08569
1019.711, 38.84912
1020.193, 15.25195
1020.675, 10.60669
1021.157, 13.79114
1021.639, 10.64282
1022.121, 25.93835
1022.604, 11.72644
1023.086, 1.937012
1023.568, 0.9161380
1024.050, 1.968750
1024.532, 7.529541
1025.014, 20.63672
1025.496, 17.23584
1025.978, 7.989014
1026.460, 22.35657
1026.943, 10.60046
1027.425, 1.774658
1027.907, 5.668701
1028.389, 14.48499
1028.871, 26.86987
1029.353, 38.50928
1029.835, 41.10742
1030.317, 33.34192
1030.800, 29.31592
1031.282, 40.03857
1031.764, 42.49512
1032.246, 15.99109
1032.728, 4.134521
1033.210, 14.00208
1033.692, 47.98926
1034.174, 60.32214
1034.656, 47.84790
1035.139, 35.66113
1035.621, 19.73938
1036.103, 13.60547
1036.585, 29.18127
1037.067, 44.17297
1037.549, 42.53467
1038.031, 35.50708
1038.513, 41.68848
1038.995, 61.97058
1039.478, 75.01978
1039.960, 77.58301
1040.442, 78.12402
1040.924, 78.67603
1041.406, 75.06201
1041.888, 58.30383
1042.370, 42.23572
1042.852, 48.58081
1043.335, 75.99365
1043.817, 87.28088
1044.299, 73.59692
1044.781, 63.45007
1045.263, 60.14636
1045.745, 57.12036
1046.227, 52.26428
1046.709, 47.24292
1047.192, 40.42493
1047.674, 32.84204
1048.156, 35.45935
1048.638, 55.61584
1049.120, 58.06372
1049.602, 31.56079
1050.084, 16.63623
1050.566, 31.50439
1051.048, 56.14111
1051.531, 70.99280
1052.013, 79.24988
1052.495, 94.66907
1052.977, 120.6160
1053.459, 123.8145
1053.941, 98.87781
1054.423, 76.77954
1054.905, 67.58887
1055.387, 64.89697
1055.870, 64.10486
1056.352, 63.41626
1056.834, 55.10840
1057.316, 39.72119
1057.798, 42.21155
1058.280, 63.28638
1058.762, 75.25342
1059.244, 70.61914
1059.727, 55.62854
1060.209, 33.01172
1060.691, 11.72388
1061.173, 12.00146
1061.655, 28.63989
1062.137, 37.26489
1062.619, 38.37390
1063.101, 39.86963
1063.583, 43.16418
1064.066, 43.83765
1064.548, 39.04773
1065.030, 32.84265
1065.512, 30.61682
1065.994, 31.06458
1066.476, 31.61938
1066.958, 32.23987
1067.440, 34.73267
1067.922, 37.63208
1068.405, 31.71680
1068.887, 12.61841
1069.369, 1.054932
1069.851, 15.60938
1070.333, 42.32849
1070.815, 56.69287
1071.297, 60.42505
1071.779, 51.38745
1072.262, 34.98291
1072.744, 25.14636
1073.226, 26.26599
1073.708, 29.64185
1074.190, 28.82251
1074.672, 28.67456
1075.154, 36.69751
1075.636, 44.07446
1076.118, 38.53284
1076.601, 26.67432
1077.083, 23.95105
1077.565, 32.38794
1078.047, 38.47107
1078.529, 35.13171
1079.011, 29.11292
1079.493, 22.42688
1079.975, 16.11267
1080.458, 4.836060
1080.940, 0.9538570
1081.422, 24.63342
1081.904, 73.54285
1082.386, 83.84705
1082.868, 8.922852
1083.350, 33.35535
1083.832, 9.062744
1084.314, 47.55237
1084.797, 41.10876
1085.279, 20.58533
1085.761, 12.60938
1086.243, 16.04443
1086.725, 25.61707
1087.207, 45.67029
1087.689, 58.54114
1088.171, 66.58582
1088.653, 61.69702
1089.136, 31.83777
1089.618, 6.150391
1090.100, 7.449585
1090.582, 22.88721
1091.064, 27.07410
1091.546, 18.88171
1092.028, 18.73889
1092.510, 28.80054
1092.993, 35.24353
1093.475, 35.28552
1093.957, 34.77417
1094.439, 36.88953
1094.921, 39.32788
1095.403, 39.12866
1095.885, 36.45129
1096.367, 30.28284
1096.849, 21.47705
1097.332, 20.44312
1097.814, 27.46301
1098.296, 32.72583
1098.778, 32.60535
1099.260, 27.22693
1099.742, 14.66418
1100.224, 2.636353
1100.706, 7.753296
1101.188, 22.59937
1101.671, 31.97510
1102.153, 34.98572
1102.635, 29.77429
1103.117, 18.30273
1103.599, 12.04468
1104.081, 17.84265
1104.563, 28.31299
1105.045, 41.25110
1105.528, 50.78027
1106.010, 47.51758
1106.492, 38.61279
1106.974, 34.87280
1107.456, 35.70789
1107.938, 33.69702
1108.420, 26.04102
1108.902, 22.27808
1109.385, 34.14172
1109.867, 41.67639
1110.349, 28.25964
1110.831, 12.95984
1111.313, 11.46106
1111.795, 19.23523
1112.277, 27.81946
1112.759, 36.23181
1113.241, 41.20508
1113.724, 45.10950
1114.206, 41.29395
1114.688, 18.09827
1115.170, 0.9637450
1115.652, 0.3853760
1116.134, 9.633789
1116.616, 24.76257
1117.098, 43.36621
1117.580, 54.58899
1118.063, 60.10168
1118.545, 48.45654
1119.027, 10.53052
1119.509, 5.861328
1119.991, 17.20776
1120.473, 39.58276
1120.955, 31.14392
1121.437, 9.181396
1121.920, 6.102905
1122.402, 19.12183
1122.884, 30.73596
1123.366, 39.91553
1123.848, 29.90796
1124.330, 1.905518
1124.812, 4.307007
1125.294, 28.42957
1125.776, 65.40894
1126.259, 70.99927
1126.741, 60.74548
1127.223, 58.37390
1127.705, 59.21851
1128.187, 55.18005
1128.669, 46.30823
1129.151, 31.78552
1129.633, 13.73840
1130.115, 4.137085
1130.598, 11.98267
1131.080, 20.79712
1131.562, 17.38025
1132.044, 12.74121
1132.526, 14.62109
1133.008, 20.78357
1133.490, 32.37195
1133.972, 44.89490
1134.455, 45.37585
1134.937, 28.54626
1135.419, 17.84241
1135.901, 19.71057
1136.383, 25.65894
1136.865, 46.22644
1137.347, 55.77429
1137.829, 26.42847
1138.312, 11.15979
1138.794, 11.84558
1139.276, 20.82617
1139.758, 39.98340
1140.240, 43.56177
1140.722, 39.38879
1141.204, 22.82324
1141.686, 16.02600
1142.168, 25.33716
1142.651, 36.37073
1143.133, 37.39465
1143.615, 31.62805
1144.097, 24.77039
1144.579, 17.18201
1145.061, 10.53589
1145.543, 4.984741
1146.025, 0.8977050
1146.507, 1.336426
1146.990, 0.7203370
1147.472, 8.101074
1147.954, 17.48169
1148.436, 28.06689
1148.918, 34.60938
1149.400, 26.40576
1149.882, 16.12732
1150.364, 22.29053
1150.847, 36.87781
1151.329, 43.79895
1151.811, 40.71692
1152.293, 37.39270
1152.775, 37.93018
1153.257, 37.91968
1153.739, 35.62195
1154.221, 32.26599
1154.703, 26.52393
1155.186, 21.69739
1155.668, 19.84509
1156.150, 21.55542
1156.632, 28.48962
1157.114, 41.12463
1157.596, 55.52539
1158.078, 80.61902
1158.560, 83.57556
1159.042, 48.84790
1159.525, 23.09387
1160.007, 30.30579
1160.489, 47.12451
1160.971, 46.73694
1161.453, 35.70813
1161.935, 37.17639
1162.417, 49.65320
1162.899, 55.31079
1163.382, 54.28503
1163.864, 53.79614
1164.346, 55.45605
1164.828, 57.10852
1165.310, 57.49683
1165.792, 57.80591
1166.274, 57.42627
1166.756, 59.46643
1167.238, 73.34509
1167.721, 88.89624
1168.203, 92.20276
1168.685, 83.65271
1169.167, 62.23621
1169.649, 30.95032
1170.131, 14.52295
1170.613, 29.93689
1171.095, 47.96423
1171.578, 67.27600
1172.060, 75.83032
1172.542, 59.15906
1173.024, 35.94055
1173.506, 20.93457
1173.988, 14.88086
1174.470, 20.63977
1174.952, 41.07227
1175.434, 50.52917
1175.917, 42.44592
1176.399, 48.73608
1176.881, 79.93396
1177.363, 97.92188
1177.845, 84.37708
1178.327, 56.32971
1178.809, 29.26672
1179.291, 8.975342
1179.773, 18.47815
1180.256, 46.65344
1180.738, 44.00403
1181.220, 18.96777
1181.702, 16.18591
1182.184, 40.40112
1182.666, 60.13708
1183.148, 60.12134
1183.630, 53.72913
1184.113, 45.64429
1184.595, 43.28833
1185.077, 62.90173
1185.559, 81.95508
1186.041, 72.13281
1186.523, 47.83679
1187.005, 34.00488
1187.487, 33.61487
1187.969, 41.23389
1188.452, 67.55090
1188.934, 77.64978
1189.416, 54.96924
1189.898, 38.10950
1190.380, 38.95630
1190.862, 44.25159
1191.344, 45.99915
1191.826, 45.11792
1192.308, 43.32581
1192.791, 40.42249
1193.273, 31.95581
1193.755, 18.67090
1194.237, 20.38220
1194.719, 37.42407
1195.201, 52.24683
1195.683, 59.07324
1196.165, 59.88745
1196.648, 55.72510
1197.130, 51.73596
1197.612, 56.08435
1198.094, 60.94128
1198.576, 52.53333
1199.058, 40.78687
1199.540, 42.73779
1200.022, 53.82031
1200.505, 59.24561
1200.987, 55.76624
1201.469, 47.99341
1201.951, 27.69092
1202.433, 18.27014
1202.915, 36.35059
1203.397, 51.56421
1203.879, 54.21204
1204.361, 46.20764
1204.844, 24.67908
1205.326, 2.278198
1205.808, 13.89111
1206.290, 9.903198
1206.772, 12.95959
1207.254, 23.57031
1207.736, 15.53918
1208.218, 13.93298
1208.700, 36.14624
1209.183, 40.21057
1209.665, 38.96875
1210.147, 42.78918
1210.629, 48.10974
1211.111, 48.75781
1211.593, 49.10254
1212.075, 59.34985
1212.557, 70.92065
1213.040, 60.57825
1213.522, 40.10999
1214.004, 54.68860
1214.486, 116.6946
1214.968, 155.4387
1215.450, 133.8075
1215.932, 110.3694
1216.414, 95.24695
1216.896, 83.95349
1217.379, 74.87427
1217.861, 68.20447
1218.343, 63.95203
1218.825, 62.48328
1219.307, 66.09705
1219.789, 74.67786
1220.271, 72.91467
1220.753, 61.20557
1221.235, 52.50049
1221.718, 48.33972
1222.200, 43.23450
1222.682, 35.65002
1223.164, 36.83081
1223.646, 60.02051
1224.128, 82.03174
1224.610, 66.91858
1225.092, 45.91992
1225.575, 57.58887
1226.057, 82.65723
1226.539, 94.83179
1227.021, 95.61487
1227.503, 99.16919
1227.985, 108.5430
1228.467, 108.1443
1228.949, 81.39722
1229.432, 68.45679
1229.914, 79.58459
1230.396, 91.58496
1230.878, 99.30798
1231.360, 99.40173
1231.842, 87.79919
1232.324, 69.83936
1232.806, 54.29663
1233.288, 42.18176
1233.771, 41.90527
1234.253, 50.14441
1234.735, 51.87732
1235.217, 46.34485
1235.699, 34.34399
1236.181, 20.02698
1236.663, 4.966553
1237.145, 1.052124
1237.627, 4.348145
1238.110, 8.798462
1238.592, 6.166260
1239.074, 16.10254
1239.556, 41.43372
1240.038, 59.74097
1240.520, 67.70837
1241.002, 52.59448
1241.484, 17.78955
1241.967, 14.45728
1242.449, 57.91577
1242.931, 77.70593
1243.413, 67.72632
1243.895, 57.06775
1244.377, 52.44861
1244.859, 54.09143
1245.341, 62.34680
1245.823, 75.20325
1246.306, 95.25891
1246.788, 111.2876
1247.270, 97.40454
1247.752, 69.61621
1248.234, 49.33801
1248.716, 38.57886
1249.198, 41.38269
1249.680, 53.44910
1250.162, 57.02905
1250.645, 44.84888
1251.127, 36.76599
1251.609, 38.08228
1252.091, 37.56458
1252.573, 45.09631
1253.055, 52.22217
1253.537, 60.73132
1254.019, 61.69666
1254.502, 43.78149
1254.984, 17.26074
1255.466, 12.94812
1255.948, 27.27295
1256.430, 29.91870
1256.912, 24.32263
1257.394, 31.80835
1257.876, 49.10913
1258.358, 46.27075
1258.841, 17.51221
1259.323, 1.895020
1259.805, 12.87305
1260.287, 29.93530
1260.769, 31.07825
1261.251, 26.22278
1261.733, 14.60449
1262.215, 5.463013
1262.698, 4.388428
1263.180, 13.66089
1263.662, 13.58691
1264.144, 4.603027
1264.626, 3.8695998E-02
1265.108, 0.0000000E+00
##END=



