##NAMES=Schreibersite
##RRUFFID=R070239
##IDEAL CHEMISTRY=(Fe,Ni,Cr)_3_P
##LOCALITY=Sao Juliao de Moreira meteorite, Ponte de Lima, Viana do Castelo district, Portugal
##OWNER=RRUFF
##SOURCE=Michael Scott
##DESCRIPTION=Silvery fragments with slightly brassy luster, co-type specimen
##STATUS=The identification of this mineral has been confirmed by X-ray diffraction.
##URL=rruff.info/R070239
156.8936, 0.0000000E+00
157.3757, 5.505859
157.8578, 14.42010
158.3399, 28.71228
158.8221, 42.29480
159.3042, 42.94489
159.7863, 16.70093
160.2684, 2.773804
160.7505, 1.081421
161.2326, 25.08459
161.7148, 44.41077
162.1969, 46.00604
162.6790, 38.88483
163.1611, 31.74219
163.6432, 26.79987
164.1253, 23.04144
164.6075, 18.47510
165.0896, 12.97272
165.5717, 12.29602
166.0538, 28.32361
166.5359, 49.68756
167.0180, 60.25397
167.5002, 39.18713
167.9823, 13.77380
168.4644, 7.120300
168.9465, 23.27417
169.4286, 41.76599
169.9107, 47.96289
170.3929, 45.43512
170.8750, 41.90680
171.3571, 40.73981
171.8392, 40.81494
172.3213, 41.48889
172.8034, 43.23560
173.2856, 43.64563
173.7677, 38.90173
174.2498, 30.42200
174.7319, 23.13354
175.2140, 18.71240
175.6961, 17.62097
176.1783, 21.75037
176.6604, 33.90723
177.1425, 46.81506
177.6246, 51.12329
178.1067, 47.62451
178.5888, 41.82751
179.0710, 35.15942
179.5531, 29.13940
180.0352, 28.19714
180.5173, 36.82507
180.9994, 47.47510
181.4815, 44.76807
181.9637, 29.13477
182.4458, 14.60510
182.9279, 16.65869
183.4100, 30.75549
183.8921, 39.34497
184.3742, 33.48706
184.8564, 20.64429
185.3385, 19.93567
185.8206, 32.19727
186.3027, 46.54749
186.7848, 51.07703
187.2669, 47.04382
187.7491, 44.37488
188.2312, 48.30164
188.7133, 56.34412
189.1954, 58.39258
189.6775, 53.40210
190.1596, 46.97449
190.6418, 46.07971
191.1239, 50.61450
191.6060, 56.08228
192.0881, 62.95630
192.5702, 70.37561
193.0524, 69.36755
193.5345, 58.12976
194.0166, 43.17273
194.4987, 34.25610
194.9808, 31.62109
195.4629, 31.39270
195.9451, 32.52917
196.4272, 35.02307
196.9093, 36.51257
197.3914, 36.51343
197.8735, 36.15601
198.3556, 37.93384
198.8378, 42.18457
199.3199, 46.33679
199.8020, 48.82434
200.2841, 49.48975
200.7662, 50.50244
201.2483, 52.33789
201.7305, 54.26782
202.2126, 54.21619
202.6947, 51.71460
203.1768, 48.97546
203.6589, 47.60071
204.1410, 47.93213
204.6232, 46.76978
205.1053, 42.66809
205.5874, 37.59460
206.0695, 39.57007
206.5516, 51.92822
207.0337, 63.64124
207.5159, 66.22583
207.9980, 57.44214
208.4801, 49.87000
208.9622, 45.17114
209.4443, 42.84692
209.9264, 40.04089
210.4086, 35.68042
210.8907, 33.00330
211.3728, 35.60632
211.8549, 46.01379
212.3370, 53.05359
212.8191, 54.41162
213.3013, 50.75574
213.7834, 48.04297
214.2655, 47.24634
214.7476, 46.06531
215.2297, 42.16040
215.7118, 33.47656
216.1940, 27.01636
216.6761, 24.23694
217.1582, 25.05859
217.6403, 28.25073
218.1224, 35.33008
218.6045, 42.64014
219.0867, 46.09363
219.5688, 44.22583
220.0509, 41.81494
220.5330, 39.65552
221.0151, 37.73120
221.4972, 36.49243
221.9794, 37.08813
222.4615, 37.09583
222.9436, 32.91553
223.4257, 20.10291
223.9078, 12.67493
224.3899, 16.31360
224.8721, 32.33447
225.3542, 38.30591
225.8363, 28.24463
226.3184, 13.86926
226.8005, 9.823242
227.2827, 22.42883
227.7648, 33.39832
228.2469, 38.27710
228.7290, 36.56934
229.2111, 32.18213
229.6932, 22.92297
230.1754, 12.79883
230.6575, 7.113892
231.1396, 7.589478
231.6217, 9.565186
232.1038, 11.91956
232.5859, 14.62268
233.0681, 17.99353
233.5502, 22.75977
234.0323, 27.65356
234.5144, 31.27466
234.9965, 35.05005
235.4786, 34.85889
235.9608, 27.11890
236.4429, 7.935181
236.9250, 0.4556880
237.4071, 11.52295
237.8892, 30.07361
238.3713, 38.49121
238.8535, 30.69495
239.3356, 22.97827
239.8177, 21.35767
240.2998, 28.77673
240.7819, 30.49878
241.2640, 23.06738
241.7462, 11.99670
242.2283, 6.811768
242.7104, 9.615234
243.1925, 14.93030
243.6746, 22.16711
244.1567, 33.84924
244.6389, 38.29468
245.1210, 32.19812
245.6031, 20.77063
246.0852, 14.19568
246.5673, 14.53711
247.0494, 16.23120
247.5316, 17.42664
248.0137, 17.89465
248.4958, 18.51086
248.9779, 18.58252
249.4600, 19.18958
249.9421, 23.06543
250.4243, 33.78516
250.9064, 41.44312
251.3885, 42.06628
251.8706, 33.85596
252.3527, 23.67175
252.8348, 8.024048
253.3170, 6.708496
253.7991, 8.073242
254.2812, 11.10022
254.7633, 26.82019
255.2454, 28.81226
255.7275, 11.00244
256.2097, 2.811646
256.6918, 7.666016
257.1739, 19.92468
257.6560, 29.32153
258.1381, 35.31982
258.6202, 39.57520
259.1024, 43.63037
259.5845, 49.13342
260.0666, 46.36353
260.5487, 30.68042
261.0308, 10.25134
261.5129, 0.4320070
261.9951, 5.342529
262.4772, 11.18799
262.9593, 11.80518
263.4414, 5.152832
263.9235, 3.648315
264.4056, 9.563232
264.8878, 18.51489
265.3699, 23.00122
265.8520, 22.27930
266.3341, 19.30603
266.8162, 14.13721
267.2983, 5.864136
267.7805, 1.566650
268.2626, 1.866699
268.7447, 5.512329
269.2268, 12.10046
269.7089, 23.88330
270.1910, 30.45056
270.6732, 25.41919
271.1553, 6.968628
271.6374, 5.021606
272.1195, 9.786865
272.6016, 9.221069
273.0837, 4.784058
273.5659, 4.759644
274.0480, 11.98950
274.5301, 12.70007
275.0122, 6.525024
275.4943, 4.879517
275.9764, 9.217773
276.4586, 15.34949
276.9407, 15.94043
277.4228, 10.24402
277.9049, 6.730469
278.3870, 10.69019
278.8691, 21.68677
279.3513, 25.35278
279.8334, 20.30469
280.3155, 11.56201
280.7976, 3.968994
281.2798, 2.478149
281.7619, 4.365356
282.2440, 1.374878
282.7261, 13.57214
283.2082, 24.05298
283.6903, 33.21887
284.1725, 39.19348
284.6546, 38.47388
285.1367, 31.27625
285.6188, 23.25537
286.1009, 15.36414
286.5830, 8.165894
287.0652, 4.300293
287.5473, 3.983398
288.0294, 5.847290
288.5115, 9.011841
288.9936, 13.35815
289.4757, 17.69824
289.9579, 21.69580
290.4400, 25.41211
290.9221, 29.74011
291.4042, 34.83850
291.8863, 38.53674
292.3684, 39.06458
292.8506, 36.42285
293.3327, 30.30383
293.8148, 16.99829
294.2969, 2.194580
294.7790, 1.737915
295.2611, 5.228516
295.7433, 14.48755
296.2254, 17.72852
296.7075, 17.30847
297.1896, 20.30493
297.6717, 33.40381
298.1538, 47.05823
298.6360, 41.89014
299.1181, 19.64136
299.6002, 1.357910
300.0823, 11.75708
300.5644, 36.50464
301.0465, 47.14954
301.5287, 28.10486
302.0108, 2.198608
302.4929, 3.183228
302.9750, 8.966431
303.4571, 21.73145
303.9392, 23.82898
304.4214, 19.68079
304.9035, 14.88086
305.3856, 9.738281
305.8677, 6.058960
306.3498, 4.255127
306.8319, 4.922485
307.3141, 10.36035
307.7962, 31.22986
308.2783, 52.83862
308.7604, 59.71228
309.2425, 43.93298
309.7246, 23.18115
310.2068, 3.682251
310.6889, 12.64429
311.1710, 21.32031
311.6531, 13.43262
312.1352, 0.6250000
312.6173, 8.255005
313.0995, 11.25903
313.5816, 11.66138
314.0637, 6.378906
314.5458, 0.1652830
315.0279, 0.2738040
315.5100, 22.48865
315.9922, 43.75769
316.4743, 49.99963
316.9564, 35.62805
317.4385, 22.70544
317.9206, 19.19409
318.4027, 21.32593
318.8849, 23.83386
319.3670, 26.56482
319.8491, 28.32483
320.3312, 27.46313
320.8133, 22.81665
321.2954, 22.08411
321.7776, 34.20581
322.2597, 48.12439
322.7418, 52.05518
323.2239, 30.82422
323.7060, 12.90918
324.1881, 5.436401
324.6703, 9.288574
325.1524, 15.19189
325.6345, 28.30432
326.1166, 40.09985
326.5987, 43.74731
327.0808, 28.43481
327.5630, 17.64050
328.0451, 13.98523
328.5272, 17.34399
329.0093, 25.78882
329.4914, 48.04980
329.9735, 66.89661
330.4557, 70.90930
330.9378, 49.56982
331.4199, 31.83386
331.9020, 19.73657
332.3841, 13.29175
332.8662, 9.014893
333.3484, 8.009766
333.8305, 7.546753
334.3126, 5.347778
334.7947, 0.9160160
335.2768, 0.8221440
335.7589, 9.860107
336.2411, 25.12524
336.7232, 27.86829
337.2053, 12.81335
337.6874, 0.5831300
338.1695, 3.942993
338.6516, 25.74670
339.1338, 36.60559
339.6159, 33.03259
340.0980, 23.31873
340.5801, 21.95496
341.0622, 30.10803
341.5443, 35.61792
342.0265, 29.55994
342.5086, 14.27844
342.9907, 14.94458
343.4728, 35.05420
343.9549, 57.37817
344.4370, 56.56396
344.9192, 35.29980
345.4013, 19.47327
345.8834, 22.20642
346.3655, 35.90149
346.8476, 39.88440
347.3297, 33.90295
347.8119, 25.51343
348.2940, 21.59851
348.7761, 20.94421
349.2582, 19.61377
349.7403, 14.48608
350.2225, 10.19629
350.7046, 16.45996
351.1867, 31.76062
351.6688, 43.90784
352.1509, 41.45874
352.6331, 30.87512
353.1152, 22.13538
353.5973, 16.72595
354.0794, 13.62488
354.5615, 13.30322
355.0436, 15.24329
355.5258, 17.66907
356.0079, 20.31433
356.4900, 22.62146
356.9721, 23.53906
357.4542, 21.99438
357.9363, 22.15820
358.4185, 29.40186
358.9006, 39.62097
359.3827, 45.71375
359.8648, 40.84412
360.3469, 34.16089
360.8290, 30.60132
361.3112, 30.52747
361.7933, 32.21924
362.2754, 40.34644
362.7575, 48.02246
363.2396, 47.76086
363.7217, 26.90894
364.2039, 8.901489
364.6860, 0.5062260
365.1681, 1.911133
365.6502, 4.711304
366.1323, 8.687012
366.6144, 13.31018
367.0966, 18.26489
367.5787, 25.83130
368.0608, 30.83838
368.5429, 30.60840
369.0250, 26.68665
369.5071, 26.93250
369.9893, 35.83533
370.4714, 43.53796
370.9535, 45.02625
371.4356, 36.68811
371.9177, 30.15063
372.3998, 25.07751
372.8820, 22.11060
373.3641, 23.26917
373.8462, 30.37720
374.3283, 36.71387
374.8104, 39.95325
375.2925, 40.13623
375.7747, 36.20874
376.2568, 26.62708
376.7389, 15.94104
377.2210, 9.774414
377.7031, 8.164063
378.1852, 10.86914
378.6674, 20.28101
379.1495, 33.82153
379.6316, 40.80554
380.1137, 40.91919
380.5958, 36.72827
381.0779, 26.39490
381.5601, 12.23926
382.0422, 7.636963
382.5243, 20.08923
383.0064, 37.53015
383.4885, 37.04150
383.9706, 20.97961
384.4528, 6.694214
384.9349, 8.671265
385.4170, 19.39392
385.8991, 27.41309
386.3812, 31.93652
386.8633, 30.89478
387.3455, 15.80225
387.8276, 6.601196
388.3097, 21.07812
388.7918, 13.10400
389.2739, 1.678467
389.7560, 10.71423
390.2382, 12.60754
390.7203, 13.97925
391.2024, 20.08533
391.6845, 27.04993
392.1666, 30.82166
392.6487, 26.31445
393.1309, 20.55688
393.6130, 14.68384
394.0951, 8.924927
394.5772, 7.148438
395.0593, 15.87549
395.5414, 25.31067
396.0236, 29.44348
396.5057, 21.21973
396.9878, 14.85181
397.4699, 12.52124
397.9520, 13.11108
398.4341, 13.13513
398.9163, 12.67773
399.3984, 11.54370
399.8805, 9.195190
400.3626, 4.300903
400.8447, 2.947876
401.3268, 5.258179
401.8090, 10.18079
402.2911, 17.21973
402.7732, 29.23389
403.2553, 35.28540
403.7374, 29.51538
404.2195, 13.04846
404.7017, 7.746704
405.1838, 16.50940
405.6659, 28.65723
406.1480, 34.43567
406.6301, 33.79321
407.1122, 33.23596
407.5944, 34.68176
408.0765, 36.25964
408.5586, 31.87952
409.0407, 21.68518
409.5228, 11.23328
410.0049, 2.656616
410.4871, 3.334717
410.9692, 4.340210
411.4513, 0.3826900
411.9334, 8.153564
412.4155, 19.41101
412.8976, 31.89087
413.3798, 38.74963
413.8619, 31.09668
414.3440, 19.80603
414.8261, 17.12646
415.3082, 23.29700
415.7903, 29.76172
416.2725, 30.62573
416.7546, 28.83081
417.2367, 27.75903
417.7188, 29.75049
418.2009, 31.25891
418.6830, 29.76233
419.1652, 26.19214
419.6473, 23.98193
420.1294, 27.69495
420.6115, 30.54846
421.0937, 27.46899
421.5758, 10.87683
422.0579, 3.480957
422.5400, 19.45312
423.0221, 44.03687
423.5042, 52.96399
423.9864, 27.98730
424.4685, 6.825684
424.9506, 1.612427
425.4327, 3.742554
425.9148, 9.807617
426.3969, 18.12415
426.8791, 25.40698
427.3612, 28.36023
427.8433, 25.62634
428.3254, 22.66675
428.8075, 19.76758
429.2896, 17.32935
429.7718, 17.44104
430.2539, 20.77332
430.7360, 23.13208
431.2181, 19.68689
431.7002, 11.26477
432.1823, 11.02161
432.6645, 20.88660
433.1466, 34.71057
433.6287, 45.59558
434.1108, 53.56067
434.5929, 58.07227
435.0750, 57.95154
435.5572, 54.55078
436.0393, 49.07202
436.5214, 41.63635
437.0035, 34.79150
437.4856, 31.79382
437.9677, 30.30518
438.4499, 26.66235
438.9320, 17.83594
439.4141, 10.22217
439.8962, 9.371582
440.3783, 13.39099
440.8604, 17.40027
441.3426, 19.78955
441.8247, 21.53064
442.3068, 21.43188
442.7889, 19.17297
443.2710, 19.07910
443.7531, 25.72217
444.2353, 33.77930
444.7174, 37.73914
445.1995, 28.01196
445.6816, 23.83093
446.1637, 31.80322
446.6458, 51.59875
447.1280, 62.33325
447.6101, 60.43127
448.0922, 51.70520
448.5743, 37.05212
449.0564, 8.323608
449.5385, 3.820801
450.0207, 6.377197
450.5028, 29.21802
450.9849, 48.61914
451.4670, 65.97034
451.9491, 73.77246
452.4312, 65.02307
452.9134, 42.61255
453.3955, 29.15540
453.8776, 25.26599
454.3597, 26.04529
454.8418, 29.42944
455.3239, 34.17932
455.8061, 34.68201
456.2882, 28.63135
456.7703, 19.44434
457.2524, 9.409058
457.7345, 0.3282470
458.2166, 5.226074
458.6988, 1.146362
459.1809, 11.98535
459.6630, 20.23108
460.1451, 25.18359
460.6272, 28.01672
461.1093, 28.17175
461.5915, 27.03442
462.0736, 26.30505
462.5557, 27.81140
463.0378, 28.58130
463.5199, 27.72742
464.0020, 25.44226
464.4842, 21.44641
464.9663, 8.426392
465.4484, 0.4379880
465.9305, 2.967896
466.4126, 34.36511
466.8947, 50.47412
467.3769, 41.54968
467.8590, 21.60657
468.3411, 13.79529
468.8232, 25.03772
469.3053, 36.48486
469.7874, 43.35718
470.2696, 45.54260
470.7517, 43.33325
471.2338, 35.14661
471.7159, 27.46545
472.1980, 27.16028
472.6801, 34.02173
473.1623, 37.67078
473.6444, 34.94153
474.1265, 31.76404
474.6086, 42.06226
475.0907, 63.29810
475.5728, 79.06580
476.0550, 77.16406
476.5371, 65.47412
477.0192, 56.76257
477.5013, 51.48462
477.9834, 45.41760
478.4655, 32.27734
478.9477, 17.23096
479.4298, 7.052246
479.9119, 3.606689
480.3940, 5.490967
480.8761, 16.86926
481.3582, 33.66711
481.8404, 43.98254
482.3225, 37.57495
482.8046, 28.85974
483.2867, 24.90210
483.7688, 27.43347
484.2509, 30.00439
484.7331, 29.97827
485.2152, 30.89233
485.6973, 36.41199
486.1794, 50.23267
486.6615, 62.40686
487.1436, 73.00269
487.6258, 81.02930
488.1079, 80.33545
488.5900, 67.80237
489.0721, 55.14771
489.5542, 51.28284
490.0363, 56.35059
490.5185, 49.14380
491.0006, 25.67566
491.4827, 1.611084
491.9648, 1.278687
492.4470, 20.39600
492.9291, 35.56592
493.4112, 36.60461
493.8933, 31.01782
494.3754, 28.56458
494.8575, 29.23230
495.3397, 33.01038
495.8218, 45.48804
496.3039, 58.43445
496.7860, 62.45654
497.2681, 55.12598
497.7502, 43.47131
498.2324, 23.41418
498.7145, 3.446655
499.1966, 5.238525
499.6787, 15.65283
500.1608, 33.36414
500.6429, 37.04895
501.1251, 27.24133
501.6072, 16.14465
502.0893, 1.926636
502.5714, 15.44861
503.0535, 18.28601
503.5356, 4.863525
504.0178, 5.990601
504.4999, 13.80957
504.9820, 19.36243
505.4641, 24.89197
505.9462, 31.49316
506.4283, 31.57507
506.9105, 18.88672
507.3926, 1.425903
507.8747, 3.951660
508.3568, 11.91614
508.8389, 28.30347
509.3210, 29.90674
509.8032, 21.93372
510.2853, 19.80432
510.7674, 26.73865
511.2495, 33.97070
511.7316, 31.52649
512.2137, 22.77209
512.6959, 14.61621
513.1780, 8.363403
513.6601, 4.922119
514.1422, 5.736450
514.6243, 10.35059
515.1064, 15.67749
515.5886, 22.80127
516.0707, 28.28662
516.5528, 30.55518
517.0349, 27.88818
517.5170, 24.20007
517.9991, 16.91284
518.4813, 9.968262
518.9634, 9.171631
519.4455, 21.41455
519.9276, 27.54822
520.4097, 20.51599
520.8918, 3.434326
521.3740, 2.276611
521.8561, 6.595581
522.3382, 16.19031
522.8203, 15.82434
523.3024, 6.180420
523.7845, 3.229004
524.2667, 9.201416
524.7488, 16.33765
525.2309, 13.71191
525.7130, 4.043213
526.1951, 3.255371
526.6772, 5.208740
527.1594, 2.995239
527.6415, 3.407227
528.1236, 13.23340
528.6057, 23.33960
529.0878, 35.87378
529.5699, 45.30115
530.0521, 45.60522
530.5342, 33.53564
531.0163, 23.87683
531.4984, 22.45911
531.9805, 25.30029
532.4626, 28.14575
532.9448, 34.89209
533.4269, 36.05640
533.9090, 27.10205
534.3911, 12.10693
534.8732, 3.932617
535.3553, 1.938232
535.8375, 5.481201
536.3196, 17.24329
536.8017, 38.22729
537.2838, 48.95801
537.7659, 48.17676
538.2480, 41.56653
538.7302, 32.73657
539.2123, 22.38281
539.6944, 16.64380
540.1765, 18.56384
540.6586, 22.50378
541.1407, 19.81189
541.6229, 12.13489
542.1050, 5.396973
542.5871, 1.248169
543.0692, 0.4189450
543.5513, 5.740967
544.0334, 17.19922
544.5156, 25.82544
544.9977, 24.96484
545.4798, 20.95605
545.9619, 18.79370
546.4440, 20.90527
546.9261, 22.67505
547.4083, 21.95898
547.8904, 20.84497
548.3725, 23.61914
548.8546, 35.98743
549.3367, 42.58105
549.8188, 37.50928
550.3010, 22.27905
550.7831, 13.83411
551.2652, 13.58142
551.7473, 15.42786
552.2294, 13.97815
552.7115, 10.05908
553.1937, 11.96313
553.6758, 21.53845
554.1579, 32.89612
554.6400, 39.27490
555.1221, 41.59106
555.6042, 42.20471
556.0864, 40.18433
556.5685, 38.63049
557.0506, 42.18616
557.5327, 49.83167
558.0148, 54.06262
558.4969, 49.12903
558.9791, 41.44666
559.4612, 34.68567
559.9433, 29.13403
560.4254, 23.02795
560.9075, 12.06897
561.3896, 4.955322
561.8718, 8.322510
562.3539, 32.35950
562.8360, 48.24597
563.3181, 51.24377
563.8002, 45.94421
564.2823, 43.50024
564.7645, 44.78491
565.2466, 44.77405
565.7287, 40.76343
566.2108, 34.39319
566.6929, 31.26453
567.1750, 31.50354
567.6572, 32.58618
568.1393, 33.57153
568.6214, 33.67957
569.1035, 30.79419
569.5856, 23.96045
570.0677, 16.64661
570.5499, 9.372314
571.0320, 3.946777
571.5141, 3.146851
571.9962, 14.13928
572.4783, 23.87183
572.9604, 26.13806
573.4426, 22.18408
573.9247, 18.84753
574.4068, 18.53613
574.8889, 17.77869
575.3710, 14.26782
575.8531, 6.543823
576.3353, 5.555664
576.8174, 14.74084
577.2995, 25.07996
577.7816, 26.76294
578.2637, 18.55786
578.7458, 15.52197
579.2280, 21.27515
579.7101, 30.36316
580.1922, 29.93835
580.6743, 22.07812
581.1564, 18.51562
581.6385, 30.62488
582.1207, 46.94019
582.6028, 52.33105
583.0849, 47.54968
583.5670, 38.99072
584.0491, 22.52783
584.5313, 8.559448
585.0134, 7.393433
585.4955, 25.91785
585.9776, 39.70483
586.4597, 39.39380
586.9418, 32.45361
587.4240, 27.29053
587.9061, 25.68152
588.3882, 23.47546
588.8703, 19.43030
589.3524, 14.72217
589.8345, 14.18518
590.3167, 20.05603
590.7988, 21.15295
591.2809, 8.456909
591.7630, 13.62622
592.2451, 19.44031
592.7272, 8.424927
593.2094, 4.894043
593.6915, 7.846924
594.1736, 4.689087
594.6557, 3.397217
595.1378, 5.309448
595.6199, 8.939941
596.1021, 14.66174
596.5842, 21.01465
597.0663, 25.93555
597.5485, 31.16858
598.0306, 32.20593
598.5127, 21.56714
598.9948, 3.890625
599.4769, 0.4307860
599.9590, 26.32678
600.4412, 46.16687
600.9233, 42.46960
601.4054, 12.73999
601.8875, 2.504272
602.3696, 17.45679
602.8517, 38.15039
603.3339, 49.78235
603.8160, 52.68933
604.2981, 46.49463
604.7802, 28.61414
605.2623, 10.81299
605.7444, 11.24976
606.2266, 24.31409
606.7087, 34.97949
607.1908, 38.46545
607.6729, 36.85120
608.1550, 29.07312
608.6371, 17.12512
609.1193, 7.252686
609.6014, 1.511597
610.0835, 4.522827
610.5656, 3.700928
611.0477, 25.90808
611.5298, 39.38855
612.0120, 40.15845
612.4941, 35.25940
612.9762, 27.47375
613.4583, 13.33057
613.9404, 10.72656
614.4225, 25.00110
614.9047, 42.84583
615.3868, 42.72400
615.8689, 26.16858
616.3510, 13.20142
616.8331, 9.465820
617.3152, 12.54773
617.7974, 22.50598
618.2795, 37.07117
618.7616, 47.98926
619.2437, 47.92249
619.7258, 44.50720
620.2079, 44.16541
620.6901, 47.16968
621.1722, 47.10547
621.6543, 36.21179
622.1364, 25.38940
622.6185, 22.25964
623.1006, 31.44275
623.5828, 39.27930
624.0649, 47.12061
624.5470, 51.95276
625.0291, 48.28320
625.5112, 33.72620
625.9933, 23.52234
626.4755, 20.85791
626.9576, 23.52100
627.4397, 29.88354
627.9218, 38.95349
628.4039, 43.15674
628.8860, 35.18933
629.3682, 22.05151
629.8503, 11.85608
630.3324, 4.698853
630.8145, 1.245117
631.2966, 6.622925
631.7787, 12.55725
632.2609, 12.20288
632.7430, 2.399048
633.2251, 4.605225
633.7072, 6.313721
634.1893, 4.246094
634.6714, 0.8315430
635.1536, 11.70886
635.6357, 19.24329
636.1178, 21.68042
636.5999, 21.54700
637.0820, 22.48608
637.5641, 24.40454
638.0463, 30.45227
638.5284, 45.08569
639.0105, 61.73096
639.4926, 65.64392
639.9747, 58.16150
640.4568, 49.79834
640.9390, 47.15369
641.4211, 47.19727
641.9032, 47.38855
642.3853, 47.53491
642.8674, 47.16663
643.3495, 46.59180
643.8317, 45.10022
644.3138, 41.95251
644.7959, 34.88342
645.2780, 30.30371
645.7601, 27.70520
646.2422, 28.02808
646.7244, 34.28137
647.2065, 48.81799
647.6886, 56.43896
648.1707, 53.28748
648.6528, 43.50415
649.1349, 31.86523
649.6171, 18.82422
650.0992, 12.35400
650.5813, 21.89526
651.0634, 37.62341
651.5455, 48.93298
652.0276, 56.04993
652.5098, 59.59338
652.9919, 60.72839
653.4740, 57.77283
653.9561, 45.72998
654.4382, 20.31360
654.9203, 9.948608
655.4025, 35.66101
655.8846, 63.13794
656.3667, 67.54565
656.8488, 37.64258
657.3309, 18.34631
657.8130, 11.99951
658.2952, 15.02783
658.7773, 28.08228
659.2594, 49.44543
659.7415, 55.90613
660.2236, 34.92236
660.7057, 7.640137
661.1879, 6.352539
661.6700, 23.92224
662.1521, 40.54944
662.6342, 45.85620
663.1163, 47.82349
663.5984, 51.63721
664.0806, 56.91028
664.5627, 59.42505
665.0448, 55.96326
665.5269, 51.46899
666.0090, 48.97522
666.4911, 49.59082
666.9733, 42.47388
667.4554, 22.77148
667.9375, 5.994751
668.4196, 5.901001
668.9017, 22.59277
669.3839, 35.46704
669.8660, 42.79663
670.3481, 45.50537
670.8302, 42.46851
671.3123, 35.74402
671.7944, 29.38196
672.2766, 22.77441
672.7587, 19.99207
673.2408, 29.60535
673.7229, 44.25293
674.2050, 49.78394
674.6871, 31.16724
675.1693, 14.80994
675.6514, 8.540039
676.1335, 10.60559
676.6156, 12.19312
677.0977, 12.77942
677.5798, 14.15271
678.0620, 18.13550
678.5441, 24.09766
679.0262, 25.06006
679.5083, 20.84180
679.9904, 14.77234
680.4725, 5.108643
680.9547, 3.293701
681.4368, 4.1747998E-02
681.9189, 17.09119
682.4010, 35.69629
682.8831, 50.70081
683.3652, 61.23474
683.8474, 66.06885
684.3295, 62.90430
684.8116, 57.23438
685.2937, 48.78845
685.7758, 38.71497
686.2579, 27.96667
686.7401, 14.88977
687.2222, 5.511108
687.7043, 0.3836670
688.1864, 0.1684570
688.6685, 9.086426
689.1506, 26.46887
689.6328, 41.56738
690.1149, 51.21521
690.5970, 54.84204
691.0791, 48.46155
691.5612, 34.02222
692.0433, 21.41650
692.5255, 12.89160
693.0076, 9.939209
693.4897, 17.11499
693.9718, 36.14722
694.4539, 46.09448
694.9360, 39.62451
695.4182, 27.54712
695.9003, 13.64844
696.3824, 4.384277
696.8645, 13.33618
697.3466, 12.41504
697.8287, 4.504883
698.3109, 11.55127
698.7930, 33.25293
699.2751, 47.01782
699.7572, 49.72559
700.2393, 46.44482
700.7214, 36.12744
701.2036, 25.10376
701.6857, 23.35278
702.1678, 46.66089
702.6499, 64.45410
703.1320, 61.24927
703.6141, 44.44043
704.0963, 32.64819
704.5784, 29.60376
705.0605, 27.44336
705.5426, 24.34521
706.0247, 20.86133
706.5068, 19.17920
706.9890, 19.18726
707.4711, 21.83960
707.9532, 29.62354
708.4353, 39.97290
708.9174, 46.37622
709.3995, 48.98608
709.8817, 48.84082
710.3638, 44.67993
710.8459, 39.34521
711.3280, 35.99780
711.8101, 35.40698
712.2922, 32.43213
712.7744, 22.28223
713.2565, 11.70947
713.7386, 5.283691
714.2207, 4.894043
714.7028, 3.614258
715.1849, 0.7448730
715.6671, 1.805908
716.1492, 3.118408
716.6313, 2.873779
717.1134, 4.544434
717.5955, 22.51538
718.0776, 39.85767
718.5598, 40.08276
719.0419, 29.89478
719.5240, 22.29517
720.0061, 23.32910
720.4882, 26.19189
720.9703, 29.14111
721.4525, 31.55713
721.9346, 32.04419
722.4167, 28.81689
722.8988, 25.91211
723.3809, 25.46240
723.8630, 25.75366
724.3452, 16.49194
724.8273, 4.958496
725.3094, 16.58496
725.7915, 0.1413570
726.2736, 31.27417
726.7557, 37.16797
727.2379, 21.03296
727.7200, 7.024170
728.2021, 14.77856
728.6842, 28.80566
729.1663, 38.20947
729.6484, 42.01123
730.1306, 39.49976
730.6127, 20.31372
731.0948, 3.280273
731.5769, 0.2614750
732.0590, 14.34546
732.5411, 22.67773
733.0233, 23.42847
733.5054, 20.84155
733.9875, 17.31519
734.4696, 13.35693
734.9517, 13.04590
735.4338, 17.05664
735.9160, 23.28857
736.3981, 31.68140
736.8802, 40.26685
737.3623, 46.40698
737.8444, 50.53491
738.3266, 49.89844
738.8087, 35.23560
739.2908, 18.03198
739.7729, 15.46875
740.2551, 39.91406
740.7372, 57.13110
741.2193, 62.18286
741.7014, 58.84546
742.1835, 54.01733
742.6656, 47.70166
743.1478, 40.95117
743.6299, 32.12793
744.1120, 25.46655
744.5941, 33.04443
745.0762, 49.23169
745.5583, 56.78735
746.0405, 34.79443
746.5226, 13.27295
747.0047, 11.82031
747.4868, 26.91211
747.9689, 36.37549
748.4510, 34.45142
748.9332, 30.42896
749.4153, 26.10620
749.8974, 21.77563
750.3795, 20.56641
750.8616, 22.53198
751.3438, 27.09741
751.8259, 37.19824
752.3080, 48.94263
752.7901, 52.26050
753.2722, 47.24097
753.7543, 40.73804
754.2365, 36.95142
754.7186, 33.19702
755.2007, 26.21533
755.6828, 13.87524
756.1649, 11.25952
756.6470, 36.26440
757.1292, 57.71436
757.6113, 53.71558
758.0934, 15.04688
758.5755, 7.103516
759.0576, 11.01343
759.5397, 4.696777
760.0219, 8.366211
760.5040, 24.98853
760.9861, 33.42432
761.4682, 30.46313
761.9503, 26.57520
762.4324, 30.84375
762.9146, 38.53711
763.3967, 44.20068
763.8788, 46.89795
764.3609, 46.85864
764.8430, 42.65601
765.3251, 36.52710
765.8073, 30.60522
766.2894, 24.64990
766.7715, 19.54028
767.2536, 14.69263
767.7357, 12.43506
768.2178, 17.33130
768.7000, 27.81787
769.1821, 38.57129
769.6642, 50.43384
770.1463, 58.87671
770.6284, 57.33472
771.1105, 49.87842
771.5927, 44.38013
772.0748, 44.52026
772.5569, 46.46021
773.0390, 50.13794
773.5211, 53.93408
774.0032, 52.43335
774.4854, 43.85132
774.9675, 37.29858
775.4496, 35.85815
775.9317, 37.50073
776.4138, 36.57080
776.8959, 33.78613
777.3781, 32.99512
777.8602, 39.78394
778.3423, 46.61011
778.8244, 44.99487
779.3065, 37.25537
779.7886, 33.17749
780.2708, 40.40234
780.7529, 46.94165
781.2350, 48.85425
781.7171, 46.42749
782.1992, 43.54590
782.6813, 40.54224
783.1635, 34.00439
783.6456, 20.69922
784.1277, 3.889160
784.6098, 1.729980
785.0919, 2.978027
785.5740, 9.019287
786.0562, 11.06250
786.5383, 11.65820
787.0204, 11.93384
787.5025, 12.21680
787.9846, 15.40869
788.4667, 27.85962
788.9489, 37.86133
789.4310, 39.80176
789.9131, 33.26562
790.3952, 27.51221
790.8773, 22.36523
791.3594, 19.02271
791.8416, 18.57104
792.3237, 21.66333
792.8058, 27.82031
793.2879, 35.94458
793.7700, 41.01855
794.2521, 37.60010
794.7343, 30.23999
795.2164, 20.63452
795.6985, 6.364258
796.1806, 3.055908
796.6627, 21.04907
797.1448, 39.74585
797.6270, 46.00244
798.1091, 38.48364
798.5912, 29.34497
799.0733, 17.62524
799.5554, 9.592285
800.0375, 15.01831
800.5197, 27.48999
801.0018, 33.76245
801.4839, 31.14868
801.9660, 29.80664
802.4481, 41.08887
802.9302, 53.12427
803.4124, 54.85840
803.8945, 36.03467
804.3766, 27.05908
804.8587, 32.68701
805.3408, 41.89746
805.8229, 45.37769
806.3051, 43.13940
806.7872, 36.00781
807.2693, 22.98438
807.7514, 11.51489
808.2335, 8.192383
808.7156, 11.69360
809.1978, 22.54932
809.6799, 45.76221
810.1620, 59.68677
810.6441, 45.32520
811.1262, 23.00391
811.6083, 13.40820
812.0905, 25.68066
812.5726, 29.64990
813.0547, 21.46753
813.5368, 11.16577
814.0189, 12.38208
814.5010, 22.77026
814.9832, 27.48877
815.4653, 22.89062
815.9474, 18.53516
816.4295, 24.49756
816.9116, 34.97900
817.3937, 43.14087
817.8759, 45.68726
818.3580, 48.03564
818.8401, 51.80786
819.3222, 55.50610
819.8043, 57.57349
820.2864, 57.57080
820.7686, 58.10522
821.2507, 59.61743
821.7328, 61.04175
822.2149, 63.37354
822.6970, 64.37695
823.1791, 57.00586
823.6613, 37.14087
824.1434, 17.42773
824.6255, 4.646973
825.1076, 2.543945
825.5897, 5.439453
826.0718, 3.964600
826.5540, 2.479004
827.0361, 18.93286
827.5182, 34.63599
828.0003, 34.96240
828.4824, 20.11060
828.9645, 6.076904
829.4467, 5.864746
829.9288, 11.78735
830.4109, 1.744873
830.8930, 15.50903
831.3751, 26.16333
831.8572, 23.72827
832.3394, 20.93604
832.8215, 23.74097
833.3036, 27.51733
833.7857, 27.04395
834.2678, 20.70630
834.7499, 14.24658
835.2321, 6.929199
835.7142, 2.147461
836.1963, 7.806152
836.6784, 20.09644
837.1605, 23.40234
837.6426, 12.78711
838.1248, 1.907959
838.6069, 1.381104
839.0890, 6.367432
839.5711, 11.40503
840.0532, 12.73560
840.5353, 19.88452
841.0175, 40.98901
841.4996, 60.13379
841.9817, 57.54175
842.4638, 32.07617
842.9459, 16.27319
843.4280, 14.23828
843.9102, 16.23901
844.3923, 9.203125
844.8744, 0.1911620
845.3565, 0.6389160
845.8386, 17.93188
846.3207, 31.22168
846.8029, 26.11816
847.2850, 17.33130
847.7671, 19.49487
848.2492, 43.58521
848.7313, 45.30005
849.2134, 16.56958
849.6956, 13.91113
850.1777, 14.10889
850.6598, 7.956787
851.1419, 26.04810
851.6240, 37.48584
852.1061, 40.76318
852.5883, 27.98682
853.0704, 10.59302
853.5525, 0.7771000
854.0346, 4.552490
854.5167, 5.0292999E-02
854.9988, 20.12280
855.4810, 38.62695
855.9631, 39.89624
856.4452, 23.07251
856.9273, 23.60059
857.4094, 43.95972
857.8915, 64.83423
858.3737, 68.25171
858.8558, 62.31641
859.3379, 56.94995
859.8200, 53.51758
860.3021, 47.97510
860.7842, 30.99683
861.2664, 18.76831
861.7485, 23.14478
862.2306, 47.18188
862.7127, 55.20923
863.1948, 44.23682
863.6769, 30.71313
864.1591, 26.70020
864.6412, 28.72925
865.1233, 26.84570
865.6054, 21.36597
866.0875, 20.77637
866.5696, 37.06030
867.0518, 54.06372
867.5339, 61.84497
868.0160, 59.23486
868.4981, 52.50513
868.9802, 38.57202
869.4623, 28.02173
869.9445, 25.69849
870.4266, 28.88501
870.9087, 28.92969
871.3908, 26.19116
871.8729, 24.38403
872.3550, 27.05640
872.8372, 30.56519
873.3193, 32.15479
873.8014, 31.91382
874.2835, 30.67993
874.7656, 24.96021
875.2477, 22.87598
875.7299, 28.07202
876.2120, 38.10352
876.6941, 43.59375
877.1762, 44.53931
877.6583, 43.68628
878.1404, 39.17920
878.6226, 36.63306
879.1047, 50.02466
879.5869, 71.42163
880.0690, 80.77686
880.5511, 56.92163
881.0332, 35.57520
881.5153, 27.74854
881.9974, 28.87891
882.4796, 31.33813
882.9617, 35.78296
883.4438, 35.34131
883.9259, 26.84546
884.4080, 16.92993
884.8901, 16.49927
885.3723, 22.22632
885.8544, 26.17529
886.3365, 22.99512
886.8186, 21.79443
887.3007, 28.32935
887.7828, 37.91284
888.2650, 45.35962
888.7471, 51.66309
889.2292, 49.18530
889.7113, 33.18677
890.1934, 17.62402
890.6755, 27.18213
891.1577, 52.24365
891.6398, 60.22290
892.1219, 41.63110
892.6040, 22.94580
893.0861, 26.27368
893.5682, 36.06128
894.0504, 37.20898
894.5325, 21.85791
895.0146, 12.62183
895.4967, 11.03906
895.9788, 12.65747
896.4609, 13.15527
896.9431, 13.49438
897.4252, 22.60303
897.9073, 41.13525
898.3894, 52.36401
898.8715, 35.15430
899.3536, 11.45825
899.8358, 0.4218750
900.3179, 2.099854
900.8000, 8.047607
901.2821, 19.96729
901.7642, 29.19556
902.2463, 30.59692
902.7285, 25.37769
903.2106, 26.21045
903.6927, 32.77588
904.1748, 35.18921
904.6569, 18.11108
905.1390, 0.9731450
905.6212, 8.097168
906.1033, 33.80591
906.5854, 52.44946
907.0675, 53.99927
907.5496, 49.50684
908.0317, 41.96948
908.5139, 32.89038
908.9960, 20.01343
909.4781, 3.352051
909.9602, 5.342529
910.4423, 0.2607420
910.9244, 12.27490
911.4066, 27.81177
911.8887, 41.31885
912.3708, 43.24658
912.8529, 13.89160
913.3350, 6.695801
913.8171, 8.388428
914.2993, 0.7670900
914.7814, 2.570068
915.2635, 0.7231450
915.7456, 9.295410
916.2277, 33.45410
916.7098, 55.53247
917.1920, 49.43335
917.6741, 30.02026
918.1562, 18.80713
918.6383, 21.31689
919.1204, 28.40430
919.6025, 48.33960
920.0847, 62.76172
920.5668, 56.34229
921.0489, 24.25586
921.5310, 5.970215
922.0131, 2.331787
922.4952, 5.564209
922.9774, 13.79663
923.4595, 22.79639
923.9416, 25.37793
924.4237, 21.51880
924.9058, 17.71582
925.3879, 19.77588
925.8701, 18.75854
926.3522, 6.953857
926.8343, 12.56421
927.3164, 11.53760
927.7985, 12.23120
928.2806, 33.00049
928.7628, 38.12891
929.2449, 34.21875
929.7270, 29.58325
930.2091, 24.41479
930.6912, 19.12720
931.1733, 7.143555
931.6555, 3.197266
932.1376, 19.70605
932.6197, 43.65918
933.1018, 53.13623
933.5839, 46.65576
934.0660, 35.75122
934.5482, 20.15747
935.0303, 7.908691
935.5124, 12.30151
935.9945, 26.41992
936.4766, 39.32422
936.9587, 51.67847
937.4409, 54.12427
937.9230, 29.12183
938.4051, 4.192627
938.8872, 2.991455
939.3693, 31.89648
939.8514, 46.23975
940.3336, 44.70703
940.8157, 36.74951
941.2978, 26.10205
941.7799, 15.97046
942.2620, 10.07520
942.7441, 9.574219
943.2263, 14.48218
943.7084, 36.59326
944.1905, 53.81519
944.6726, 56.17944
945.1547, 46.01416
945.6368, 37.55273
946.1190, 30.76880
946.6011, 25.46680
947.0832, 22.43286
947.5653, 19.85156
948.0474, 12.56177
948.5295, 4.000977
949.0117, 2.168213
949.4938, 18.49976
949.9759, 30.63550
950.4580, 32.03247
950.9401, 29.01367
951.4222, 32.86646
951.9044, 44.15527
952.3865, 45.63770
952.8686, 33.38940
953.3507, 18.44434
953.8328, 6.986328
954.3149, 2.480713
954.7971, 13.18286
955.2792, 48.50806
955.7613, 67.56763
956.2434, 53.93433
956.7255, 35.05396
957.2076, 26.67480
957.6898, 28.21777
958.1719, 31.26685
958.6540, 35.79761
959.1361, 39.55591
959.6182, 42.50220
960.1003, 42.82739
960.5825, 36.84497
961.0646, 25.94849
961.5467, 18.39844
962.0288, 14.93237
962.5109, 16.56274
962.9930, 25.34375
963.4752, 37.79956
963.9573, 45.15332
964.4394, 47.66797
964.9215, 46.85547
965.4036, 40.67871
965.8857, 36.51221
966.3679, 46.38672
966.8500, 59.27100
967.3321, 60.11987
967.8142, 34.56177
968.2963, 20.03931
968.7784, 20.30518
969.2606, 23.66455
969.7427, 15.68042
970.2248, 0.9089360
970.7069, 2.815430
971.1890, 5.232178
971.6711, 14.61743
972.1533, 18.94800
972.6354, 22.24829
973.1175, 28.38159
973.5996, 37.31689
974.0817, 39.94263
974.5638, 33.60620
975.0460, 30.70703
975.5281, 39.11621
976.0102, 51.70093
976.4923, 50.69019
976.9744, 40.84814
977.4565, 36.71606
977.9387, 52.12524
978.4208, 63.18237
978.9029, 58.72070
979.3850, 46.12231
979.8671, 33.42114
980.3492, 19.24805
980.8314, 14.07153
981.3135, 19.51343
981.7956, 31.86084
982.2777, 59.47363
982.7598, 85.86084
983.2419, 81.77832
983.7241, 38.38989
984.2062, 4.097412
984.6883, 3.380127
985.1704, 2.020508
985.6525, 2.635254
986.1346, 9.364746
986.6168, 14.13477
987.0989, 16.90942
987.5810, 16.60181
988.0631, 7.364258
988.5452, 0.8654790
989.0273, 2.426025
989.5095, 14.14185
989.9916, 26.57593
990.4737, 42.55273
990.9558, 52.23413
991.4379, 54.12964
991.9200, 49.61426
992.4022, 37.20825
992.8843, 19.59961
993.3664, 8.475586
993.8485, 6.624756
994.3306, 7.810059
994.8127, 10.15796
995.2949, 12.02808
995.7770, 10.64795
996.2591, 4.516113
996.7412, 6.787842
997.2233, 19.98975
997.7054, 32.45947
998.1876, 39.25439
998.6697, 39.48999
999.1518, 25.35229
999.6339, 1.507568
1000.116, 13.02441
1000.598, 0.7700200
1001.080, 13.13379
1001.562, 10.11108
1002.044, 0.8991700
1002.527, 4.412354
1003.009, 22.12207
1003.491, 28.58521
1003.973, 16.22290
1004.455, 3.701660
1004.937, 17.53638
1005.419, 40.71875
1005.901, 49.62256
1006.384, 34.49756
1006.866, 30.30347
1007.348, 53.04028
1007.830, 68.74951
1008.312, 51.62573
1008.794, 10.13037
1009.276, 4.694824
1009.758, 5.046631
1010.240, 20.90771
1010.723, 43.08984
1011.205, 57.21436
1011.687, 49.05469
1012.169, 25.94238
1012.651, 7.945313
1013.133, 4.845459
1013.615, 11.66284
1014.097, 12.01611
1014.580, 7.356201
1015.062, 2.048340
1015.544, 14.39575
1016.026, 28.17212
1016.508, 44.76392
1016.990, 52.96582
1017.472, 37.16089
1017.954, 21.13574
1018.436, 19.90063
1018.919, 32.47095
1019.401, 35.74976
1019.883, 29.71313
1020.365, 24.15283
1020.847, 24.00879
1021.329, 27.62134
1021.811, 38.58130
1022.293, 51.63550
1022.776, 53.69141
1023.258, 30.89404
1023.740, 15.94849
1024.222, 13.21777
1024.704, 17.49438
1025.186, 24.53003
1025.668, 32.96387
1026.150, 37.11011
1026.632, 35.99341
1027.115, 33.67725
1027.597, 29.88281
1028.079, 28.07544
1028.561, 32.72974
1029.043, 43.67676
1029.525, 43.63013
1030.007, 30.61938
1030.489, 23.05908
1030.972, 34.59058
1031.454, 50.52075
1031.936, 48.71533
1032.418, 35.77368
1032.900, 25.88696
1033.382, 29.43628
1033.864, 26.40161
1034.346, 6.004639
1034.828, 10.00488
1035.311, 14.22729
1035.793, 69.25610
1036.275, 84.71729
1036.757, 54.88867
1037.239, 24.32251
1037.721, 24.45117
1038.203, 35.28760
1038.685, 46.39307
1039.167, 56.22290
1039.650, 60.74658
1040.132, 59.73438
1040.614, 54.23999
1041.096, 41.68188
1041.578, 30.01245
1042.060, 35.68701
1042.542, 50.69312
1043.024, 60.54199
1043.507, 57.54028
1043.989, 55.51831
1044.471, 58.39575
1044.953, 61.41333
1045.435, 60.71753
1045.917, 56.57983
1046.399, 51.97461
1046.881, 47.17285
1047.364, 43.47729
1047.846, 44.97388
1048.328, 44.94263
1048.810, 34.13696
1049.292, 17.29468
1049.774, 15.77148
1050.256, 36.32886
1050.738, 47.74829
1051.220, 41.57959
1051.703, 30.02271
1052.185, 29.03467
1052.667, 35.47827
1053.149, 46.26904
1053.631, 63.72583
1054.113, 71.89844
1054.595, 63.31128
1055.077, 48.54785
1055.559, 29.47290
1056.042, 8.221924
1056.524, 1.643555
1057.006, 0.5261230
1057.488, 8.244873
1057.970, 32.13403
1058.452, 53.58447
1058.934, 60.59302
1059.416, 55.77881
1059.899, 43.60889
1060.381, 19.92627
1060.863, 5.122559
1061.345, 1.339111
1061.827, 4.574951
1062.309, 16.99072
1062.791, 30.62256
1063.273, 31.29810
1063.755, 17.35693
1064.238, 9.657227
1064.720, 25.24976
1065.202, 38.93628
1065.684, 42.99243
1066.166, 40.44800
1066.648, 40.36426
1067.130, 41.20044
1067.612, 36.38379
1068.094, 18.72681
1068.577, 5.798828
1069.059, 14.31250
1069.541, 28.50073
1070.023, 32.60034
1070.505, 24.28101
1070.987, 17.55835
1071.469, 12.17700
1071.951, 9.042236
1072.434, 11.84058
1072.916, 15.27808
1073.398, 9.354248
1073.880, 2.243164
1074.362, 6.199951
1074.844, 6.666016
1075.326, 16.75415
1075.808, 21.79224
1076.291, 23.04297
1076.773, 19.75757
1077.255, 14.55542
1077.737, 15.81152
1078.219, 24.95386
1078.701, 34.55151
1079.183, 46.66064
1079.665, 51.68652
1080.147, 42.96558
1080.630, 23.46729
1081.112, 8.292969
1081.594, 2.361572
1082.076, 1.006348
1082.558, 21.82202
1083.040, 44.93457
1083.522, 46.96411
1084.004, 38.85425
1084.486, 35.62402
1084.969, 43.03638
1085.451, 42.74585
1085.933, 33.08838
1086.415, 22.17456
1086.897, 12.73364
1087.379, 6.928711
1087.861, 18.43042
1088.343, 42.51343
1088.826, 58.61743
1089.308, 50.88525
1089.790, 45.60962
1090.272, 48.83569
1090.754, 54.94482
1091.236, 56.60303
1091.718, 53.64502
1092.200, 42.84961
1092.682, 22.40015
1093.165, 6.875488
1093.647, 7.677734
1094.129, 12.36890
1094.611, 13.53809
1095.093, 11.34521
1095.575, 5.929199
1096.057, 3.189209
1096.539, 1.874756
1097.022, 21.59521
1097.504, 44.55493
1097.986, 34.33984
1098.468, 12.78882
1098.950, 12.34961
1099.432, 53.51465
1099.914, 72.18140
1100.396, 63.43994
1100.879, 46.82397
1101.361, 32.42212
1101.843, 21.58618
1102.325, 19.37500
1102.807, 23.37939
1103.289, 25.29980
1103.771, 13.23779
1104.253, 7.154541
1104.735, 12.04053
1105.218, 21.95435
1105.700, 30.98071
1106.182, 38.12207
1106.664, 35.73926
1107.146, 22.81421
1107.628, 13.04468
1108.110, 16.35815
1108.592, 23.79858
1109.074, 34.18994
1109.557, 44.32349
1110.039, 36.16064
1110.521, 9.255127
1111.003, 2.890869
1111.485, 13.99683
1111.967, 35.05615
1112.449, 33.81421
1112.931, 25.38696
1113.414, 27.86694
1113.896, 46.74707
1114.378, 55.18408
1114.860, 50.92407
1115.342, 47.10425
1115.824, 55.67090
1116.306, 65.18750
1116.788, 49.03711
1117.271, 22.17847
1117.753, 12.58667
1118.235, 46.70312
1118.717, 73.68823
1119.199, 95.96240
1119.681, 100.2646
1120.163, 52.56982
1120.645, 20.61743
1121.127, 29.15503
1121.609, 23.21069
1122.092, 63.52075
1122.574, 41.37524
1123.056, 17.51074
1123.538, 12.60669
1124.020, 18.13379
1124.502, 16.50073
1124.984, 8.976807
1125.466, 6.361816
1125.949, 10.79297
1126.431, 18.48706
1126.913, 32.49268
1127.395, 44.01514
1127.877, 44.37671
1128.359, 35.50000
1128.841, 32.95630
1129.323, 37.17285
1129.806, 39.90625
1130.288, 37.33081
1130.770, 33.87402
1131.252, 36.42627
1131.734, 39.45337
1132.216, 33.92798
1132.698, 13.55957
1133.180, 8.339355
1133.662, 20.98022
1134.145, 37.46802
1134.627, 52.26978
1135.109, 63.34644
1135.591, 65.45459
1136.073, 61.15674
1136.555, 56.77759
1137.037, 54.05615
1137.519, 51.38867
1138.001, 48.66602
1138.484, 46.04639
1138.966, 44.00366
1139.448, 41.88745
1139.930, 38.22949
1140.412, 33.16528
1140.894, 28.62134
1141.376, 20.72559
1141.858, 20.89575
1142.341, 38.93286
1142.823, 58.94238
1143.305, 42.53857
1143.787, 0.7192380
1144.269, 14.03174
1144.751, 9.255127
1145.233, 34.38232
1145.715, 46.47192
1146.198, 48.26294
1146.680, 37.11206
1147.162, 18.28711
1147.644, 20.65381
1148.126, 42.27979
1148.608, 56.13135
1149.090, 51.33203
1149.572, 43.18701
1150.054, 45.96973
1150.536, 48.84595
1151.019, 37.80396
1151.501, 10.41382
1151.983, 8.743164
1152.465, 33.98315
1152.947, 54.59424
1153.429, 50.97925
1153.911, 37.88940
1154.393, 23.15552
1154.876, 11.22803
1155.358, 11.66138
1155.840, 32.83716
1156.322, 38.24219
1156.804, 24.03931
1157.286, 11.68286
1157.768, 22.35449
1158.250, 42.07080
1158.733, 60.34448
1159.215, 73.04883
1159.697, 64.79834
1160.179, 13.30103
1160.661, 12.06128
1161.143, 2.281006
1161.625, 28.49805
1162.107, 35.34424
1162.589, 31.83252
1163.072, 33.08472
1163.554, 39.92334
1164.036, 44.09692
1164.518, 43.22437
1165.000, 39.61475
1165.482, 32.19482
1165.964, 24.79004
1166.446, 24.04175
1166.928, 28.69824
1167.411, 37.72876
1167.893, 52.26831
1168.375, 61.14526
1168.857, 56.51221
1169.339, 50.64111
1169.821, 46.50171
1170.303, 44.82788
1170.785, 50.77759
1171.268, 60.63110
1171.750, 68.13965
1172.232, 74.02124
1172.714, 74.44507
1173.196, 69.23804
1173.678, 55.44043
1174.160, 22.96948
1174.642, 21.00977
1175.125, 18.49341
1175.607, 22.54688
1176.089, 58.39844
1176.571, 65.29883
1177.053, 67.00684
1177.535, 76.52100
1178.017, 82.99243
1178.499, 72.96777
1178.981, 47.67139
1179.464, 34.33228
1179.946, 30.66724
1180.428, 28.68774
1180.910, 20.85229
1181.392, 16.11621
1181.874, 23.18311
1182.356, 34.39917
1182.838, 37.80786
1183.320, 33.17798
1183.803, 28.83252
1184.285, 25.39941
1184.767, 23.37695
1185.249, 25.55444
1185.731, 27.18823
1186.213, 22.19678
1186.695, 13.17236
1187.177, 14.70581
1187.660, 27.96875
1188.142, 34.46729
1188.624, 30.47046
1189.106, 24.95850
1189.588, 23.20825
1190.070, 25.37695
1190.552, 36.00513
1191.034, 52.13843
1191.516, 51.52979
1191.999, 31.47290
1192.481, 21.13599
1192.963, 29.19458
1193.445, 43.79346
1193.927, 62.81567
1194.409, 75.77197
1194.891, 65.94556
1195.373, 32.01709
1195.855, 19.99023
1196.338, 32.40210
1196.820, 44.46265
1197.302, 47.13916
1197.784, 44.16357
1198.266, 34.17236
1198.748, 23.83032
1199.230, 23.11157
1199.712, 35.24194
1200.195, 41.20776
1200.677, 40.44360
1201.159, 37.24316
1201.641, 30.91992
1202.123, 26.62085
1202.605, 35.10986
1203.087, 49.80908
1203.569, 61.03516
1204.052, 68.93823
1204.534, 69.12476
1205.016, 60.51001
1205.498, 50.56860
1205.980, 45.29321
1206.462, 40.67993
1206.944, 25.37549
1207.426, 8.199707
1207.908, 12.74268
1208.391, 54.81226
1208.873, 76.16357
1209.355, 72.62842
1209.837, 58.54663
1210.319, 38.74731
1210.801, 20.82666
1211.283, 15.91602
1211.765, 20.88013
1212.247, 23.44287
1212.730, 18.85229
1213.212, 26.14404
1213.694, 51.12354
1214.176, 69.59692
1214.658, 43.93457
1215.140, 9.376221
1215.622, 12.52588
1216.104, 47.38110
1216.587, 63.87329
1217.069, 53.47559
1217.551, 43.84644
1218.033, 39.03931
1218.515, 36.66309
1218.997, 38.89941
1219.479, 42.14648
1219.961, 43.05957
1220.443, 41.38379
1220.926, 38.55688
1221.408, 34.14404
1221.890, 30.49390
1222.372, 27.79150
1222.854, 27.29468
1223.336, 33.41479
1223.818, 40.72168
1224.300, 41.70483
1224.782, 35.30444
1225.265, 34.81543
1225.747, 41.86353
1226.229, 48.25610
1226.711, 53.59790
1227.193, 51.44409
1227.675, 16.78442
1228.157, 19.72876
1228.639, 13.36084
1229.122, 46.24976
1229.604, 72.01343
1230.086, 59.47144
1230.568, 43.43384
1231.050, 36.57544
1231.532, 33.46655
1232.014, 28.55713
1232.496, 21.75195
1232.979, 17.11011
1233.461, 16.55249
1233.943, 11.09473
1234.425, 0.5412600
1234.907, 3.819092
1235.389, 12.15820
1235.871, 32.92871
1236.353, 52.46875
1236.835, 64.00244
1237.318, 54.14771
1237.800, 18.47070
1238.282, 4.3212999E-02
1238.764, 0.5922850
1239.246, 7.212402
1239.728, 23.04175
1240.210, 39.21533
1240.692, 52.92212
1241.175, 60.55127
1241.657, 56.78613
1242.139, 40.03491
1242.621, 20.26831
1243.103, 2.773682
1243.585, 15.04639
1244.067, 1.306152
1244.549, 20.88501
1245.031, 25.07861
1245.514, 23.01904
1245.996, 28.28442
1246.478, 41.85156
1246.960, 52.29419
1247.442, 59.28760
1247.924, 58.99316
1248.406, 40.58350
1248.888, 23.43872
1249.370, 15.79272
1249.853, 17.68530
1250.335, 33.26245
1250.817, 61.36230
1251.299, 73.39404
1251.781, 69.16699
1252.263, 63.93457
1252.745, 73.81787
1253.227, 76.54907
1253.710, 54.29297
1254.192, 26.22363
1254.674, 13.95483
1255.156, 16.96484
1255.638, 36.53979
1256.120, 70.02271
1256.602, 88.66162
1257.084, 64.86035
1257.567, 37.62061
1258.049, 17.62012
1258.531, 3.739502
1259.013, 7.187500
1259.495, 12.80225
1259.977, 0.3896480
1260.459, 31.19019
1260.941, 56.01416
1261.423, 63.12256
1261.906, 62.14062
1262.388, 50.94531
1262.870, 40.22412
1263.352, 52.92114
1263.834, 75.87036
1264.316, 74.30396
1264.798, 47.46289
1265.280, 26.23608
1265.762, 18.84155
1266.245, 21.99951
1266.727, 39.36938
1267.209, 57.14380
1267.691, 52.64795
1268.173, 37.41016
1268.655, 30.27051
1269.137, 32.54272
1269.619, 35.77563
1270.102, 40.45776
1270.584, 40.76831
1271.066, 34.03589
1271.548, 27.44897
1272.030, 27.95728
1272.512, 36.48438
1272.994, 43.55420
1273.476, 48.57446
1273.958, 55.13477
1274.441, 66.02466
1274.923, 61.55151
1275.405, 33.07910
1275.887, 8.752197
1276.369, 26.09619
1276.851, 52.92407
1277.333, 56.09448
1277.815, 39.45752
1278.297, 35.71704
1278.780, 45.76123
1279.262, 47.97559
1279.744, 34.89429
1280.226, 26.14941
1280.708, 37.54907
1281.190, 52.43433
1281.672, 59.98389
1282.154, 60.84985
1282.637, 54.49805
1283.119, 42.27954
1283.601, 35.47827
1284.083, 36.54175
1284.565, 42.40942
1285.047, 57.56152
1285.529, 69.81226
1286.011, 73.15991
1286.494, 69.76782
1286.976, 62.69751
1287.458, 51.22778
1287.940, 48.94995
1288.422, 55.94873
1288.904, 60.61597
1289.386, 56.44458
1289.868, 52.42041
1290.350, 52.17090
1290.833, 52.59766
1291.315, 22.24243
1291.797, 46.40479
1292.279, 59.62842
1292.761, 62.50146
1293.243, 24.05078
1293.725, 38.97729
1294.207, 32.55396
1294.689, 25.24780
1295.172, 47.70483
1295.654, 15.19312
1296.136, 37.17700
1296.618, 37.45996
1297.100, 47.66797
1297.582, 36.39453
1298.064, 31.78540
1298.546, 48.68945
1299.029, 53.67432
1299.511, 39.92896
1299.993, 50.79565
1300.475, 17.67188
1300.957, 23.14014
1301.439, 45.31787
1301.921, 32.76123
1302.403, 44.14136
1302.885, 46.41528
1303.368, 7.283447
1303.850, 40.19531
1304.332, 41.97266
1304.814, 11.77979
1305.296, 42.27515
1305.778, 16.53442
1306.260, 10.89941
1306.742, 20.40039
1307.224, 8.232910
1307.707, 1.398193
1308.189, 1.8555000E-02
1308.671, 26.57495
1309.153, 48.51270
1309.635, 55.24146
1310.117, 50.14355
1310.599, 29.23486
1311.081, 3.708008
1311.564, 1.675537
1312.046, 26.45923
1312.528, 42.35718
1313.010, 34.24829
1313.492, 14.39331
1313.974, 18.16284
1314.456, 20.19800
1314.938, 0.0000000E+00
##END=



