##NAMES=Stephanite
##RRUFFID=R050309
##IDEAL CHEMISTRY=Ag^1+^_5_Sb^3+^S^2-^_4_
##LOCALITY=Sonora, Mexico
##OWNER=RRUFF
##SOURCE=Eugene Schlepp
##DESCRIPTION=Black fragment in quartz, associated with pyrargyrite. Electron microscope image shows two fine-scale phases.
##STATUS=The identification of this mineral is confirmed by single-crystal X-ray diffraction and chemical analysis.
##URL=rruff.info/R050309
##MEASURED CHEMISTRY=Ag_5.22_(Sb_0.93_As_0.10_)_Σ=1.03_S_4.00_
130.4407, 0.0000000E+00
130.9229, 0.4573350
131.4050, 0.9346280
131.8871, 1.428942
132.3692, 1.859991
132.8513, 1.703620
133.3334, 0.8974270
133.8156, 9.8158002E-02
134.2977, 0.3978890
134.7798, 1.013974
135.2619, 1.509238
135.7440, 1.723335
136.2261, 1.673090
136.7083, 1.336009
137.1904, 0.6153640
137.6725, 5.1185999E-02
138.1546, 0.1386680
138.6367, 0.4496170
139.1188, 1.059376
139.6010, 1.577537
140.0831, 2.005176
140.5652, 2.211541
141.0473, 2.172059
141.5294, 1.956137
142.0115, 1.595500
142.4937, 0.9349830
142.9758, 0.5580000
143.4579, 0.7526940
143.9400, 1.262730
144.4221, 1.547216
144.9042, 1.472175
145.3864, 1.251381
145.8685, 1.279463
146.3506, 1.866790
146.8327, 2.281906
147.3148, 2.249941
147.7969, 1.486916
148.2791, 0.9206700
148.7612, 0.6185730
149.2433, 0.5041670
149.7254, 0.3989160
150.2075, 0.1619010
150.6896, 5.5587001E-02
151.1718, 0.1954910
151.6539, 0.9731740
152.1360, 1.426562
152.6181, 1.362852
153.1002, 0.9382140
153.5823, 0.6183140
154.0645, 0.5736810
154.5466, 0.5373400
155.0287, 0.3777050
155.5108, 0.3041130
155.9929, 0.6505610
156.4750, 0.2965930
156.9572, 0.5714220
157.4393, 1.188673
157.9214, 1.254937
158.4035, 1.112012
158.8856, 0.9742590
159.3677, 0.6940570
159.8499, 0.6169680
160.3320, 1.064077
160.8141, 1.913286
161.2962, 2.420389
161.7783, 2.005253
162.2604, 1.281097
162.7426, 0.7537520
163.2247, 0.6830480
163.7068, 0.7418230
164.1889, 0.8333940
164.6710, 0.9502980
165.1531, 1.025360
165.6353, 0.9273280
166.1174, 0.8027010
166.5995, 0.8092380
167.0816, 1.160400
167.5637, 1.543958
168.0458, 1.780907
168.5280, 1.865593
169.0101, 1.837339
169.4922, 1.612343
169.9743, 1.310049
170.4564, 1.098765
170.9385, 1.017232
171.4207, 1.072839
171.9028, 1.398492
172.3849, 2.016680
172.8670, 2.457226
173.3491, 2.187617
173.8312, 1.489846
174.3134, 0.9012160
174.7955, 0.7238570
175.2776, 0.7653490
175.7597, 0.8228110
176.2418, 0.8897180
176.7239, 0.9542140
177.2061, 0.9913760
177.6882, 1.016518
178.1703, 1.069932
178.6524, 1.239601
179.1345, 1.434177
179.6166, 1.488988
180.0988, 1.384634
180.5809, 1.200327
181.0630, 0.9144720
181.5451, 0.5843920
182.0272, 0.4523010
182.5093, 0.8352970
182.9915, 1.500181
183.4736, 1.853711
183.9557, 1.823133
184.4378, 1.613136
184.9199, 1.454015
185.4020, 1.346023
185.8842, 1.272150
186.3663, 1.241117
186.8484, 1.240667
187.3305, 1.225913
187.8126, 1.190664
188.2947, 1.148014
188.7769, 1.106680
189.2590, 1.067615
189.7411, 1.057565
190.2232, 1.165663
190.7053, 1.349604
191.1874, 1.294152
191.6696, 0.8995860
192.1517, 0.3953950
192.6338, 0.2454360
193.1159, 0.4607220
193.5980, 0.7122660
194.0801, 0.7625250
194.5623, 0.6330420
195.0444, 0.6631760
195.5265, 0.9194150
196.0086, 1.276928
196.4907, 1.486205
196.9728, 1.521269
197.4550, 1.479708
197.9371, 1.401869
198.4192, 1.287075
198.9013, 1.177736
199.3834, 1.074898
199.8655, 0.9824440
200.3477, 0.8862330
200.8298, 0.7672980
201.3119, 0.7323270
201.7940, 0.8996840
202.2761, 1.297756
202.7582, 1.572996
203.2404, 1.675620
203.7225, 1.651180
204.2046, 1.602478
204.6867, 1.509809
205.1688, 1.460240
205.6509, 1.528473
206.1331, 1.738063
206.6152, 1.908649
207.0973, 2.012191
207.5794, 2.073712
208.0615, 2.203027
208.5436, 2.462863
209.0258, 2.625355
209.5079, 2.476916
209.9900, 1.905062
210.4721, 1.578954
210.9542, 1.652109
211.4363, 1.972827
211.9185, 1.985996
212.4006, 1.547886
212.8827, 1.111414
213.3648, 0.9532370
213.8469, 1.132106
214.3290, 1.409778
214.8112, 1.872402
215.2933, 2.370312
215.7754, 2.335154
216.2575, 1.441718
216.7396, 0.6278760
217.2217, 0.5509100
217.7039, 1.566787
218.1860, 2.209753
218.6681, 2.266948
219.1502, 1.897559
219.6323, 1.684258
220.1144, 1.708315
220.5966, 1.752337
221.0787, 1.696809
221.5608, 1.525105
222.0429, 1.280258
222.5250, 0.8625420
223.0071, 0.3837920
223.4893, 0.3126550
223.9714, 0.8791590
224.4535, 1.489138
224.9356, 1.817150
225.4177, 1.741038
225.8998, 1.665218
226.3820, 1.582231
226.8641, 1.515666
227.3462, 1.571603
227.8283, 1.858510
228.3104, 2.102375
228.7925, 2.133823
229.2747, 1.791492
229.7568, 1.610809
230.2389, 1.677507
230.7210, 1.905646
231.2031, 2.017764
231.6852, 1.964432
232.1674, 1.868428
232.6495, 1.781971
233.1316, 1.687913
233.6137, 1.650140
234.0958, 1.725153
234.5779, 1.846590
235.0601, 1.816981
235.5422, 1.433272
236.0243, 1.127501
236.5064, 1.126569
236.9885, 1.670146
237.4706, 1.976994
237.9528, 1.941398
238.4349, 1.693072
238.9170, 1.551226
239.3991, 1.542939
239.8812, 1.601201
240.3633, 1.728257
240.8455, 2.038138
241.3276, 2.112371
241.8097, 1.790547
242.2918, 1.291790
242.7739, 1.128756
243.2560, 1.543824
243.7382, 1.919264
244.2203, 1.992813
244.7024, 1.604180
245.1845, 1.372464
245.6666, 1.369636
246.1487, 1.489605
246.6309, 1.523452
247.1130, 1.412697
247.5951, 1.310214
248.0772, 1.257342
248.5593, 1.236513
249.0414, 1.352153
249.5236, 1.754611
250.0057, 2.198283
250.4878, 2.241116
250.9699, 1.619648
251.4520, 1.067794
251.9341, 0.8714420
252.4163, 1.141780
252.8984, 1.196833
253.3805, 0.8874300
253.8626, 0.4629730
254.3447, 0.3009350
254.8268, 0.4797500
255.3090, 0.7610030
255.7911, 1.139551
256.2732, 1.663176
256.7553, 1.874125
257.2374, 1.630087
257.7195, 1.212829
258.2017, 0.9636490
258.6838, 0.9334990
259.1659, 1.002741
259.6480, 1.170641
260.1301, 1.437048
260.6122, 1.436507
261.0944, 1.032760
261.5765, 0.5503470
262.0586, 0.3499070
262.5407, 0.5298740
263.0228, 0.7205080
263.5049, 0.8451670
263.9871, 0.9236360
264.4692, 1.016148
264.9513, 1.074125
265.4334, 1.134859
265.9155, 1.239107
266.3976, 1.432925
266.8798, 1.498737
267.3619, 1.344967
267.8440, 1.011398
268.3261, 0.8371840
268.8082, 0.8527020
269.2903, 0.9631020
269.7725, 1.114488
270.2546, 1.327074
270.7367, 1.501184
271.2188, 1.642614
271.7009, 1.734202
272.1830, 1.653157
272.6652, 1.325076
273.1473, 1.029937
273.6294, 1.019398
274.1115, 1.371272
274.5936, 1.509429
275.0757, 1.319866
275.5579, 0.9218230
276.0400, 0.6528110
276.5221, 0.5244000
277.0042, 0.4779650
277.4863, 0.4976460
277.9684, 0.5886410
278.4506, 0.6845590
278.9327, 0.8025980
279.4148, 0.8962370
279.8969, 0.8177980
280.3790, 0.5329480
280.8611, 0.3176390
281.3433, 0.3931150
281.8254, 0.7558950
282.3075, 0.8800070
282.7896, 0.7019620
283.2717, 0.3913990
283.7538, 0.1760590
284.2360, 5.4271001E-02
284.7181, 6.7599997E-02
285.2002, 0.3273490
285.6823, 0.7950790
286.1644, 1.051573
286.6465, 1.062258
287.1287, 0.9452190
287.6108, 0.8116570
288.0929, 0.6630780
288.5750, 0.5243550
289.0571, 0.3576350
289.5392, 0.2064260
290.0214, 0.3429560
290.5035, 0.8111690
290.9856, 1.204353
291.4677, 0.8993230
291.9498, 3.7776001E-02
292.4319, 0.4673580
292.9141, 0.1560450
293.3962, 0.5843010
293.8783, 0.8084490
294.3604, 0.5083940
294.8425, 0.1193870
295.3246, 1.2592000E-02
295.8068, 6.5646999E-02
296.2889, 0.2131910
296.7710, 0.4426400
297.2531, 0.6716890
297.7352, 0.7310410
298.2173, 0.6388090
298.6995, 0.5500680
299.1816, 0.6510710
299.6637, 0.8309710
300.1458, 0.8254890
300.6279, 0.5239560
301.1100, 0.1623800
301.5922, 8.1610000E-03
302.0743, 4.2780001E-02
302.5564, 0.1908030
303.0385, 0.5364220
303.5206, 0.9262960
304.0027, 1.137609
304.4849, 1.123536
304.9670, 0.9973720
305.4491, 0.7790770
305.9312, 0.5289180
306.4133, 0.3724020
306.8954, 0.5219940
307.3776, 0.7273510
307.8597, 0.7053440
308.3418, 0.4211490
308.8239, 0.1072730
309.3060, 0.1301530
309.7881, 0.2755480
310.2703, 0.2972330
310.7524, 0.1296330
311.2345, 0.1246080
311.7166, 0.4623960
312.1987, 0.8733890
312.6808, 1.145918
313.1630, 1.082348
313.6451, 0.8660140
314.1272, 0.6635970
314.6093, 0.6596970
315.0914, 0.6114520
315.5735, 0.2961630
316.0557, 0.2155240
316.5378, 0.5483060
317.0199, 0.4603500
317.5020, 0.1711850
317.9841, 0.1643030
318.4662, 0.6254020
318.9484, 0.9890680
319.4305, 1.236249
319.9126, 1.336216
320.3947, 1.207937
320.8768, 0.4325570
321.3589, 0.2775550
321.8411, 0.5250390
322.3232, 4.6434999E-02
322.8053, 0.3764460
323.2874, 0.5491250
323.7695, 0.5863290
324.2516, 0.6765180
324.7338, 1.060574
325.2159, 1.330204
325.6980, 1.320234
326.1801, 0.9505660
326.6622, 0.6297150
327.1443, 0.2401260
327.6265, 2.8097000E-02
328.1086, 2.1702999E-02
328.5907, 0.9137070
329.0728, 1.534019
329.5549, 1.585725
330.0370, 1.060863
330.5192, 0.7983560
331.0013, 0.9731210
331.4834, 1.265012
331.9655, 1.471359
332.4476, 1.501029
332.9297, 1.498239
333.4119, 1.473294
333.8940, 1.446987
334.3761, 1.531884
334.8582, 1.837022
335.3403, 2.078237
335.8224, 2.085177
336.3046, 1.750333
336.7867, 1.493641
337.2688, 1.308976
337.7509, 1.215343
338.2330, 1.301207
338.7151, 1.658997
339.1973, 1.910547
339.6794, 1.856157
340.1615, 1.481115
340.6436, 1.280403
341.1257, 1.324553
341.6078, 1.394634
342.0900, 1.127635
342.5721, 0.4901140
343.0542, 4.1892000E-02
343.5363, 1.2992000E-02
344.0184, 0.3022270
344.5005, 0.4648500
344.9827, 0.4852520
345.4648, 0.4847070
345.9469, 0.5711910
346.4290, 0.7374870
346.9111, 0.9350410
347.3932, 1.198308
347.8754, 1.430266
348.3575, 1.389075
348.8396, 1.096152
349.3217, 0.7910550
349.8038, 0.5871680
350.2859, 0.4777170
350.7681, 0.5734720
351.2502, 0.9284470
351.7323, 1.264482
352.2144, 1.209122
352.6965, 0.8625700
353.1786, 0.5292850
353.6608, 0.3177440
354.1429, 0.2248570
354.6250, 0.2877750
355.1071, 0.5100030
355.5892, 0.7429240
356.0714, 0.8861480
356.5535, 0.9655210
357.0356, 1.019130
357.5177, 1.064937
357.9998, 1.086716
358.4819, 1.054497
358.9641, 0.9786270
359.4462, 0.9178060
359.9283, 0.9197080
360.4104, 0.9407300
360.8925, 0.9523220
361.3746, 0.9824660
361.8568, 0.9411020
362.3389, 0.6786990
362.8210, 0.3275170
363.3031, 0.1592500
363.7852, 0.4239140
364.2673, 0.7109360
364.7495, 0.7933520
365.2316, 0.5693380
365.7137, 0.4293150
366.1958, 0.5213210
366.6779, 0.7078410
367.1600, 0.8413110
367.6422, 0.8716600
368.1243, 0.8869790
368.6064, 0.9604700
369.0885, 1.098284
369.5706, 1.037479
370.0527, 0.4960210
370.5349, 3.1941999E-02
371.0170, 0.2182740
371.4991, 0.1631830
371.9812, 0.5153470
372.4633, 0.8694140
372.9454, 1.165490
373.4276, 1.141124
373.9097, 0.5502720
374.3918, 2.8194999E-02
374.8739, 5.2699000E-02
375.3560, 0.4501460
375.8381, 0.8306700
376.3203, 1.051704
376.8024, 1.136730
377.2845, 1.055566
377.7666, 0.7651130
378.2487, 0.5551770
378.7308, 0.5797880
379.2130, 0.7663860
379.6951, 0.6771720
380.1772, 0.3030340
380.6593, 5.6683999E-02
381.1414, 5.9877999E-02
381.6235, 0.2546010
382.1057, 0.5274250
382.5878, 0.6849900
383.0699, 0.7612670
383.5520, 0.8213450
384.0341, 0.8626970
384.5162, 0.8546870
384.9984, 0.7089150
385.4805, 0.5048580
385.9626, 0.4568320
386.4447, 0.6097260
386.9268, 0.7797390
387.4089, 0.8078500
387.8911, 0.7123560
388.3732, 0.5333360
388.8553, 7.0900999E-02
389.3374, 0.3334180
389.8195, 0.2502320
390.3016, 0.2924500
390.7838, 0.8112390
391.2659, 0.9902440
391.7480, 0.9918560
392.2301, 0.9839630
392.7122, 1.027061
393.1943, 1.049052
393.6765, 1.042617
394.1586, 0.9916120
394.6407, 0.8520770
395.1228, 0.4419700
395.6049, 7.1327001E-02
396.0870, 0.1135400
396.5692, 7.8391999E-02
397.0513, 9.4108000E-02
397.5334, 0.5908750
398.0155, 1.153008
398.4976, 1.450778
398.9797, 1.154460
399.4619, 0.9127930
399.9440, 0.8861540
400.4261, 1.073133
400.9082, 1.154083
401.3903, 1.093524
401.8724, 0.9772640
402.3546, 0.8334980
402.8367, 0.6123710
403.3188, 0.4791460
403.8009, 0.4677650
404.2830, 0.5388830
404.7651, 0.6023470
405.2473, 0.6680460
405.7294, 0.6937600
406.2115, 0.6142930
406.6936, 0.4217440
407.1757, 0.4810280
407.6578, 0.8769350
408.1400, 1.295495
408.6221, 1.292418
409.1042, 0.8800400
409.5863, 0.6501070
410.0684, 0.8665930
410.5505, 1.286239
411.0327, 1.229866
411.5148, 0.7037390
411.9969, 0.2268500
412.4790, 0.2544300
412.9611, 0.5969430
413.4432, 0.7834640
413.9254, 0.7230120
414.4075, 0.6210400
414.8896, 0.7253810
415.3717, 0.9612060
415.8538, 1.152238
416.3359, 1.249794
416.8181, 1.240636
417.3002, 1.048838
417.7823, 0.6804090
418.2644, 0.3746070
418.7465, 0.3407780
419.2286, 0.3970060
419.7108, 0.3519920
420.1929, 6.7520000E-02
420.6750, 0.2940520
421.1571, 0.1378170
421.6392, 0.9529480
422.1213, 1.397090
422.6035, 0.8468860
423.0856, 0.2494450
423.5677, 5.7370001E-03
424.0498, 0.1912810
424.5319, 0.4519780
425.0140, 0.9806010
425.4962, 1.450687
425.9783, 1.511057
426.4604, 0.6657810
426.9425, 0.1484380
427.4246, 0.2835760
427.9067, 0.9470320
428.3889, 1.217874
428.8710, 0.9155480
429.3531, 0.5800830
429.8352, 0.5036170
430.3173, 0.7583370
430.7994, 0.8765830
431.2816, 0.8282130
431.7637, 0.6690240
432.2458, 0.4068270
432.7279, 2.9868999E-02
433.2100, 0.1263070
433.6921, 0.1505030
434.1743, 0.7152980
434.6564, 0.9275310
435.1385, 0.7918260
435.6206, 0.6057630
436.1027, 0.6828490
436.5848, 0.9113280
437.0670, 0.9511330
437.5491, 0.6680360
438.0312, 0.3553460
438.5133, 0.3695970
438.9954, 0.6303790
439.4775, 0.8934000
439.9597, 1.023087
440.4418, 1.080275
440.9239, 1.121368
441.4060, 1.149770
441.8881, 1.135148
442.3702, 1.017540
442.8524, 0.8683290
443.3345, 0.7568850
443.8166, 0.7740400
444.2987, 0.7464050
444.7808, 0.5328320
445.2629, 0.2221730
445.7451, 7.3948003E-02
446.2272, 0.3312240
446.7093, 0.5916910
447.1914, 0.6513100
447.6735, 0.4211160
448.1556, 0.4271820
448.6378, 0.9061660
449.1199, 1.422703
449.6020, 1.497113
450.0841, 0.8323860
450.5662, 0.3476920
451.0483, 0.2090890
451.5305, 0.3538640
452.0126, 0.5375750
452.4947, 0.8064670
452.9768, 0.9763980
453.4589, 0.8665020
453.9410, 0.4601980
454.4232, 0.3017320
454.9053, 0.4601800
455.3874, 0.6975060
455.8695, 0.6753270
456.3516, 0.4320250
456.8337, 0.2528410
457.3159, 0.2496660
457.7980, 0.3437120
458.2801, 0.4472670
458.7622, 0.5541720
459.2443, 0.6229410
459.7264, 0.5704460
460.2086, 0.4832490
460.6907, 0.4939000
461.1728, 0.6442980
461.6549, 0.7935100
462.1370, 0.8383220
462.6191, 0.7928720
463.1013, 0.7002840
463.5834, 0.4475930
464.0655, 0.2957210
464.5476, 0.4655440
465.0297, 0.9060070
465.5118, 1.181525
465.9940, 1.096559
466.4761, 0.8675790
466.9582, 0.5945760
467.4403, 0.1580580
467.9224, 9.5733002E-02
468.4045, 0.1317560
468.8867, 3.1280001E-03
469.3688, 0.2783260
469.8509, 0.8713770
470.3330, 1.264297
470.8151, 1.285744
471.2972, 0.9756770
471.7794, 0.7607620
472.2615, 0.6507660
472.7436, 0.6040360
473.2257, 0.6201740
473.7078, 0.7012190
474.1899, 0.7012190
474.6721, 0.5893210
475.1542, 0.4490890
475.6363, 0.4207220
476.1184, 0.4853380
476.6005, 0.5234970
477.0826, 0.4583520
477.5648, 0.3554490
478.0469, 0.3299320
478.5290, 0.3683950
479.0111, 0.4136620
479.4932, 0.3410340
479.9753, 0.2306850
480.4575, 0.1769480
480.9396, 0.1965730
481.4217, 0.2651210
481.9038, 0.4233100
482.3859, 0.6207190
482.8680, 0.7856140
483.3502, 0.9473750
483.8323, 1.021646
484.3144, 0.9402730
484.7965, 0.7128220
485.2786, 0.5096210
485.7607, 0.2966630
486.2429, 0.1611730
486.7250, 0.1536970
487.2071, 0.3442410
487.6892, 0.5106110
488.1713, 0.6304430
488.6534, 0.7415810
489.1356, 0.9540820
489.6177, 1.404271
490.0998, 1.517871
490.5819, 0.9853580
491.0640, 9.5419995E-03
491.5461, 0.2289630
492.0283, 0.3420020
492.5104, 1.011566
492.9925, 1.288301
493.4746, 1.238430
493.9567, 1.174664
494.4388, 1.116441
494.9210, 1.061409
495.4031, 1.040626
495.8852, 1.021757
496.3673, 0.9138070
496.8494, 0.5502380
497.3315, 0.2111990
497.8137, 0.2410850
498.2958, 0.5548910
498.7779, 0.8019500
499.2600, 0.7273920
499.7421, 0.5716590
500.2242, 0.5114710
500.7064, 0.5947740
501.1885, 0.6521850
501.6706, 0.6174460
502.1527, 0.5388130
502.6348, 0.4651590
503.1169, 0.3906910
503.5991, 0.3336170
504.0812, 0.2735680
504.5633, 0.2304970
505.0454, 0.3064950
505.5275, 0.6173110
506.0096, 0.8423070
506.4918, 0.8014230
506.9739, 0.4557170
507.4560, 0.3445270
507.9381, 0.5273630
508.4202, 0.7840090
508.9023, 0.8918750
509.3845, 0.8580040
509.8666, 0.8020150
510.3487, 0.7488850
510.8308, 0.6784140
511.3129, 0.5143930
511.7950, 0.2863440
512.2772, 0.1319320
512.7593, 0.2170470
513.2414, 0.3662820
513.7235, 0.2807020
514.2056, 2.5426000E-02
514.6877, 0.1523690
515.1699, 0.4608180
515.6520, 1.211593
516.1341, 1.510036
516.6162, 0.9924800
517.0983, 0.4762360
517.5804, 0.2464460
518.0626, 0.1837960
518.5447, 9.2611998E-02
519.0268, 0.2198930
519.5089, 0.3868730
519.9910, 0.2545180
520.4731, 0.1504150
520.9553, 0.3915650
521.4374, 0.3633540
521.9195, 0.3253610
522.4016, 0.4667740
522.8837, 0.8663680
523.3658, 0.9961110
523.8480, 0.7875650
524.3301, 0.4450110
524.8122, 0.2109560
525.2943, 8.4615998E-02
525.7764, 5.3778000E-02
526.2585, 0.1629140
526.7407, 0.3337810
527.2228, 0.4049920
527.7049, 0.3855550
528.1870, 0.3313790
528.6691, 0.2534390
529.1512, 0.1743220
529.6334, 0.1054570
530.1155, 4.5867000E-02
530.5976, 3.6763001E-02
531.0797, 0.1348920
531.5618, 0.2801440
532.0439, 0.4136380
532.5261, 0.5371840
533.0082, 0.6261720
533.4903, 0.6338450
533.9724, 0.6069830
534.4545, 0.6480900
534.9366, 0.9263080
535.4188, 1.085998
535.9009, 0.9926780
536.3830, 0.6550870
536.8651, 0.4662170
537.3472, 0.4868980
537.8293, 0.5368560
538.3115, 0.4816670
538.7936, 0.3091490
539.2757, 0.2090810
539.7578, 0.1954300
540.2399, 0.2430120
540.7220, 0.3770750
541.2042, 0.5656740
541.6863, 0.6222140
542.1684, 0.4109360
542.6505, 0.1330230
543.1326, 7.9662003E-02
543.6147, 0.2123130
544.0969, 0.3853010
544.5790, 0.5973920
545.0611, 0.7551880
545.5432, 0.7343190
546.0253, 0.5146060
546.5074, 0.3571550
546.9896, 0.4619850
547.4717, 0.6253870
547.9538, 0.6808030
548.4359, 0.4715140
548.9180, 0.3286470
549.4001, 0.2376990
549.8823, 0.2461540
550.3644, 0.4259070
550.8465, 1.010304
551.3286, 1.312850
551.8107, 1.053189
552.2928, 0.3459980
552.7750, 1.6900001E-04
553.2571, 5.7213001E-02
553.7392, 0.2295520
554.2213, 0.3587520
554.7034, 0.4453630
555.1855, 0.4826620
555.6677, 0.4622610
556.1498, 0.4528880
556.6319, 0.6093520
557.1140, 0.8223750
557.5961, 0.8382790
558.0782, 0.4559750
558.5604, 7.1883000E-02
559.0425, 7.3293000E-02
559.5246, 0.3179370
560.0067, 0.4904020
560.4888, 0.3047940
560.9709, 0.1597450
561.4531, 0.3280040
561.9352, 0.8147790
562.4173, 1.067898
562.8994, 0.7732790
563.3815, 0.4208520
563.8636, 0.2605390
564.3458, 0.3878190
564.8279, 0.4533410
565.3100, 0.4440060
565.7921, 0.3905070
566.2742, 0.3189740
566.7563, 0.2234230
567.2385, 0.1620290
567.7206, 0.1426320
568.2027, 0.1708890
568.6848, 0.2909080
569.1669, 0.4892040
569.6490, 0.6652980
570.1312, 0.8076410
570.6133, 0.8508950
571.0954, 0.6750240
571.5775, 0.3218170
572.0596, 6.9178998E-02
572.5417, 0.1582270
573.0239, 0.3897520
573.5060, 0.5835080
573.9881, 0.7114480
574.4702, 0.7970730
574.9523, 0.8345570
575.4344, 0.8393640
575.9166, 0.8308310
576.3987, 0.8155500
576.8808, 0.7704590
577.3629, 0.6838870
577.8450, 0.5852460
578.3271, 0.5176820
578.8093, 0.4836480
579.2914, 0.4312900
579.7735, 0.3044980
580.2556, 0.1140020
580.7377, 4.6046000E-02
581.2198, 0.1111810
581.7020, 0.1882070
582.1841, 0.1654750
582.6662, 7.9476997E-02
583.1483, 1.5868001E-02
583.6304, 1.1888000E-02
584.1125, 2.3567000E-02
584.5947, 5.3112999E-02
585.0768, 7.3280998E-02
585.5589, 4.2383999E-02
586.0410, 0.1394280
586.5231, 0.2790540
587.0052, 0.2218440
587.4874, 5.5773001E-02
587.9695, 1.7378001E-02
588.4516, 0.2773470
588.9337, 0.5415610
589.4158, 0.7260800
589.8979, 0.8305610
590.3801, 0.9415530
590.8622, 1.098286
591.3443, 1.192159
591.8264, 1.132652
592.3085, 0.9084420
592.7906, 0.7017880
593.2728, 0.5135750
593.7549, 0.3584250
594.2370, 0.2480960
594.7191, 0.1823830
595.2012, 0.1644470
595.6833, 0.2013970
596.1655, 0.2721500
596.6476, 0.3463240
597.1297, 0.4359350
597.6118, 0.5704320
598.0939, 0.9421280
598.5760, 1.203069
599.0582, 1.051929
599.5403, 0.5451670
600.0224, 0.2050280
600.5045, 0.3012490
600.9866, 0.4587010
601.4688, 0.5056100
601.9509, 0.4119430
602.4330, 0.3245320
602.9151, 0.1973640
603.3972, 0.1417770
603.8793, 0.3192400
604.3615, 0.7701940
604.8436, 1.010487
605.3257, 0.9429630
605.8078, 0.7378410
606.2899, 0.6624890
606.7720, 0.6878810
607.2542, 0.6817210
607.7363, 0.5917250
608.2184, 0.4495390
608.7005, 0.2381540
609.1826, 6.4650001E-03
609.6647, 0.1519040
610.1469, 0.1151650
610.6290, 2.6815999E-02
611.1111, 0.2965320
611.5932, 0.6896000
612.0753, 0.9296080
612.5574, 0.8444130
613.0396, 0.6814530
613.5217, 0.5803090
614.0038, 0.5579790
614.4859, 0.5546550
614.9680, 0.5794620
615.4501, 0.6108830
615.9323, 0.6133360
616.4144, 0.5832070
616.8965, 0.5971040
617.3786, 0.6853350
617.8607, 0.7938920
618.3428, 0.8319670
618.8250, 0.8084750
619.3071, 0.7605150
619.7892, 0.6944100
620.2713, 0.6199650
620.7534, 0.5089690
621.2355, 0.3838570
621.7177, 0.3539820
622.1998, 0.5966780
622.6819, 0.8485170
623.1640, 0.9379160
623.6461, 0.8185820
624.1282, 0.7684990
624.6104, 0.9367840
625.0925, 1.077809
625.5746, 1.034338
626.0567, 0.7537440
626.5388, 0.3879780
627.0209, 0.1682000
627.5031, 0.6203560
627.9852, 0.3944750
628.4673, 0.4614210
628.9494, 0.9648090
629.4315, 0.7780030
629.9136, 0.3261440
630.3958, 0.2657160
630.8779, 0.4898130
631.3600, 0.6804680
631.8421, 0.6348870
632.3242, 0.5363330
632.8063, 0.5289280
633.2885, 0.5961930
633.7706, 0.6355810
634.2527, 0.6187110
634.7348, 0.5592810
635.2169, 0.4446810
635.6990, 0.2578660
636.1812, 0.1152140
636.6633, 7.5318001E-02
637.1454, 0.1050740
637.6275, 0.3122200
638.1096, 1.329757
638.5917, 1.660414
639.0739, 1.094498
639.5560, 0.2865020
640.0381, 9.5761999E-02
640.5202, 0.3929310
641.0023, 0.6101530
641.4844, 0.5819330
641.9666, 0.4644480
642.4487, 0.4028110
642.9308, 0.3797000
643.4129, 0.3603530
643.8950, 0.3353170
644.3771, 0.3023330
644.8593, 0.2066480
645.3414, 8.2901001E-02
645.8235, 0.1083450
646.3056, 0.5933920
646.7877, 0.9320650
647.2698, 0.8462090
647.7520, 0.3107370
648.2341, 0.1279040
648.7162, 0.4094540
649.1983, 0.7365530
649.6804, 0.7813410
650.1625, 0.5759130
650.6447, 0.4139590
651.1268, 0.3093650
651.6089, 0.2613140
652.0910, 0.2977790
652.5731, 0.3851020
653.0552, 0.4748060
653.5374, 0.5792120
654.0195, 0.6224540
654.5016, 0.4890320
654.9837, 0.2950860
655.4658, 0.1821170
655.9479, 0.1591310
656.4301, 0.2539730
656.9122, 0.6170040
657.3943, 1.096498
657.8764, 1.252922
658.3585, 0.9442520
658.8406, 0.6431190
659.3228, 0.4818680
659.8049, 0.4488610
660.2870, 0.5280420
660.7691, 0.7244550
661.2512, 0.8934210
661.7333, 0.9115730
662.2155, 0.8456830
662.6976, 0.8471970
663.1797, 0.9172630
663.6618, 0.9203410
664.1439, 0.5937900
664.6260, 0.2592870
665.1082, 0.2614120
665.5903, 0.8011410
666.0724, 1.169115
666.5545, 1.120361
667.0366, 0.8616630
667.5187, 0.5654760
668.0009, 0.1234150
668.4830, 7.4812002E-02
668.9651, 5.0902002E-02
669.4472, 0.3429010
669.9293, 0.5839710
670.4114, 0.7745870
670.8936, 0.8820390
671.3757, 0.8885800
671.8578, 0.8214020
672.3399, 0.6798290
672.8220, 0.4933090
673.3041, 0.3646170
673.7863, 0.3440900
674.2684, 0.3996210
674.7505, 0.5707260
675.2326, 0.8239860
675.7147, 0.9833890
676.1968, 0.9013470
676.6790, 0.7925280
677.1611, 0.7202400
677.6432, 0.6866660
678.1253, 0.7908760
678.6074, 1.145304
679.0895, 1.425762
679.5717, 1.374107
680.0538, 0.9899750
680.5359, 0.7266790
681.0180, 0.6007590
681.5001, 0.5380310
681.9822, 0.4808130
682.4644, 0.4321270
682.9465, 0.3834200
683.4286, 0.3133530
683.9107, 0.3248750
684.3928, 0.6452240
684.8749, 1.015219
685.3571, 1.126126
685.8392, 0.6072690
686.3213, 0.2989230
686.8034, 0.4612680
687.2855, 0.8297480
687.7676, 0.9880400
688.2498, 0.8635100
688.7319, 0.7094050
689.2140, 0.5627950
689.6961, 0.4302610
690.1782, 0.3152760
690.6603, 0.2210260
691.1425, 0.2119200
691.6246, 0.3826360
692.1067, 0.6148960
692.5888, 0.7444290
693.0709, 0.7768230
693.5530, 0.7327090
694.0352, 0.5315460
694.5173, 0.3248730
694.9994, 0.1971430
695.4815, 0.1648940
695.9636, 0.2419190
696.4457, 0.6161520
696.9279, 0.9180230
697.4100, 0.9298830
697.8921, 0.5747220
698.3742, 0.4953770
698.8563, 0.7842200
699.3384, 1.064423
699.8206, 0.8443590
700.3027, 0.2872340
700.7848, 0.2575880
701.2669, 0.9141000
701.7490, 1.572712
702.2311, 1.476782
702.7133, 1.012634
703.1954, 0.7327380
703.6775, 0.9006290
704.1596, 1.004537
704.6417, 0.7333490
705.1238, 0.3227200
705.6060, 0.1112740
706.0881, 0.2858980
706.5702, 0.3667350
707.0523, 0.2504140
707.5344, 5.9289001E-02
708.0165, 9.0152003E-02
708.4987, 0.3635790
708.9808, 0.5210470
709.4629, 0.3937680
709.9450, 0.1667210
710.4271, 0.2691100
710.9092, 0.5963500
711.3914, 0.7639060
711.8735, 0.3018900
712.3556, 0.1629760
712.8377, 0.1232870
713.3198, 0.3308470
713.8019, 0.7156570
714.2841, 0.9161930
714.7662, 1.005421
715.2483, 0.9927840
715.7304, 0.8819790
716.2125, 0.7537150
716.6946, 0.5859070
717.1768, 0.4584490
717.6589, 0.4321580
718.1410, 0.4957350
718.6231, 0.5567180
719.1052, 0.6178280
719.5873, 0.6919430
720.0695, 0.8759820
720.5516, 1.038898
721.0337, 0.9458560
721.5158, 0.5298440
721.9979, 0.2426900
722.4800, 0.4656190
722.9622, 0.7939350
723.4443, 0.8838860
723.9264, 0.5015710
724.4085, 0.3322670
724.8906, 0.4768920
725.3727, 0.7142000
725.8549, 0.8338770
726.3370, 0.8266120
726.8191, 0.7322830
727.3012, 0.5192450
727.7833, 0.3190060
728.2654, 0.3431030
728.7476, 0.5134710
729.2297, 0.6536360
729.7118, 0.7355890
730.1939, 0.7287400
730.6760, 0.5402400
731.1581, 0.2677060
731.6403, 5.8646999E-02
732.1224, 2.6560000E-03
732.6045, 5.9562001E-02
733.0866, 0.1635460
733.5687, 0.2652450
734.0508, 0.2438510
734.5330, 7.1891002E-02
735.0151, 8.6648002E-02
735.4972, 0.1910070
735.9793, 0.2539860
736.4614, 0.2992100
736.9435, 0.3231030
737.4257, 0.3425010
737.9078, 0.3920210
738.3899, 0.4184730
738.8720, 0.3403590
739.3541, 0.1908860
739.8362, 8.7991998E-02
740.3184, 9.0070002E-02
740.8005, 0.1300920
741.2826, 0.2009730
741.7647, 0.2973080
742.2468, 0.3791790
742.7289, 0.4208860
743.2111, 0.4234440
743.6932, 0.3571860
744.1753, 0.2426890
744.6574, 0.1789250
745.1395, 0.1605450
745.6216, 0.2510180
746.1038, 0.6713760
746.5859, 1.125199
747.0680, 1.154077
747.5501, 0.7596660
748.0322, 0.4789300
748.5143, 0.7054900
748.9965, 1.003926
749.4786, 1.113997
749.9607, 0.9902430
750.4428, 0.8079920
750.9249, 0.4863070
751.4070, 0.2373680
751.8892, 0.2507480
752.3713, 0.5213960
752.8534, 0.7227370
753.3355, 0.8464320
753.8176, 0.9130000
754.2997, 0.8835940
754.7819, 0.8315150
755.2640, 0.9121900
755.7461, 1.185153
756.2282, 1.348182
756.7103, 1.176414
757.1924, 0.8615020
757.6746, 0.5577600
758.1567, 0.2201180
758.6388, 3.3434998E-02
759.1209, 6.2185001E-02
759.6030, 0.1617470
760.0851, 0.1750760
760.5673, 9.8128997E-02
761.0494, 6.9504999E-02
761.5315, 0.1114680
762.0136, 0.1738920
762.4957, 0.1579240
762.9778, 0.1267970
763.4600, 0.2201300
763.9421, 0.5364160
764.4242, 0.8217530
764.9063, 0.9216720
765.3884, 0.9177660
765.8705, 0.9092250
766.3527, 0.9020680
766.8348, 0.9093040
767.3169, 0.9528700
767.7990, 0.9858630
768.2811, 0.9261340
768.7632, 0.7698200
769.2454, 0.6703360
769.7275, 0.6697510
770.2096, 0.7005320
770.6917, 0.7409360
771.1738, 0.7660830
771.6559, 0.6905610
772.1381, 0.3715720
772.6202, 0.1091320
773.1023, 0.1487650
773.5844, 0.3358800
774.0665, 0.3937280
774.5486, 0.1466430
775.0308, 2.5069000E-02
775.5129, 6.5066002E-02
775.9950, 9.8099997E-03
776.4771, 7.6306999E-02
776.9592, 0.1957550
777.4413, 0.2963970
777.9235, 0.3647340
778.4056, 0.4224920
778.8877, 0.4543920
779.3698, 0.4667220
779.8519, 0.4524280
780.3340, 0.3626930
780.8162, 0.2912850
781.2983, 0.3216400
781.7804, 0.4035010
782.2625, 0.3921890
782.7446, 0.1795570
783.2267, 4.0426001E-02
783.7089, 4.1033000E-02
784.1910, 0.1443850
784.6731, 0.2456120
785.1552, 0.3452760
785.6373, 0.4810190
786.1194, 0.7268870
786.6016, 0.9482280
787.0837, 0.9037490
787.5658, 0.6659090
788.0479, 0.4335990
788.5300, 0.1525470
789.0121, 5.1477998E-02
789.4943, 0.4605750
789.9764, 1.172441
790.4585, 1.332339
790.9406, 0.5247820
791.4227, 3.4667000E-02
791.9048, 0.1080520
792.3870, 0.6868920
792.8691, 0.7289680
793.3512, 0.2710270
793.8333, 5.1274002E-02
794.3154, 0.1742200
794.7975, 0.5963010
795.2797, 0.8649280
795.7618, 0.9817200
796.2439, 0.9402200
796.7260, 0.5134310
797.2081, 0.1639390
797.6902, 0.1722000
798.1724, 0.4217260
798.6545, 0.4118740
799.1366, 2.8073000E-02
799.6187, 0.2482450
800.1008, 8.4825002E-02
800.5829, 0.7097210
801.0651, 0.7432610
801.5472, 0.2807910
802.0293, 6.0973998E-02
802.5114, 0.2314230
802.9935, 0.6502870
803.4756, 0.6984340
803.9578, 0.4748340
804.4399, 0.3158320
804.9220, 0.3894110
805.4041, 0.4666930
805.8862, 0.4693980
806.3683, 0.4218300
806.8505, 0.4382870
807.3326, 0.5397730
807.8147, 0.6015400
808.2968, 0.5686400
808.7789, 0.4734340
809.2610, 0.3356760
809.7432, 0.1858290
810.2253, 0.1481030
810.7074, 0.3668000
811.1895, 0.6451120
811.6716, 0.9266740
812.1537, 1.176404
812.6359, 1.282848
813.1180, 1.159158
813.6001, 0.9465790
814.0822, 0.6378620
814.5643, 0.2948930
815.0464, 0.1780920
815.5286, 0.2917360
816.0107, 0.3992440
816.4928, 0.3956720
816.9749, 0.3402720
817.4570, 0.3023590
817.9391, 0.2858380
818.4213, 0.3009380
818.9034, 0.4339580
819.3855, 0.5140500
819.8676, 0.3674770
820.3497, 0.1061530
820.8318, 0.1266870
821.3140, 0.6106770
821.7961, 0.9465770
822.2782, 0.9793170
822.7603, 0.7770210
823.2424, 0.5068400
823.7245, 0.1915170
824.2067, 2.7303001E-02
824.6888, 7.6044999E-02
825.1709, 2.8574999E-02
825.6530, 6.6009998E-02
826.1351, 0.2040140
826.6172, 0.3727520
827.0994, 0.7493150
827.5815, 0.9278760
828.0636, 0.7336190
828.5457, 0.3471710
829.0278, 0.1299020
829.5099, 9.3125999E-02
829.9921, 0.1812270
830.4742, 0.4287890
830.9563, 0.7005830
831.4384, 0.7619160
831.9205, 0.6736310
832.4026, 0.5918910
832.8848, 0.5721770
833.3669, 0.5675680
833.8490, 0.6282540
834.3311, 0.6745740
834.8132, 0.5467730
835.2953, 1.2170000E-03
835.7775, 0.2449200
836.2596, 3.3608999E-02
836.7417, 0.4144060
837.2238, 0.8315080
837.7059, 1.201833
838.1880, 1.306715
838.6702, 1.037776
839.1523, 0.6857610
839.6344, 0.5391420
840.1165, 0.5010210
840.5986, 0.4270700
841.0807, 0.1535140
841.5629, 5.3700000E-02
842.0450, 0.3811260
842.5271, 0.7919570
843.0092, 0.9332730
843.4913, 0.7575890
843.9734, 0.5566700
844.4556, 0.3347700
844.9377, 0.1775670
845.4198, 0.2917010
845.9019, 0.5340200
846.3840, 0.5532780
846.8661, 0.2135350
847.3483, 6.4269998E-03
847.8304, 0.3807950
848.3125, 0.8791970
848.7946, 1.006341
849.2767, 0.5044140
849.7589, 0.2346140
850.2410, 0.2641920
850.7231, 0.3896000
851.2052, 0.4478210
851.6873, 0.4423740
852.1694, 0.4167670
852.6516, 0.3686270
853.1337, 0.3318400
853.6158, 0.3427940
854.0979, 0.3727360
854.5800, 0.3623720
855.0621, 0.2848510
855.5443, 0.3604290
856.0264, 0.8415940
856.5085, 1.266018
856.9906, 1.386148
857.4727, 1.189979
857.9548, 1.027934
858.4370, 0.8812190
858.9191, 0.7859120
859.4012, 0.8132150
859.8833, 0.8961640
860.3654, 0.9100030
860.8475, 0.8313960
861.3297, 0.7157750
861.8118, 0.5040920
862.2939, 0.3332070
862.7760, 0.2706160
863.2581, 0.3081650
863.7402, 0.4275760
864.2224, 0.6687960
864.7045, 0.8530960
865.1866, 0.8990920
865.6687, 0.8418700
866.1508, 0.7252650
866.6329, 0.5719200
867.1151, 0.4843000
867.5972, 0.6305040
868.0793, 0.7470860
868.5614, 0.6457240
869.0435, 0.3866610
869.5256, 0.1535310
870.0078, 0.1322420
870.4899, 0.2086090
870.9720, 4.8477001E-02
871.4541, 0.4666380
871.9362, 0.6772640
872.4183, 0.6963160
872.9005, 0.6295260
873.3826, 0.4504060
873.8647, 0.3237580
874.3468, 0.4980630
874.8289, 0.8038490
875.3110, 0.9824130
875.7932, 0.8008750
876.2753, 0.7061570
876.7574, 0.7885390
877.2395, 0.9229460
877.7216, 0.9897080
878.2037, 0.9929290
878.6859, 0.7751500
879.1680, 0.2587820
879.6501, 0.1839880
880.1322, 1.3675000E-02
880.6143, 0.4318400
881.0964, 0.6274310
881.5786, 0.4081780
882.0607, 0.2610780
882.5428, 0.4061110
883.0249, 0.6569690
883.5070, 0.9185180
883.9891, 1.235814
884.4713, 1.224430
884.9534, 0.8263100
885.4355, 0.3965010
885.9176, 0.2263930
886.3997, 0.2213030
886.8818, 0.1971930
887.3640, 0.1477230
887.8461, 0.1145930
888.3282, 0.1389760
888.8103, 0.1884160
889.2924, 0.1753580
889.7745, 0.1362520
890.2567, 0.3776590
890.7388, 1.055458
891.2209, 1.524498
891.7030, 1.422626
892.1851, 0.9937700
892.6672, 0.9127830
893.1494, 1.093220
893.6315, 1.154335
894.1136, 0.7686010
894.5957, 0.3995110
895.0778, 0.3449160
895.5599, 0.5057260
896.0421, 0.6330340
896.5242, 0.7550620
897.0063, 0.7362210
897.4884, 0.4886740
897.9705, 0.1847460
898.4526, 0.1685720
898.9348, 0.3868190
899.4169, 0.6172840
899.8990, 0.8502940
900.3811, 0.9457710
900.8632, 0.6078180
901.3453, 0.1597930
901.8275, 2.2190001E-02
902.3096, 0.3503980
902.7917, 0.6149360
903.2738, 0.7822410
903.7559, 0.8190360
904.2380, 0.5984400
904.7202, 0.1682320
905.2023, 4.4523999E-02
905.6844, 0.2681470
906.1665, 0.4796760
906.6486, 0.2811010
907.1307, 7.8649996E-03
907.6129, 1.2495000E-02
908.0950, 0.3482240
908.5771, 0.5481360
909.0592, 0.4182250
909.5413, 0.3294140
910.0234, 0.4640620
910.5056, 0.7717810
910.9877, 0.9646480
911.4698, 1.041967
911.9519, 0.9888570
912.4340, 0.6318890
912.9161, 0.2700070
913.3983, 0.2796990
913.8804, 0.5377150
914.3625, 0.7012070
914.8446, 0.6222510
915.3267, 0.5029780
915.8088, 0.3691140
916.2910, 0.2226590
916.7731, 2.0373000E-02
917.2552, 0.2326180
917.7373, 0.2763500
918.2194, 4.9230000E-03
918.7015, 0.3375150
919.1837, 0.5147200
919.6658, 0.5847770
920.1479, 0.6218710
920.6300, 0.6228350
921.1121, 0.6381790
921.5942, 0.6871330
922.0764, 0.7396370
922.5585, 0.7913270
923.0406, 0.8456750
923.5227, 0.7585440
924.0048, 0.5167710
924.4869, 0.2939480
924.9691, 0.2337160
925.4512, 0.2660030
925.9333, 0.3376720
926.4154, 0.4398080
926.8975, 0.5042990
927.3796, 0.5121370
927.8618, 0.4633280
928.3439, 0.3364830
928.8260, 0.1796620
929.3081, 0.1206140
929.7902, 0.1583910
930.2723, 0.2822930
930.7545, 0.5655210
931.2366, 0.8390980
931.7187, 0.8542180
932.2008, 0.7179500
932.6829, 0.6441810
933.1650, 0.7608890
933.6472, 0.8708220
934.1293, 0.9982470
934.6114, 1.061181
935.0935, 0.8880050
935.5756, 0.4811080
936.0577, 0.2222560
936.5399, 0.1785190
937.0220, 0.2046100
937.5041, 0.1464780
937.9862, 8.9791000E-02
938.4683, 9.9822000E-02
938.9504, 0.1930430
939.4326, 0.3191940
939.9147, 0.5212400
940.3968, 0.6824810
940.8789, 0.7035860
941.3610, 0.6063400
941.8431, 0.7660100
942.3253, 1.168774
942.8074, 1.381524
943.2895, 0.9162520
943.7716, 0.3079750
944.2537, 5.6171998E-02
944.7358, 8.4325999E-02
945.2180, 6.8612002E-02
945.7001, 0.2555400
946.1822, 0.3433380
946.6643, 5.7990002E-03
947.1464, 0.5475620
947.6285, 0.7576020
948.1107, 0.6729030
948.5928, 0.5478290
949.0749, 0.4267130
949.5570, 0.3455940
950.0391, 0.3486450
950.5212, 0.3997640
951.0034, 0.5053290
951.4855, 0.7736230
951.9676, 0.8077610
952.4497, 0.4642560
952.9318, 0.1313080
953.4139, 0.1672920
953.8961, 0.4940640
954.3782, 0.6682220
954.8603, 0.6823440
955.3424, 0.5981360
955.8245, 0.2885560
956.3066, 4.1239999E-02
956.7888, 0.1274850
957.2709, 0.5030020
957.7530, 0.7354890
958.2351, 0.7763500
958.7172, 0.7590890
959.1993, 0.7223910
959.6815, 0.6435270
960.1636, 0.3913400
960.6457, 5.4667000E-02
961.1278, 4.4259999E-02
961.6099, 0.3436140
962.0920, 0.6972650
962.5742, 0.6604170
963.0563, 0.4644910
963.5384, 0.3737930
964.0205, 0.4278240
964.5026, 0.5160420
964.9847, 0.6656570
965.4669, 0.7485030
965.9490, 0.5525170
966.4311, 0.2323410
966.9132, 0.1290720
967.3953, 0.2496340
967.8774, 0.3784770
968.3596, 0.4107180
968.8417, 0.4213370
969.3238, 0.4172530
969.8059, 0.4185670
970.2880, 0.5552690
970.7701, 0.8569130
971.2523, 1.044733
971.7344, 0.9894320
972.2165, 0.8370390
972.6986, 0.7560010
973.1807, 0.7413980
973.6628, 0.7916900
974.1450, 1.049027
974.6271, 1.130786
975.1092, 0.8375620
975.5913, 0.4451780
976.0734, 0.1910340
976.5555, 5.9758998E-02
977.0377, 4.3945000E-02
977.5198, 0.1482560
978.0019, 0.2788290
978.4840, 0.3967440
978.9661, 0.4779490
979.4482, 0.4557400
979.9304, 0.3396040
980.4125, 0.3480720
980.8946, 0.6624240
981.3767, 0.8593910
981.8588, 0.7717830
982.3409, 0.5202900
982.8231, 0.4426520
983.3052, 0.5132450
983.7873, 0.6104420
984.2694, 0.7452090
984.7515, 0.7872780
985.2336, 0.5321430
985.7158, 0.1800720
986.1979, 1.2580000E-03
986.6800, 5.2329000E-02
987.1621, 0.1901030
987.6442, 0.4714850
988.1263, 0.6694890
988.6085, 0.4339170
989.0906, 9.3780002E-03
989.5727, 5.5686999E-02
990.0548, 0.2903380
990.5369, 0.6425770
991.0190, 0.9428920
991.5012, 1.054061
991.9833, 0.7935230
992.4654, 0.3277390
992.9475, 9.4811998E-02
993.4296, 5.0859999E-02
993.9117, 6.1039999E-02
994.3939, 7.4225999E-02
994.8760, 0.1135130
995.3581, 0.2166240
995.8402, 0.3646180
996.3223, 0.5465060
996.8044, 0.8554110
997.2866, 0.9714720
997.7687, 0.7323840
998.2508, 0.4407150
998.7329, 0.3416900
999.2150, 0.4239590
999.6971, 0.3847670
1000.179, 0.2275150
1000.661, 0.1063520
1001.143, 0.1992940
1001.626, 0.3088780
1002.108, 0.2123320
1002.590, 2.2180000E-02
1003.072, 1.8043000E-02
1003.554, 0.3749680
1004.036, 0.6370520
1004.518, 0.6650420
1005.000, 0.5564130
1005.483, 0.5113000
1005.965, 0.4906790
1006.447, 0.3617300
1006.929, 4.0479001E-02
1007.411, 0.1717480
1007.893, 2.7415000E-02
1008.375, 0.2024490
1008.857, 0.2981450
1009.339, 0.2419140
1009.822, 0.3555560
1010.304, 0.6657230
1010.786, 0.8507510
1011.268, 0.5208680
1011.750, 7.8799002E-02
1012.232, 0.1116330
1012.714, 0.4646750
1013.196, 0.6852180
1013.679, 0.4846710
1014.161, 0.3439330
1014.643, 0.3445920
1015.125, 0.4200140
1015.607, 0.4940100
1016.089, 0.5612310
1016.571, 0.5823880
1017.053, 0.5481020
1017.535, 0.5072480
1018.018, 0.4690970
1018.500, 0.4610850
1018.982, 0.5080600
1019.464, 0.6160450
1019.946, 0.7756620
1020.428, 1.050428
1020.910, 1.125140
1021.392, 0.7520450
1021.875, 0.2194700
1022.357, 0.1352730
1022.839, 0.3453680
1023.321, 0.4618750
1023.803, 0.2243970
1024.285, 0.1056910
1024.767, 0.3793120
1025.249, 0.6846580
1025.731, 0.6064790
1026.214, 0.1378490
1026.696, 2.1062000E-02
1027.178, 0.2989960
1027.660, 0.6047290
1028.142, 0.6003610
1028.624, 0.5396910
1029.106, 0.7493900
1029.588, 1.160089
1030.071, 1.179857
1030.553, 0.5322650
1031.035, 0.1157780
1031.517, 0.2172540
1031.999, 0.5375640
1032.481, 0.5307930
1032.963, 0.3098650
1033.445, 0.1554440
1033.927, 0.1317690
1034.410, 0.1904190
1034.892, 0.4656860
1035.374, 0.6765980
1035.856, 0.5740250
1036.338, 0.1449370
1036.820, 5.5652000E-02
1037.302, 0.3131590
1037.784, 0.6093040
1038.266, 0.7905910
1038.749, 0.8911890
1039.231, 0.9097870
1039.713, 0.8755890
1040.195, 0.8603430
1040.677, 0.9542360
1041.159, 0.9105360
1041.641, 0.6459120
1042.123, 0.3619520
1042.605, 0.3276270
1043.088, 0.4697060
1043.570, 0.6158970
1044.052, 0.7473250
1044.534, 0.7683380
1045.016, 0.4942140
1045.498, 0.2301670
1045.980, 0.1459210
1046.462, 0.2041510
1046.945, 0.2210400
1047.427, 0.1912720
1047.909, 0.2818690
1048.391, 0.6517060
1048.873, 0.9091290
1049.355, 0.3476820
1049.837, 0.4620990
1050.319, 0.7230990
1050.802, 5.7700001E-02
1051.284, 0.6214670
1051.766, 0.9163970
1052.248, 1.059957
1052.730, 1.106863
1053.212, 1.067972
1053.694, 0.9526970
1054.176, 0.7828090
1054.658, 0.6609880
1055.141, 0.7501970
1055.623, 0.8142910
1056.105, 0.6773210
1056.587, 0.5114310
1057.069, 0.6262460
1057.551, 1.034374
1058.033, 1.248682
1058.515, 1.191450
1058.998, 1.100103
1059.480, 1.248685
1059.962, 1.422726
1060.444, 1.391932
1060.926, 1.136927
1061.408, 0.9497280
1061.890, 0.8326800
1062.372, 0.8079390
1062.854, 0.9231760
1063.337, 1.074574
1063.819, 1.025876
1064.301, 0.8643800
1064.783, 0.7959120
1065.265, 0.9432140
1065.747, 1.012957
1066.229, 0.8048720
1066.711, 0.5759660
1067.193, 0.4931510
1067.676, 0.5491450
1068.158, 0.6006970
1068.640, 0.6465970
1069.122, 0.6676330
1069.604, 0.6765890
1070.086, 0.6326300
1070.568, 0.3941880
1071.050, 0.1101720
1071.532, 0.1196350
1072.015, 0.5345820
1072.497, 0.8703590
1072.979, 1.084353
1073.461, 1.207386
1073.943, 1.265451
1074.425, 1.258710
1074.907, 1.143105
1075.389, 0.9263740
1075.872, 0.8130520
1076.354, 0.9491010
1076.836, 1.066603
1077.318, 1.115194
1077.800, 1.079057
1078.282, 0.8788680
1078.764, 0.5575460
1079.246, 0.2458460
1079.729, 6.9287002E-02
1080.211, 0.2071880
1080.693, 0.1026360
1081.175, 0.4887770
1081.657, 0.6610880
1082.139, 0.6202140
1082.621, 0.5878640
1083.103, 0.5630490
1083.585, 0.5981110
1084.068, 0.8269950
1084.550, 1.015700
1085.032, 0.8827470
1085.514, 0.5640000
1085.996, 0.2900880
1086.478, 3.3565000E-02
1086.960, 3.8600001E-03
1087.442, 0.5072550
1087.925, 1.082122
1088.407, 1.450038
1088.889, 1.592567
1089.371, 1.328597
1089.853, 0.7475070
1090.335, 0.4135940
1090.817, 0.7968870
1091.299, 1.112943
1091.781, 1.151564
1092.264, 1.052381
1092.746, 1.089479
1093.228, 1.221931
1093.710, 1.232163
1094.192, 1.069766
1094.674, 0.9155430
1095.156, 0.8332920
1095.638, 0.8515480
1096.120, 1.091341
1096.603, 1.479745
1097.085, 1.400751
1097.567, 0.8308310
1098.049, 0.4127200
1098.531, 0.4397700
1099.013, 0.5865690
1099.495, 0.4824030
1099.977, 0.3046900
1100.459, 0.2948880
1100.942, 0.5651490
1101.424, 0.7770300
1101.906, 0.9451010
1102.388, 1.006789
1102.870, 0.8244090
1103.352, 0.5622180
1103.834, 0.5604750
1104.316, 0.7472280
1104.799, 0.9200050
1105.281, 1.090539
1105.763, 1.100785
1106.245, 0.8182450
1106.727, 0.5437910
1107.209, 0.7189580
1107.691, 1.171082
1108.173, 1.268770
1108.656, 1.061028
1109.138, 0.8505540
1109.620, 0.9947260
1110.102, 0.9994730
1110.584, 0.4422160
1111.066, 0.3274150
1111.548, 0.5421420
1112.030, 0.2115100
1112.512, 0.1664010
1112.995, 0.5142790
1113.477, 0.7900470
1113.959, 0.9542720
1114.441, 1.029919
1114.923, 1.002193
1115.405, 0.8792020
1115.887, 0.8169670
1116.369, 0.8151210
1116.852, 0.8937770
1117.334, 1.120784
1117.816, 1.304938
1118.298, 1.096981
1118.780, 0.7205430
1119.262, 0.5087830
1119.744, 0.6029480
1120.226, 0.6530280
1120.708, 0.6601410
1121.191, 0.5852710
1121.673, 0.3217980
1122.155, 8.7010004E-03
1122.637, 3.7610000E-03
1123.119, 0.2090230
1123.601, 0.4387290
1124.083, 0.6245680
1124.565, 0.7952100
1125.047, 0.9842450
1125.530, 1.126084
1126.012, 1.159322
1126.494, 1.092284
1126.976, 0.8981380
1127.458, 0.6085330
1127.940, 0.4836840
1128.422, 0.9396360
1128.904, 1.288884
1129.386, 1.120092
1129.869, 0.7225210
1130.351, 0.5173390
1130.833, 0.5022830
1131.315, 0.5599280
1131.797, 0.6810310
1132.279, 0.8053580
1132.761, 0.9303580
1133.243, 1.001009
1133.726, 0.9409090
1134.208, 0.7819430
1134.690, 0.6828530
1135.172, 0.6544770
1135.654, 0.6213450
1136.136, 0.5631040
1136.618, 0.5702760
1137.100, 0.8702330
1137.583, 1.202519
1138.065, 1.239707
1138.547, 0.9079270
1139.029, 0.8128100
1139.511, 1.046026
1139.993, 1.223859
1140.475, 1.191872
1140.957, 1.028769
1141.439, 0.7890060
1141.922, 0.5305670
1142.404, 0.3320050
1142.886, 0.1529160
1143.368, 0.2532370
1143.850, 0.7787120
1144.332, 1.275713
1144.814, 1.508779
1145.296, 1.499898
1145.779, 1.186271
1146.261, 0.6722120
1146.743, 0.2532550
1147.225, 4.8358001E-02
1147.707, 6.7234002E-02
1148.189, 0.4000360
1148.671, 0.8767600
1149.153, 0.8600900
1149.635, 0.4775830
1150.118, 0.3544290
1150.600, 0.4793090
1151.082, 0.6541100
1151.564, 0.8568690
1152.046, 0.9912590
1152.528, 0.9871040
1153.010, 0.9246070
1153.492, 0.9406880
1153.974, 1.017723
1154.457, 0.8765960
1154.939, 0.4996200
1155.421, 0.2709420
1155.903, 0.6691210
1156.385, 1.074994
1156.867, 1.049076
1157.349, 0.7782410
1157.831, 0.7019930
1158.313, 0.8251720
1158.796, 0.7579330
1159.278, 0.4064130
1159.760, 9.8359004E-02
1160.242, 0.1349860
1160.724, 0.3106960
1161.206, 0.5144700
1161.688, 0.7190190
1162.170, 0.7643860
1162.653, 0.6300820
1163.135, 0.5603990
1163.617, 0.6322990
1164.099, 0.7618070
1164.581, 0.9608340
1165.063, 1.108148
1165.545, 1.006990
1166.027, 0.6032430
1166.510, 0.5181060
1166.992, 0.8286070
1167.474, 1.018057
1167.956, 0.8362360
1168.438, 0.5067290
1168.920, 0.1859330
1169.402, 5.9043001E-02
1169.884, 0.1008160
1170.366, 0.1315050
1170.849, 0.4022350
1171.331, 0.7381470
1171.813, 0.9680680
1172.295, 1.025080
1172.777, 0.9529650
1173.259, 0.6968820
1173.741, 0.3927130
1174.223, 0.3219090
1174.706, 0.8800880
1175.188, 1.070642
1175.670, 0.7633610
1176.152, 0.4044840
1176.634, 0.3358490
1177.116, 0.4445350
1177.598, 0.5648240
1178.080, 0.6667280
1178.563, 0.6695180
1179.045, 0.4504540
1179.527, 0.2662870
1180.009, 0.1196090
1180.491, 4.9646001E-02
1180.973, 0.1418410
1181.455, 0.2913600
1181.937, 0.3723960
1182.419, 0.3878810
1182.901, 0.3759430
1183.384, 0.2325210
1183.866, 0.2482540
1184.348, 0.5223570
1184.830, 0.8724000
1185.312, 1.129671
1185.794, 1.268545
1186.276, 1.156096
1186.758, 0.8103010
1187.240, 0.5264980
1187.723, 0.4226390
1188.205, 0.4303690
1188.687, 0.5894150
1189.169, 0.7682430
1189.651, 0.7146070
1190.133, 0.5035050
1190.615, 0.3821710
1191.097, 0.3827140
1191.580, 0.3414720
1192.062, 3.7834000E-02
1192.544, 0.1638860
1193.026, 0.2754420
1193.508, 0.9498880
1193.990, 1.113493
1194.472, 0.8895160
1194.954, 0.7031490
1195.437, 0.6360990
1195.919, 0.5658670
1196.401, 0.4202980
1196.883, 0.2753550
1197.365, 0.1342020
1197.847, 3.1939998E-02
1198.329, 8.5823998E-02
1198.811, 0.2683230
1199.293, 0.4841840
1199.776, 0.7254970
1200.258, 0.9283090
1200.740, 1.167275
1201.222, 1.220314
1201.704, 0.8564370
1202.186, 0.2696820
1202.668, 0.3660660
1203.150, 0.9618420
1203.633, 1.312594
1204.115, 1.126076
1204.597, 0.8327480
1205.079, 0.5260430
1205.561, 0.2699950
1206.043, 0.1014710
1206.525, 1.8657001E-02
1207.007, 7.3443003E-02
1207.490, 0.2410560
1207.972, 0.4260720
1208.454, 0.6722950
1208.936, 0.7628890
1209.418, 0.3536890
1209.900, 2.2239999E-03
1210.382, 0.1283140
1210.864, 0.6462100
1211.346, 0.8325560
1211.828, 0.7432510
1212.311, 0.6969630
1212.793, 0.9909640
1213.275, 1.109110
1213.757, 0.6386530
1214.239, 0.1374560
1214.721, 5.6136999E-02
1215.203, 0.3316360
1215.685, 0.4903280
1216.167, 0.5482250
1216.650, 0.5967160
1217.132, 0.7570800
1217.614, 0.8099640
1218.096, 0.5823210
1218.578, 0.3329180
1219.060, 0.3038540
1219.542, 0.4609740
1220.024, 0.5497300
1220.507, 0.5891430
1220.989, 0.6965730
1221.471, 1.145488
1221.953, 1.375751
1222.435, 1.094396
1222.917, 0.6999030
1223.399, 0.5833210
1223.881, 0.7024960
1224.364, 1.001364
1224.846, 1.409957
1225.328, 1.567206
1225.810, 0.9896760
1226.292, 0.5584100
1226.774, 0.5821100
1227.256, 0.7032540
1227.738, 0.3889630
1228.220, 0.1758720
1228.703, 0.2886230
1229.185, 3.6476001E-02
1229.667, 0.4266360
1230.149, 0.9057760
1230.631, 1.141422
1231.113, 0.9746760
1231.595, 0.6933630
1232.077, 0.7033950
1232.560, 0.8878970
1233.042, 0.8872180
1233.524, 0.7063470
1234.006, 0.5976160
1234.488, 0.7888680
1234.970, 0.8770920
1235.452, 0.7427440
1235.934, 0.5618330
1236.417, 0.5876280
1236.899, 0.6876860
1237.381, 0.4640280
1237.863, 5.7146002E-02
1238.345, 0.3249290
1238.827, 1.8609000E-02
1239.309, 0.3832020
1239.791, 0.6946790
1240.273, 0.9539040
1240.755, 1.239115
1241.238, 1.445791
1241.720, 1.274725
1242.202, 0.7473140
1242.684, 0.4464230
1243.166, 0.6082990
1243.648, 0.7277630
1244.130, 0.6926520
1244.612, 0.6319860
1245.094, 0.7843940
1245.577, 0.9785860
1246.059, 0.8613820
1246.541, 0.4425280
1247.023, 0.3731650
1247.505, 0.8461330
1247.987, 1.257205
1248.469, 1.501059
1248.951, 1.569843
1249.434, 1.354383
1249.916, 1.019606
1250.398, 0.7119810
1250.880, 0.4640720
1251.362, 0.4085190
1251.844, 0.6069350
1252.326, 0.7222490
1252.808, 0.6731020
1253.291, 0.4742680
1253.773, 0.2125700
1254.255, 5.5909999E-02
1254.737, 0.3905650
1255.219, 1.141886
1255.701, 1.397616
1256.183, 1.095078
1256.665, 0.8348320
1257.147, 0.7499180
1257.630, 0.7536820
1258.112, 0.8005240
1258.594, 0.8812160
1259.076, 0.6728070
1259.558, 0.2786710
1260.040, 0.2216940
1260.522, 0.4968030
1261.004, 0.6233940
1261.487, 0.4675060
1261.969, 0.3493470
1262.451, 0.6425190
1262.933, 0.9240060
1263.415, 0.8443160
1263.897, 0.5525020
1264.379, 0.6051410
1264.861, 0.9419540
1265.344, 1.102875
1265.826, 0.9740980
1266.308, 0.8019830
1266.790, 0.7928420
1267.272, 0.7186440
1267.754, 0.4135460
1268.236, 2.9107001E-02
1268.718, 5.5211999E-02
1269.200, 0.1103360
1269.682, 0.3911810
1270.165, 0.7859730
1270.647, 1.049824
1271.129, 1.017096
1271.611, 0.8979030
1272.093, 0.7335490
1272.575, 0.5552910
1273.057, 0.3953640
1273.539, 0.2107270
1274.021, 0.1670760
1274.504, 0.2195470
1274.986, 0.2135210
1275.468, 5.8899000E-02
1275.950, 3.2980000E-03
1276.432, 0.1187730
1276.914, 0.1970990
1277.396, 0.0000000E+00
##END=



