##NAMES=Tveitite-(Y)
##RRUFFID=R060895
##IDEAL CHEMISTRY=(Y,Na)_6_(Ca,Na,Y)_12_(Ca,Na)F_42_
##LOCALITY=Rov-Gora, West Keivy, Kola Peninsula, Russia
##OWNER=RRUFF
##SOURCE=Michael Scott
##DESCRIPTION=Pink massive
##STATUS=The identification of this mineral has been confirmed by X-ray diffraction.
##URL=rruff.info/R060895
83.44019, 0.0000000E+00
83.92230, 0.0000000E+00
84.40442, 0.0000000E+00
84.88654, 0.0000000E+00
85.36865, 0.0000000E+00
85.85077, 0.0000000E+00
86.33289, 0.0000000E+00
86.81500, 0.0000000E+00
87.29712, 0.0000000E+00
87.77924, 0.0000000E+00
88.26135, 0.0000000E+00
88.74347, 0.0000000E+00
89.22559, 38.70594
89.70770, 40.29005
90.18982, 39.83051
90.67194, 37.01085
91.15405, 35.49022
91.63617, 36.60959
92.11829, 37.87227
92.60040, 37.92106
93.08252, 37.01016
93.56464, 36.56892
94.04675, 38.49876
94.52887, 44.53868
95.01099, 47.87750
95.49310, 47.07732
95.97522, 45.13830
96.45734, 43.77975
96.93945, 43.47309
97.42157, 43.83767
97.90369, 44.31890
98.38580, 45.37987
98.86792, 45.74809
99.35004, 44.20284
99.83215, 42.44681
100.3143, 42.65606
100.7964, 45.73407
101.2785, 50.21624
101.7606, 52.52675
102.2427, 51.45950
102.7249, 50.35224
103.2070, 48.82711
103.6891, 47.73206
104.1712, 49.06589
104.6533, 54.29181
105.1354, 61.97508
105.6176, 67.37273
106.0997, 69.46013
106.5818, 70.92454
107.0639, 72.72771
107.5460, 74.86477
108.0281, 77.43600
108.5103, 80.87463
108.9924, 84.65722
109.4745, 87.26148
109.9566, 87.42734
110.4387, 87.36205
110.9208, 88.60860
111.4030, 91.15392
111.8851, 95.23238
112.3672, 102.2854
112.8493, 110.9291
113.3314, 118.4265
113.8135, 123.7158
114.2957, 127.6756
114.7778, 132.3679
115.2599, 138.9344
115.7420, 142.6862
116.2241, 135.5104
116.7062, 123.3262
117.1884, 117.8088
117.6705, 127.8257
118.1526, 148.8214
118.6347, 166.2279
119.1168, 175.8833
119.5989, 188.2327
120.0811, 209.0218
120.5632, 236.5484
121.0453, 266.6269
121.5274, 294.4922
122.0095, 320.7464
122.4916, 355.5939
122.9738, 403.4686
123.4559, 456.6800
123.9380, 515.0714
124.4201, 576.5262
124.9022, 634.8377
125.3843, 682.9263
125.8665, 718.9044
126.3486, 757.3972
126.8307, 804.6594
127.3128, 850.1066
127.7949, 887.7945
128.2770, 918.0501
128.7592, 945.7201
129.2413, 978.4318
129.7234, 1021.889
130.2055, 1052.746
130.6876, 1068.537
131.1697, 1074.736
131.6519, 1070.068
132.1340, 1055.966
132.6161, 1039.862
133.0982, 1032.730
133.5803, 1037.061
134.0624, 1046.804
134.5446, 1059.638
135.0267, 1077.892
135.5088, 1103.657
135.9909, 1137.549
136.4730, 1177.935
136.9551, 1221.797
137.4373, 1265.500
137.9194, 1319.284
138.4015, 1382.034
138.8836, 1454.743
139.3657, 1539.898
139.8478, 1638.786
140.3300, 1746.329
140.8121, 1852.241
141.2942, 1951.367
141.7763, 2053.699
142.2584, 2162.773
142.7405, 2274.625
143.2227, 2385.462
143.7048, 2494.292
144.1869, 2599.573
144.6690, 2697.449
145.1511, 2785.575
145.6333, 2869.036
146.1154, 2950.410
146.5975, 3027.609
147.0796, 3098.064
147.5617, 3160.395
148.0438, 3214.512
148.5260, 3257.723
149.0081, 3292.262
149.4902, 3316.832
149.9723, 3326.039
150.4544, 3324.782
150.9365, 3323.003
151.4187, 3325.804
151.9008, 3332.742
152.3829, 3340.865
152.8650, 3347.014
153.3471, 3357.244
153.8292, 3376.722
154.3114, 3402.963
154.7935, 3427.768
155.2756, 3445.383
155.7577, 3457.738
156.2398, 3475.710
156.7219, 3500.120
157.2041, 3528.561
157.6862, 3558.995
158.1683, 3591.892
158.6504, 3630.199
159.1325, 3676.988
159.6146, 3731.125
160.0968, 3783.262
160.5789, 3834.040
161.0610, 3881.969
161.5431, 3922.617
162.0252, 3956.993
162.5073, 3996.267
162.9895, 4050.959
163.4716, 4116.811
163.9537, 4172.910
164.4358, 4216.326
164.9179, 4251.530
165.4000, 4279.273
165.8822, 4299.634
166.3643, 4320.889
166.8464, 4353.297
167.3285, 4390.424
167.8106, 4412.651
168.2927, 4409.677
168.7749, 4396.311
169.2570, 4385.533
169.7391, 4377.710
170.2212, 4368.973
170.7033, 4355.213
171.1854, 4338.761
171.6676, 4325.413
172.1497, 4319.016
172.6318, 4314.664
173.1139, 4308.089
173.5960, 4299.468
174.0781, 4287.066
174.5603, 4265.337
175.0424, 4239.285
175.5245, 4219.726
176.0066, 4212.226
176.4887, 4210.567
176.9708, 4208.060
177.4530, 4204.835
177.9351, 4199.818
178.4172, 4191.621
178.8993, 4181.060
179.3814, 4169.321
179.8635, 4152.396
180.3457, 4136.675
180.8278, 4134.401
181.3099, 4149.444
181.7920, 4159.919
182.2741, 4145.438
182.7562, 4117.509
183.2384, 4092.826
183.7205, 4075.130
184.2026, 4063.632
184.6847, 4060.310
185.1668, 4068.326
185.6489, 4071.591
186.1311, 4051.266
186.6132, 4021.063
187.0953, 4001.445
187.5774, 4007.047
188.0595, 4021.000
188.5416, 4016.031
189.0238, 3987.832
189.5059, 3957.433
189.9880, 3936.142
190.4701, 3920.198
190.9522, 3905.229
191.4343, 3889.584
191.9165, 3874.424
192.3986, 3860.856
192.8807, 3848.313
193.3628, 3839.544
193.8449, 3842.552
194.3270, 3848.863
194.8092, 3846.595
195.2913, 3827.669
195.7734, 3802.628
196.2555, 3787.818
196.7376, 3785.250
197.2197, 3784.322
197.7019, 3782.907
198.1840, 3779.106
198.6661, 3769.547
199.1482, 3751.090
199.6303, 3728.891
200.1124, 3709.397
200.5946, 3692.343
201.0767, 3678.927
201.5588, 3672.633
202.0409, 3669.531
202.5230, 3666.177
203.0051, 3663.085
203.4873, 3657.301
203.9694, 3641.765
204.4515, 3613.661
204.9336, 3591.895
205.4157, 3593.378
205.8978, 3602.591
206.3800, 3603.125
206.8621, 3589.546
207.3442, 3569.470
207.8263, 3549.264
208.3084, 3528.026
208.7905, 3514.019
209.2727, 3515.663
209.7548, 3524.428
210.2369, 3532.153
210.7190, 3537.524
211.2011, 3541.098
211.6832, 3542.608
212.1654, 3541.852
212.6475, 3542.227
213.1296, 3546.894
213.6117, 3552.154
214.0938, 3553.718
214.5759, 3550.208
215.0581, 3545.902
215.5402, 3542.987
216.0223, 3541.510
216.5044, 3546.454
216.9865, 3563.984
217.4686, 3585.788
217.9508, 3604.029
218.4329, 3618.308
218.9150, 3628.014
219.3971, 3630.466
219.8792, 3626.362
220.3613, 3624.278
220.8435, 3627.705
221.3256, 3633.168
221.8077, 3634.727
222.2898, 3631.147
222.7719, 3633.315
223.2540, 3653.500
223.7362, 3687.953
224.2183, 3715.623
224.7004, 3730.125
225.1825, 3737.392
225.6646, 3741.999
226.1467, 3743.656
226.6289, 3750.157
227.1110, 3771.208
227.5931, 3801.341
228.0752, 3821.215
228.5573, 3823.217
229.0394, 3820.459
229.5216, 3823.995
230.0037, 3833.405
230.4858, 3850.916
230.9679, 3883.700
231.4500, 3924.719
231.9321, 3957.796
232.4143, 3979.020
232.8964, 3996.170
233.3785, 4016.940
233.8606, 4040.578
234.3427, 4062.841
234.8248, 4081.351
235.3070, 4098.126
235.7891, 4117.731
236.2712, 4142.041
236.7533, 4162.595
237.2354, 4165.603
237.7175, 4156.133
238.1997, 4158.302
238.6818, 4187.042
239.1639, 4224.333
239.6460, 4250.260
240.1281, 4263.478
240.6102, 4271.894
241.0924, 4280.015
241.5745, 4287.992
242.0566, 4296.269
242.5387, 4305.723
243.0208, 4314.952
243.5029, 4324.482
243.9851, 4333.865
244.4672, 4338.266
244.9493, 4332.848
245.4314, 4319.865
245.9135, 4311.348
246.3956, 4311.471
246.8778, 4312.085
247.3599, 4307.511
247.8420, 4299.254
248.3241, 4293.582
248.8062, 4294.715
249.2883, 4299.840
249.7705, 4298.935
250.2526, 4286.650
250.7347, 4276.102
251.2168, 4273.502
251.6989, 4275.791
252.1810, 4276.904
252.6632, 4274.303
253.1453, 4269.029
253.6274, 4263.436
254.1095, 4257.449
254.5916, 4251.221
255.0737, 4243.939
255.5559, 4236.682
256.0380, 4230.225
256.5201, 4224.746
257.0022, 4221.835
257.4843, 4224.891
257.9665, 4240.927
258.4486, 4248.470
258.9307, 4246.779
259.4128, 4236.524
259.8949, 4215.074
260.3770, 4182.959
260.8592, 4148.565
261.3413, 4121.832
261.8234, 4105.354
262.3055, 4088.925
262.7876, 4066.120
263.2697, 4048.304
263.7519, 4048.505
264.2340, 4063.298
264.7161, 4074.472
265.1982, 4063.721
265.6803, 4027.550
266.1624, 4002.817
266.6446, 3997.227
267.1267, 3993.694
267.6088, 3987.220
268.0909, 3977.627
268.5730, 3966.177
269.0551, 3953.686
269.5373, 3940.154
270.0194, 3925.503
270.5015, 3907.030
270.9836, 3890.304
271.4657, 3879.860
271.9478, 3870.859
272.4300, 3855.208
272.9121, 3828.070
273.3942, 3795.087
273.8763, 3773.404
274.3584, 3773.502
274.8405, 3768.453
275.3227, 3751.941
275.8048, 3730.520
276.2869, 3707.628
276.7690, 3684.758
277.2511, 3666.498
277.7332, 3663.346
278.2154, 3683.564
278.6975, 3693.247
279.1796, 3680.719
279.6617, 3661.905
280.1438, 3643.833
280.6259, 3628.385
281.1081, 3617.493
281.5902, 3615.750
282.0723, 3623.996
282.5544, 3626.123
283.0365, 3617.758
283.5186, 3605.684
284.0008, 3593.162
284.4829, 3580.279
284.9650, 3566.544
285.4471, 3548.633
285.9292, 3528.904
286.4113, 3520.030
286.8935, 3530.493
287.3756, 3535.858
287.8577, 3515.429
288.3398, 3480.230
288.8219, 3452.413
289.3040, 3446.306
289.7862, 3448.796
290.2683, 3437.653
290.7504, 3410.323
291.2325, 3386.185
291.7146, 3379.026
292.1967, 3380.760
292.6789, 3377.911
293.1610, 3368.313
293.6431, 3354.526
294.1252, 3337.070
294.6073, 3316.491
295.0894, 3295.568
295.5716, 3273.223
296.0537, 3253.480
296.5358, 3244.467
297.0179, 3249.295
297.5000, 3253.608
297.9821, 3251.703
298.4643, 3245.363
298.9464, 3236.375
299.4285, 3224.405
299.9106, 3214.135
300.3927, 3213.568
300.8748, 3225.805
301.3570, 3232.139
301.8391, 3226.962
302.3212, 3217.395
302.8033, 3208.283
303.2854, 3200.647
303.7675, 3196.001
304.2497, 3196.448
304.7318, 3202.712
305.2139, 3204.550
305.6960, 3201.021
306.1781, 3194.791
306.6602, 3184.844
307.1424, 3173.102
307.6245, 3163.696
308.1066, 3159.377
308.5887, 3159.266
309.0708, 3158.331
309.5529, 3163.588
310.0351, 3159.466
310.5172, 3136.155
310.9993, 3105.568
311.4814, 3080.244
311.9635, 3065.237
312.4456, 3058.859
312.9278, 3059.434
313.4099, 3074.246
313.8920, 3080.397
314.3741, 3070.301
314.8562, 3057.229
315.3383, 3050.933
315.8205, 3051.958
316.3026, 3053.027
316.7847, 3044.137
317.2668, 3023.497
317.7489, 3012.744
318.2310, 3021.326
318.7132, 3030.222
319.1953, 3033.229
319.6774, 3030.005
320.1595, 3020.342
320.6416, 2999.050
321.1237, 2972.826
321.6059, 2964.182
322.0880, 2981.012
322.5701, 2994.689
323.0522, 2983.969
323.5343, 2964.260
324.0164, 2955.914
324.4986, 2968.280
324.9807, 2985.228
325.4628, 2989.752
325.9449, 2982.384
326.4270, 2973.336
326.9091, 2964.609
327.3913, 2957.312
327.8734, 2952.886
328.3555, 2951.573
328.8376, 2951.635
329.3197, 2956.330
329.8018, 2961.111
330.2840, 2954.709
330.7661, 2933.078
331.2482, 2911.174
331.7303, 2907.683
332.2124, 2924.997
332.6945, 2932.951
333.1767, 2922.258
333.6588, 2907.162
334.1409, 2898.385
334.6230, 2895.636
335.1051, 2892.648
335.5872, 2884.765
336.0694, 2872.666
336.5515, 2863.538
337.0336, 2859.147
337.5157, 2855.278
337.9978, 2851.278
338.4799, 2847.070
338.9621, 2843.053
339.4442, 2839.392
339.9263, 2834.896
340.4084, 2827.070
340.8905, 2814.589
341.3727, 2800.670
341.8548, 2777.452
342.3369, 2758.675
342.8190, 2758.761
343.3011, 2776.318
343.7832, 2793.613
344.2654, 2790.085
344.7475, 2763.802
345.2296, 2748.647
345.7117, 2755.277
346.1938, 2761.385
346.6759, 2757.312
347.1581, 2746.454
347.6402, 2735.631
348.1223, 2726.905
348.6044, 2721.778
349.0865, 2725.837
349.5686, 2742.636
350.0508, 2754.739
350.5329, 2754.059
351.0150, 2745.335
351.4971, 2732.014
351.9792, 2713.483
352.4613, 2694.822
352.9435, 2676.982
353.4256, 2661.551
353.9077, 2657.383
354.3898, 2671.503
354.8719, 2687.732
355.3540, 2681.711
355.8362, 2654.572
356.3183, 2634.743
356.8004, 2635.137
357.2825, 2642.046
357.7646, 2641.461
358.2467, 2632.673
358.7289, 2623.121
359.2110, 2619.245
359.6931, 2620.015
360.1752, 2611.226
360.6573, 2577.883
361.1394, 2553.409
361.6216, 2554.887
362.1037, 2570.784
362.5858, 2582.420
363.0679, 2581.965
363.5500, 2574.203
364.0321, 2569.047
364.5143, 2570.649
364.9964, 2567.391
365.4785, 2552.819
365.9606, 2538.861
366.4427, 2535.413
366.9248, 2541.732
367.4070, 2548.658
367.8891, 2548.202
368.3712, 2540.390
368.8533, 2527.335
369.3354, 2498.268
369.8175, 2478.684
370.2997, 2485.093
370.7818, 2504.496
371.2639, 2515.695
371.7460, 2507.610
372.2281, 2492.190
372.7102, 2488.823
373.1924, 2499.108
373.6745, 2505.051
374.1566, 2498.484
374.6387, 2486.756
375.1208, 2478.640
375.6029, 2474.848
376.0851, 2470.563
376.5672, 2463.344
377.0493, 2453.929
377.5314, 2443.253
378.0135, 2431.270
378.4956, 2419.341
378.9778, 2407.242
379.4599, 2395.482
379.9420, 2391.445
380.4241, 2406.119
380.9062, 2418.447
381.3883, 2414.802
381.8705, 2399.083
382.3526, 2381.592
382.8347, 2367.335
383.3168, 2355.768
383.7989, 2345.543
384.2810, 2336.731
384.7632, 2329.369
385.2453, 2322.592
385.7274, 2317.813
386.2095, 2317.811
386.6916, 2322.084
387.1737, 2325.942
387.6559, 2324.000
388.1380, 2315.773
388.6201, 2308.904
389.1022, 2302.390
389.5843, 2298.642
390.0664, 2301.133
390.5486, 2306.322
391.0307, 2307.735
391.5128, 2301.159
391.9949, 2291.994
392.4770, 2289.781
392.9591, 2295.350
393.4413, 2300.636
393.9234, 2303.771
394.4055, 2304.947
394.8876, 2304.907
395.3697, 2303.772
395.8518, 2300.156
396.3340, 2292.263
396.8161, 2281.726
397.2982, 2271.078
397.7803, 2260.594
398.2624, 2250.458
398.7445, 2239.369
399.2267, 2228.074
399.7088, 2225.080
400.1909, 2240.985
400.6730, 2253.803
401.1551, 2252.009
401.6372, 2240.304
402.1194, 2227.898
402.6015, 2218.733
403.0836, 2211.444
403.5657, 2203.610
404.0478, 2196.793
404.5299, 2186.240
405.0121, 2163.745
405.4942, 2144.622
405.9763, 2141.561
406.4584, 2152.165
406.9405, 2163.527
407.4226, 2165.124
407.9048, 2158.328
408.3869, 2152.102
408.8690, 2145.411
409.3511, 2141.383
409.8332, 2146.221
410.3153, 2152.005
410.7975, 2146.818
411.2796, 2124.642
411.7617, 2104.360
412.2438, 2110.618
412.7259, 2137.816
413.2080, 2148.599
413.6902, 2128.161
414.1723, 2102.579
414.6544, 2106.607
415.1365, 2136.495
415.6186, 2153.013
416.1007, 2136.537
416.5829, 2113.121
417.0650, 2105.302
417.5471, 2110.925
418.0292, 2114.866
418.5113, 2108.051
418.9934, 2094.360
419.4756, 2087.075
419.9577, 2096.613
420.4398, 2099.154
420.9219, 2086.747
421.4040, 2071.166
421.8861, 2062.806
422.3683, 2063.122
422.8504, 2066.973
423.3325, 2069.374
423.8146, 2070.283
424.2967, 2071.324
424.7788, 2074.090
425.2610, 2074.777
425.7431, 2071.374
426.2252, 2065.473
426.7073, 2058.846
427.1894, 2051.453
427.6715, 2045.772
428.1537, 2046.865
428.6358, 2054.306
429.1179, 2058.002
429.6000, 2054.826
430.0821, 2047.972
430.5642, 2039.955
431.0464, 2030.836
431.5285, 2023.274
432.0106, 2017.751
432.4927, 2014.250
432.9748, 2014.371
433.4569, 2017.247
433.9391, 2017.898
434.4212, 2012.912
434.9033, 2004.026
435.3854, 1997.940
435.8675, 1994.911
436.3496, 1994.482
436.8318, 1998.247
437.3139, 2003.622
437.7960, 2010.143
438.2781, 2016.677
438.7602, 2019.299
439.2423, 2012.401
439.7245, 1995.904
440.2066, 1985.175
440.6887, 1981.900
441.1708, 1982.574
441.6529, 1989.253
442.1350, 1997.573
442.6172, 2000.890
443.0993, 1996.101
443.5814, 1989.202
444.0635, 1986.805
444.5456, 1988.375
445.0277, 1989.650
445.5099, 1989.537
445.9920, 1989.132
446.4741, 1991.427
446.9562, 1996.051
447.4383, 1994.359
447.9204, 1976.618
448.4026, 1958.927
448.8847, 1955.553
449.3668, 1963.273
449.8489, 1969.893
450.3310, 1969.108
450.8131, 1963.742
451.2953, 1961.009
451.7774, 1962.434
452.2595, 1964.472
452.7416, 1968.813
453.2237, 1972.428
453.7059, 1972.760
454.1880, 1970.158
454.6701, 1967.091
455.1522, 1965.326
455.6343, 1964.742
456.1165, 1964.748
456.5986, 1965.232
457.0807, 1966.543
457.5628, 1969.584
458.0449, 1973.122
458.5270, 1975.939
459.0092, 1977.776
459.4913, 1979.269
459.9734, 1980.377
460.4555, 1981.487
460.9376, 1983.146
461.4197, 1985.320
461.9019, 1989.520
462.3840, 1998.539
462.8661, 2011.637
463.3482, 2017.301
463.8303, 2007.386
464.3124, 1999.942
464.7946, 2003.324
465.2767, 2012.221
465.7588, 2019.262
466.2409, 2022.074
466.7230, 2022.485
467.2051, 2022.614
467.6873, 2021.990
468.1694, 2023.494
468.6515, 2032.231
469.1336, 2037.736
469.6157, 2031.228
470.0978, 2019.623
470.5800, 2016.581
471.0621, 2030.190
471.5442, 2049.158
472.0263, 2059.283
472.5084, 2060.828
472.9905, 2058.870
473.4727, 2054.041
473.9548, 2047.154
474.4369, 2037.915
474.9190, 2026.400
475.4011, 2017.577
475.8832, 2010.405
476.3654, 2007.800
476.8475, 2015.095
477.3296, 2029.255
477.8117, 2040.705
478.2938, 2044.387
478.7759, 2043.593
479.2581, 2046.657
479.7402, 2059.496
480.2223, 2065.489
480.7044, 2056.126
481.1865, 2047.866
481.6686, 2052.486
482.1508, 2067.647
482.6329, 2082.858
483.1150, 2091.949
483.5971, 2095.706
484.0792, 2095.612
484.5613, 2091.207
485.0435, 2085.272
485.5256, 2076.353
486.0077, 2068.256
486.4898, 2065.633
486.9719, 2068.882
487.4540, 2073.990
487.9362, 2082.281
488.4183, 2089.958
488.9004, 2091.464
489.3825, 2087.235
489.8646, 2082.399
490.3467, 2079.481
490.8289, 2079.381
491.3110, 2085.921
491.7931, 2111.350
492.2752, 2127.079
492.7573, 2127.544
493.2394, 2121.335
493.7216, 2114.232
494.2037, 2107.326
494.6858, 2099.562
495.1679, 2088.754
495.6500, 2076.560
496.1321, 2071.068
496.6143, 2074.275
497.0964, 2078.074
497.5785, 2078.194
498.0606, 2077.852
498.5427, 2081.999
499.0248, 2092.304
499.5070, 2099.648
499.9891, 2099.427
500.4712, 2093.795
500.9533, 2082.759
501.4354, 2067.361
501.9175, 2057.100
502.3997, 2059.972
502.8818, 2073.036
503.3639, 2079.399
503.8460, 2077.904
504.3281, 2070.704
504.8102, 2049.259
505.2924, 2027.918
505.7745, 2021.437
506.2566, 2029.886
506.7387, 2039.906
507.2208, 2039.672
507.7029, 2031.139
508.1851, 2023.982
508.6672, 2017.998
509.1493, 2013.981
509.6314, 2012.460
510.1135, 2013.105
510.5956, 2016.361
511.0778, 2023.307
511.5599, 2027.835
512.0420, 2027.628
512.5241, 2023.155
513.0062, 2011.983
513.4883, 1995.255
513.9705, 1983.429
514.4526, 1985.465
514.9347, 1997.415
515.4168, 1998.543
515.8989, 1971.518
516.3810, 1956.993
516.8632, 1967.128
517.3453, 1983.808
517.8274, 1994.456
518.3095, 1996.923
518.7916, 1993.731
519.2737, 1983.975
519.7559, 1970.865
520.2380, 1966.626
520.7201, 1973.570
521.2022, 1978.397
521.6843, 1977.276
522.1664, 1969.748
522.6486, 1953.033
523.1307, 1923.373
523.6128, 1904.020
524.0949, 1910.229
524.5770, 1925.034
525.0591, 1933.040
525.5413, 1933.356
526.0234, 1929.608
526.5055, 1923.553
526.9876, 1916.282
527.4697, 1911.319
527.9518, 1910.511
528.4340, 1908.709
528.9161, 1906.340
529.3982, 1902.413
529.8803, 1895.208
530.3624, 1885.640
530.8445, 1877.109
531.3267, 1872.034
531.8088, 1868.711
532.2909, 1864.118
532.7730, 1858.278
533.2551, 1851.711
533.7372, 1843.097
534.2194, 1836.146
534.7015, 1837.222
535.1836, 1847.196
535.6657, 1856.923
536.1478, 1869.317
536.6299, 1877.642
537.1121, 1874.625
537.5942, 1864.411
538.0763, 1856.643
538.5584, 1855.729
539.0405, 1857.720
539.5226, 1854.172
540.0048, 1842.007
540.4869, 1838.260
540.9690, 1854.797
541.4511, 1867.180
541.9332, 1859.592
542.4153, 1839.410
542.8975, 1822.940
543.3796, 1815.890
543.8617, 1813.174
544.3438, 1811.636
544.8259, 1810.972
545.3080, 1810.415
545.7902, 1809.832
546.2723, 1808.756
546.7544, 1806.185
547.2365, 1801.915
547.7186, 1801.793
548.2007, 1812.288
548.6829, 1818.705
549.1650, 1814.758
549.6471, 1806.385
550.1292, 1799.669
550.6113, 1796.230
551.0934, 1794.907
551.5756, 1797.147
552.0577, 1801.311
552.5398, 1794.576
553.0219, 1771.824
553.5040, 1756.886
553.9861, 1766.009
554.4683, 1788.222
554.9504, 1802.183
555.4325, 1806.796
555.9146, 1806.341
556.3967, 1796.571
556.8788, 1786.134
557.3610, 1784.344
557.8431, 1790.503
558.3252, 1798.315
558.8073, 1804.182
559.2894, 1807.604
559.7715, 1806.188
560.2537, 1796.213
560.7358, 1790.537
561.2179, 1793.759
561.7000, 1799.067
562.1821, 1804.173
562.6642, 1808.379
563.1464, 1810.404
563.6285, 1810.677
564.1106, 1807.399
564.5927, 1794.610
565.0748, 1775.745
565.5569, 1765.861
566.0391, 1770.246
566.5212, 1778.674
567.0033, 1778.563
567.4854, 1768.135
567.9675, 1763.297
568.4496, 1769.570
568.9318, 1774.261
569.4139, 1769.968
569.8960, 1763.699
570.3781, 1765.565
570.8602, 1777.803
571.3423, 1791.489
571.8245, 1798.135
572.3066, 1798.542
572.7887, 1795.863
573.2708, 1789.296
573.7529, 1783.764
574.2350, 1781.894
574.7172, 1782.713
575.1993, 1783.889
575.6814, 1785.242
576.1635, 1787.387
576.6456, 1791.258
577.1277, 1795.348
577.6099, 1799.104
578.0920, 1801.992
578.5741, 1802.302
579.0562, 1798.610
579.5383, 1793.856
580.0204, 1795.808
580.5026, 1806.572
580.9847, 1814.949
581.4668, 1821.594
581.9489, 1822.861
582.4310, 1812.816
582.9131, 1795.626
583.3953, 1784.274
583.8774, 1784.147
584.3595, 1788.208
584.8416, 1795.871
585.3237, 1803.357
585.8058, 1800.070
586.2880, 1784.564
586.7701, 1772.149
587.2522, 1779.675
587.7343, 1805.547
588.2164, 1817.446
588.6985, 1806.730
589.1807, 1794.365
589.6628, 1779.773
590.1449, 1768.300
590.6270, 1767.151
591.1091, 1775.732
591.5912, 1782.012
592.0734, 1775.477
592.5555, 1763.981
593.0376, 1757.673
593.5197, 1756.733
594.0018, 1763.453
594.4839, 1780.718
594.9661, 1798.800
595.4482, 1801.640
595.9303, 1783.587
596.4124, 1771.238
596.8945, 1765.554
597.3766, 1763.702
597.8588, 1768.879
598.3409, 1775.606
598.8230, 1775.144
599.3051, 1764.749
599.7872, 1753.190
600.2693, 1751.134
600.7515, 1755.499
601.2336, 1752.956
601.7157, 1741.552
602.1978, 1732.189
602.6799, 1731.867
603.1620, 1737.206
603.6442, 1739.302
604.1263, 1737.751
604.6084, 1734.260
605.0905, 1724.755
605.5726, 1717.065
606.0547, 1718.905
606.5369, 1726.973
607.0190, 1732.620
607.5011, 1731.457
607.9832, 1725.431
608.4653, 1717.263
608.9474, 1706.975
609.4296, 1693.839
609.9117, 1675.157
610.3938, 1659.913
610.8759, 1657.516
611.3580, 1664.219
611.8401, 1664.149
612.3223, 1648.661
612.8044, 1638.416
613.2865, 1644.762
613.7686, 1655.616
614.2507, 1660.044
614.7328, 1656.572
615.2150, 1646.988
615.6971, 1631.237
616.1792, 1613.116
616.6613, 1604.119
617.1434, 1606.026
617.6255, 1606.774
618.1077, 1604.022
618.5898, 1599.560
619.0719, 1594.850
619.5540, 1589.795
620.0361, 1583.903
620.5182, 1573.251
621.0004, 1566.033
621.4825, 1571.640
621.9646, 1580.738
622.4467, 1578.298
622.9288, 1562.937
623.4109, 1546.975
623.8931, 1541.672
624.3752, 1544.660
624.8573, 1543.653
625.3394, 1538.178
625.8215, 1529.797
626.3036, 1513.049
626.7858, 1498.989
627.2679, 1500.992
627.7500, 1516.995
628.2321, 1526.064
628.7142, 1518.070
629.1964, 1506.268
629.6785, 1498.808
630.1606, 1493.764
630.6427, 1485.439
631.1248, 1473.124
631.6069, 1465.278
632.0891, 1473.389
632.5712, 1495.080
633.0533, 1500.669
633.5354, 1482.843
634.0175, 1466.149
634.4996, 1458.285
634.9818, 1454.445
635.4639, 1450.625
635.9460, 1446.701
636.4281, 1443.309
636.9102, 1439.822
637.3923, 1437.706
637.8745, 1440.518
638.3566, 1445.078
638.8387, 1443.495
639.3208, 1433.759
639.8029, 1423.407
640.2850, 1422.326
640.7672, 1430.063
641.2493, 1430.410
641.7314, 1418.317
642.2135, 1409.616
642.6956, 1413.845
643.1777, 1421.043
643.6599, 1421.245
644.1420, 1413.961
644.6241, 1406.120
645.1062, 1400.111
645.5883, 1394.337
646.0704, 1386.492
646.5526, 1378.107
647.0347, 1372.956
647.5168, 1372.172
647.9989, 1372.932
648.4810, 1371.464
648.9631, 1367.893
649.4453, 1368.431
649.9274, 1375.487
650.4095, 1381.231
650.8916, 1385.018
651.3737, 1384.620
651.8558, 1374.277
652.3380, 1353.292
652.8201, 1340.852
653.3022, 1351.928
653.7843, 1364.743
654.2664, 1361.871
654.7485, 1349.278
655.2307, 1338.613
655.7128, 1333.905
656.1949, 1334.878
656.6770, 1344.009
657.1591, 1359.924
657.6412, 1361.932
658.1234, 1344.766
658.6055, 1328.915
659.0876, 1319.555
659.5697, 1316.452
660.0518, 1322.369
660.5339, 1338.048
661.0161, 1343.778
661.4982, 1327.291
661.9803, 1308.145
662.4624, 1295.988
662.9445, 1289.797
663.4266, 1288.203
663.9088, 1290.323
664.3909, 1293.651
664.8730, 1296.533
665.3551, 1298.361
665.8372, 1294.917
666.3193, 1285.096
666.8015, 1275.821
667.2836, 1268.437
667.7657, 1263.758
668.2478, 1264.630
668.7299, 1271.327
669.2120, 1273.263
669.6942, 1267.855
670.1763, 1259.461
670.6584, 1245.575
671.1405, 1231.986
671.6226, 1227.724
672.1047, 1233.162
672.5869, 1238.340
673.0690, 1234.061
673.5511, 1223.827
674.0332, 1216.262
674.5153, 1211.340
674.9974, 1210.055
675.4796, 1213.781
675.9617, 1218.583
676.4438, 1220.010
676.9259, 1217.893
677.4080, 1217.036
677.8901, 1220.479
678.3723, 1221.196
678.8544, 1216.831
679.3365, 1209.602
679.8186, 1199.283
680.3007, 1187.570
680.7828, 1180.598
681.2650, 1184.695
681.7471, 1192.522
682.2292, 1194.055
682.7113, 1189.851
683.1934, 1180.437
683.6755, 1165.226
684.1577, 1154.060
684.6398, 1157.130
685.1219, 1172.349
685.6040, 1180.828
686.0861, 1179.936
686.5682, 1176.189
687.0504, 1167.870
687.5325, 1159.120
688.0146, 1151.687
688.4967, 1146.154
688.9788, 1143.815
689.4609, 1146.904
689.9431, 1149.989
690.4252, 1147.632
690.9073, 1142.465
691.3894, 1138.678
691.8715, 1137.089
692.3536, 1139.117
692.8358, 1146.670
693.3179, 1155.844
693.8000, 1153.408
694.2821, 1133.066
694.7642, 1123.956
695.2463, 1138.561
695.7285, 1151.660
696.2106, 1143.019
696.6927, 1124.130
697.1748, 1118.938
697.6569, 1137.628
698.1390, 1150.847
698.6212, 1140.517
699.1033, 1124.812
699.5854, 1121.281
700.0675, 1127.703
700.5496, 1134.520
701.0317, 1137.408
701.5139, 1135.824
701.9960, 1125.721
702.4781, 1108.218
702.9602, 1102.131
703.4423, 1111.388
703.9244, 1117.856
704.4066, 1111.560
704.8887, 1098.885
705.3708, 1090.815
705.8529, 1087.654
706.3350, 1088.050
706.8171, 1096.365
707.2993, 1103.391
707.7814, 1103.955
708.2635, 1101.292
708.7456, 1099.667
709.2277, 1100.098
709.7098, 1101.323
710.1920, 1100.788
710.6741, 1101.132
711.1562, 1110.742
711.6383, 1127.063
712.1204, 1132.948
712.6025, 1122.034
713.0847, 1107.946
713.5668, 1106.630
714.0489, 1117.690
714.5310, 1122.364
715.0131, 1115.787
715.4952, 1110.797
715.9774, 1112.870
716.4595, 1114.641
716.9416, 1107.593
717.4237, 1094.488
717.9058, 1089.212
718.3879, 1103.505
718.8701, 1117.149
719.3522, 1115.366
719.8343, 1106.219
720.3164, 1101.378
720.7985, 1101.661
721.2806, 1101.008
721.7628, 1095.363
722.2449, 1086.515
722.7270, 1077.552
723.2091, 1068.278
723.6912, 1062.845
724.1733, 1062.264
724.6555, 1064.227
725.1376, 1068.623
725.6197, 1074.097
726.1018, 1076.482
726.5839, 1073.656
727.0660, 1073.081
727.5482, 1078.531
728.0303, 1083.281
728.5124, 1082.294
728.9945, 1078.438
729.4766, 1077.204
729.9587, 1080.244
730.4409, 1082.848
730.9230, 1081.335
731.4051, 1076.600
731.8872, 1068.338
732.3693, 1057.665
732.8514, 1050.946
733.3336, 1050.549
733.8157, 1054.475
734.2978, 1061.420
734.7799, 1071.400
735.2620, 1073.118
735.7441, 1060.291
736.2263, 1051.446
736.7084, 1057.303
737.1905, 1063.796
737.6726, 1055.925
738.1547, 1036.712
738.6368, 1026.730
739.1190, 1039.745
739.6011, 1052.055
740.0832, 1050.494
740.5653, 1044.122
741.0474, 1043.383
741.5295, 1048.489
742.0117, 1053.900
742.4938, 1056.402
742.9759, 1057.103
743.4580, 1057.916
743.9401, 1058.621
744.4222, 1058.262
744.9044, 1056.988
745.3865, 1050.607
745.8686, 1033.165
746.3507, 1014.180
746.8328, 1017.735
747.3149, 1058.802
747.7971, 1082.004
748.2792, 1074.848
748.7613, 1064.192
749.2434, 1054.477
749.7255, 1048.413
750.2076, 1050.543
750.6898, 1061.505
751.1719, 1071.187
751.6540, 1075.124
752.1361, 1075.675
752.6182, 1071.718
753.1003, 1066.775
753.5825, 1069.232
754.0646, 1080.006
754.5467, 1089.927
755.0288, 1090.344
755.5109, 1084.077
755.9930, 1079.523
756.4752, 1076.738
756.9573, 1073.863
757.4394, 1069.021
757.9215, 1069.176
758.4036, 1083.493
758.8857, 1107.057
759.3679, 1116.332
759.8500, 1093.821
760.3321, 1082.362
760.8142, 1093.602
761.2963, 1104.529
761.7784, 1098.606
762.2606, 1084.820
762.7427, 1082.031
763.2248, 1096.610
763.7069, 1110.261
764.1890, 1108.011
764.6711, 1101.377
765.1533, 1105.207
765.6354, 1116.357
766.1175, 1124.084
766.5996, 1124.751
767.0817, 1122.109
767.5638, 1119.063
768.0460, 1116.551
768.5281, 1122.005
769.0102, 1137.411
769.4923, 1144.201
769.9744, 1133.809
770.4565, 1121.654
770.9387, 1122.290
771.4208, 1134.611
771.9029, 1146.934
772.3850, 1162.769
772.8671, 1173.558
773.3492, 1177.409
773.8314, 1177.209
774.3135, 1171.918
774.7956, 1164.535
775.2777, 1161.141
775.7598, 1164.075
776.2419, 1168.632
776.7241, 1171.535
777.2062, 1174.544
777.6883, 1180.046
778.1704, 1187.554
778.6525, 1196.929
779.1346, 1207.780
779.6168, 1214.157
780.0989, 1206.282
780.5810, 1187.677
781.0631, 1177.330
781.5452, 1175.128
782.0273, 1183.766
782.5095, 1208.132
782.9916, 1232.656
783.4737, 1241.339
783.9558, 1235.431
784.4379, 1232.016
784.9200, 1231.840
785.4022, 1233.128
785.8843, 1237.787
786.3664, 1241.879
786.8485, 1240.462
787.3306, 1237.079
787.8127, 1240.513
788.2949, 1254.983
788.7770, 1268.209
789.2591, 1271.978
789.7412, 1272.914
790.2233, 1279.066
790.7054, 1287.463
791.1876, 1288.378
791.6697, 1279.321
792.1518, 1271.814
792.6339, 1281.107
793.1160, 1300.033
793.5981, 1304.873
794.0803, 1296.536
794.5624, 1290.676
795.0445, 1291.243
795.5266, 1296.628
796.0087, 1306.762
796.4908, 1319.908
796.9730, 1324.949
797.4551, 1316.464
797.9372, 1312.111
798.4193, 1317.199
798.9014, 1322.271
799.3835, 1318.574
799.8657, 1312.425
800.3478, 1317.025
800.8299, 1337.328
801.3120, 1353.668
801.7941, 1355.946
802.2762, 1357.462
802.7584, 1368.271
803.2405, 1383.001
803.7226, 1392.884
804.2047, 1396.293
804.6868, 1398.836
805.1689, 1404.698
805.6511, 1411.907
806.1332, 1416.474
806.6153, 1420.132
807.0974, 1430.428
807.5795, 1447.765
808.0616, 1459.462
808.5438, 1455.421
809.0259, 1443.189
809.5080, 1442.651
809.9901, 1455.473
810.4722, 1463.992
810.9543, 1465.958
811.4365, 1467.040
811.9186, 1469.375
812.4007, 1472.978
812.8828, 1477.523
813.3649, 1482.289
813.8470, 1491.571
814.3292, 1513.578
814.8113, 1529.503
815.2934, 1529.193
815.7755, 1524.635
816.2576, 1526.794
816.7397, 1535.396
817.2219, 1543.759
817.7040, 1549.691
818.1861, 1554.509
818.6682, 1558.105
819.1503, 1561.612
819.6324, 1564.917
820.1146, 1569.369
820.5967, 1579.735
821.0788, 1598.205
821.5609, 1616.442
822.0430, 1623.806
822.5251, 1623.159
823.0073, 1620.750
823.4894, 1617.361
823.9716, 1620.039
824.4537, 1631.455
824.9358, 1644.573
825.4179, 1651.568
825.9000, 1653.829
826.3821, 1662.532
826.8643, 1681.358
827.3464, 1693.449
827.8285, 1692.592
828.3106, 1690.593
828.7927, 1694.417
829.2748, 1703.133
829.7570, 1715.047
830.2391, 1734.008
830.7212, 1745.994
831.2033, 1740.950
831.6854, 1738.892
832.1675, 1751.814
832.6497, 1770.778
833.1318, 1784.752
833.6139, 1792.383
834.0960, 1799.002
834.5781, 1807.958
835.0602, 1815.876
835.5424, 1820.378
836.0245, 1822.307
836.5066, 1820.919
836.9887, 1817.874
837.4708, 1818.915
837.9529, 1827.473
838.4351, 1838.699
838.9172, 1845.539
839.3993, 1849.799
839.8814, 1857.321
840.3635, 1868.187
840.8456, 1880.609
841.3278, 1894.041
841.8099, 1907.023
842.2920, 1917.448
842.7741, 1925.841
843.2562, 1939.091
843.7383, 1960.190
844.2205, 1973.158
844.7026, 1971.888
845.1847, 1967.375
845.6668, 1964.304
846.1489, 1964.934
846.6310, 1977.723
847.1132, 2014.788
847.5953, 2039.160
848.0774, 2041.176
848.5595, 2041.792
849.0416, 2047.345
849.5237, 2057.083
850.0059, 2071.028
850.4880, 2088.747
850.9701, 2104.898
851.4522, 2121.204
851.9343, 2131.286
852.4164, 2123.759
852.8986, 2113.678
853.3807, 2121.240
853.8628, 2142.449
854.3449, 2156.871
854.8270, 2154.088
855.3091, 2150.566
855.7913, 2166.560
856.2734, 2190.987
856.7555, 2203.611
857.2376, 2206.363
857.7197, 2209.836
858.2018, 2217.601
858.6840, 2228.059
859.1661, 2239.799
859.6482, 2252.749
860.1303, 2268.619
860.6124, 2287.317
861.0945, 2297.868
861.5767, 2297.021
862.0588, 2298.150
862.5409, 2310.803
863.0230, 2329.113
863.5051, 2339.675
863.9872, 2340.183
864.4694, 2343.961
864.9515, 2354.186
865.4336, 2361.404
865.9157, 2355.958
866.3978, 2352.056
866.8799, 2368.053
867.3621, 2401.603
867.8442, 2429.166
868.3263, 2447.234
868.8084, 2462.962
869.2905, 2483.099
869.7726, 2495.671
870.2548, 2482.517
870.7369, 2459.664
871.2190, 2460.159
871.7011, 2493.501
872.1832, 2519.148
872.6653, 2508.243
873.1475, 2494.125
873.6296, 2499.544
874.1117, 2517.701
874.5938, 2542.458
875.0759, 2569.512
875.5580, 2588.537
876.0402, 2591.210
876.5223, 2591.139
877.0044, 2606.164
877.4865, 2628.034
877.9686, 2640.412
878.4507, 2643.884
878.9329, 2645.275
879.4150, 2647.542
879.8971, 2655.852
880.3792, 2678.479
880.8613, 2710.479
881.3434, 2732.968
881.8256, 2746.595
882.3077, 2766.390
882.7898, 2796.204
883.2719, 2821.884
883.7540, 2834.148
884.2361, 2834.947
884.7183, 2825.093
885.2004, 2798.903
885.6825, 2798.152
886.1646, 2835.040
886.6467, 2862.664
887.1288, 2857.205
887.6110, 2846.279
888.0931, 2863.899
888.5752, 2907.851
889.0573, 2936.049
889.5394, 2936.526
890.0215, 2939.984
890.5037, 2948.801
890.9858, 2960.383
891.4679, 2975.355
891.9500, 2991.417
892.4321, 3002.763
892.9142, 3007.022
893.3964, 3020.902
893.8785, 3064.050
894.3606, 3097.805
894.8427, 3096.211
895.3248, 3084.809
895.8069, 3087.048
896.2891, 3103.792
896.7712, 3128.006
897.2533, 3161.013
897.7354, 3188.975
898.2175, 3200.478
898.6996, 3205.606
899.1818, 3209.961
899.6639, 3216.942
900.1460, 3233.636
900.6281, 3260.188
901.1102, 3285.263
901.5923, 3299.620
902.0745, 3309.456
902.5566, 3323.141
903.0387, 3338.275
903.5208, 3348.524
904.0029, 3354.576
904.4850, 3364.391
904.9672, 3381.766
905.4493, 3399.965
905.9314, 3405.546
906.4135, 3405.335
906.8956, 3426.758
907.3777, 3467.604
907.8599, 3511.375
908.3420, 3554.292
908.8241, 3581.448
909.3062, 3578.128
909.7883, 3560.856
910.2704, 3575.985
910.7526, 3626.305
911.2347, 3650.835
911.7168, 3640.858
912.1989, 3643.310
912.6810, 3681.042
913.1631, 3723.760
913.6453, 3735.044
914.1274, 3719.131
914.6095, 3721.388
915.0916, 3751.766
915.5737, 3772.395
916.0558, 3771.541
916.5380, 3774.416
917.0201, 3796.755
917.5022, 3829.752
917.9843, 3858.848
918.4664, 3884.543
918.9485, 3904.110
919.4307, 3915.098
919.9128, 3923.422
920.3949, 3926.398
920.8770, 3930.424
921.3591, 3939.080
921.8412, 3952.473
922.3234, 3970.626
922.8055, 3994.219
923.2876, 4020.519
923.7697, 4057.877
924.2518, 4087.506
924.7339, 4091.797
925.2161, 4089.937
925.6982, 4105.665
926.1803, 4137.464
926.6624, 4163.719
927.1445, 4171.635
927.6266, 4183.505
928.1088, 4211.126
928.5909, 4245.665
929.0730, 4286.478
929.5551, 4326.036
930.0372, 4350.146
930.5193, 4357.317
931.0015, 4365.412
931.4836, 4385.820
931.9657, 4410.492
932.4478, 4432.796
932.9299, 4455.164
933.4120, 4481.349
933.8942, 4510.741
934.3763, 4540.683
934.8584, 4570.216
935.3405, 4598.183
935.8226, 4628.638
936.3047, 4653.238
936.7869, 4653.345
937.2690, 4639.980
937.7511, 4636.871
938.2332, 4648.058
938.7153, 4669.342
939.1974, 4699.157
939.6796, 4729.964
940.1617, 4749.742
940.6438, 4763.060
941.1259, 4781.979
941.6080, 4805.910
942.0901, 4828.210
942.5723, 4847.788
943.0544, 4874.643
943.5365, 4918.427
944.0186, 4969.512
944.5007, 5008.972
944.9828, 5037.148
945.4650, 5050.619
945.9471, 5049.856
946.4292, 5056.925
946.9113, 5080.285
947.3934, 5110.151
947.8755, 5136.324
948.3577, 5159.813
948.8398, 5183.658
949.3219, 5207.708
949.8040, 5236.767
950.2861, 5272.598
950.7682, 5301.720
951.2504, 5315.009
951.7325, 5327.671
952.2146, 5363.702
952.6967, 5420.949
953.1788, 5461.693
953.6609, 5482.767
954.1431, 5503.143
954.6252, 5525.830
955.1073, 5548.053
955.5894, 5567.731
956.0715, 5586.427
956.5536, 5606.188
957.0358, 5626.254
957.5179, 5658.359
958.0000, 5711.737
958.4821, 5751.938
958.9642, 5763.037
959.4464, 5774.049
959.9285, 5808.573
960.4106, 5857.583
960.8927, 5896.332
961.3748, 5922.459
961.8569, 5945.855
962.3391, 5957.770
962.8212, 5982.299
963.3033, 6036.823
963.7854, 6094.100
964.2675, 6128.506
964.7496, 6145.601
965.2318, 6171.163
965.7139, 6215.726
966.1960, 6247.087
966.6781, 6238.470
967.1602, 6250.306
967.6423, 6331.257
968.1245, 6418.870
968.6066, 6441.255
969.0887, 6409.515
969.5708, 6406.544
970.0529, 6452.584
970.5350, 6500.872
971.0172, 6560.195
971.4993, 6607.428
971.9814, 6622.053
972.4635, 6625.537
972.9456, 6641.794
973.4277, 6671.687
973.9099, 6708.132
974.3920, 6756.228
974.8741, 6801.809
975.3562, 6840.514
975.8383, 6878.360
976.3204, 6919.355
976.8026, 6961.125
977.2847, 7000.564
977.7668, 7037.265
978.2489, 7072.381
978.7310, 7104.189
979.2131, 7137.640
979.6953, 7175.807
980.1774, 7214.393
980.6595, 7250.527
981.1416, 7285.136
981.6237, 7320.292
982.1058, 7356.354
982.5880, 7389.598
983.0701, 7410.879
983.5522, 7440.268
984.0343, 7495.826
984.5164, 7552.692
984.9985, 7582.292
985.4807, 7601.212
985.9628, 7647.445
986.4449, 7729.858
986.9270, 7801.103
987.4091, 7839.665
987.8912, 7870.634
988.3734, 7899.198
988.8555, 7930.101
989.3376, 7968.514
989.8197, 8012.161
990.3018, 8055.359
990.7839, 8096.397
991.2661, 8141.212
991.7482, 8199.488
992.2303, 8253.240
992.7124, 8278.166
993.1945, 8306.469
993.6766, 8379.791
994.1588, 8481.543
994.6409, 8561.725
995.1230, 8605.587
995.6051, 8651.953
996.0872, 8728.380
996.5693, 8799.122
997.0515, 8836.608
997.5336, 8864.093
998.0157, 8898.345
998.4978, 8945.406
998.9799, 9017.655
999.4620, 9123.219
999.9442, 9217.891
1000.426, 9272.533
1000.908, 9320.094
1001.391, 9385.195
1001.873, 9449.635
1002.355, 9484.109
1002.837, 9500.563
1003.319, 9539.029
1003.801, 9612.670
1004.283, 9698.259
1004.765, 9797.535
1005.247, 9892.201
1005.730, 9973.996
1006.212, 10043.83
1006.694, 10099.49
1007.176, 10145.43
1007.658, 10190.41
1008.140, 10233.82
1008.622, 10294.26
1009.104, 10395.95
1009.586, 10498.68
1010.069, 10575.28
1010.551, 10642.51
1011.033, 10714.82
1011.515, 10795.78
1011.997, 10891.31
1012.479, 11006.08
1012.961, 11116.24
1013.443, 11207.58
1013.926, 11296.17
1014.408, 11393.67
1014.890, 11491.15
1015.372, 11571.66
1015.854, 11643.67
1016.336, 11736.94
1016.818, 11863.06
1017.300, 11991.21
1017.782, 12118.96
1018.265, 12235.51
1018.747, 12320.39
1019.229, 12403.22
1019.711, 12514.20
1020.193, 12648.78
1020.675, 12787.45
1021.157, 12928.51
1021.639, 13059.12
1022.122, 13163.31
1022.604, 13269.20
1023.086, 13387.34
1023.568, 13515.13
1024.050, 13651.33
1024.532, 13793.80
1025.014, 13940.35
1025.496, 14090.75
1025.978, 14240.42
1026.461, 14372.50
1026.943, 14522.24
1027.425, 14722.81
1027.907, 14928.02
1028.389, 15097.85
1028.871, 15242.48
1029.353, 15393.99
1029.835, 15557.81
1030.318, 15721.70
1030.800, 15863.94
1031.282, 16033.05
1031.764, 16278.06
1032.246, 16522.86
1032.728, 16691.74
1033.210, 16823.14
1033.692, 17005.79
1034.174, 17256.87
1034.656, 17499.86
1035.139, 17719.97
1035.621, 17940.79
1036.103, 18180.38
1036.585, 18407.41
1037.067, 18574.50
1037.549, 18723.25
1038.031, 18942.24
1038.513, 19246.22
1038.996, 19528.11
1039.478, 19754.01
1039.960, 20009.21
1040.442, 20335.97
1040.924, 20656.81
1041.406, 20915.83
1041.888, 21151.86
1042.370, 21430.62
1042.853, 21756.17
1043.335, 22061.39
1043.817, 22335.76
1044.299, 22607.01
1044.781, 22863.07
1045.263, 23143.51
1045.745, 23479.18
1046.227, 23836.87
1046.709, 24172.39
1047.192, 24486.62
1047.674, 24815.94
1048.156, 25163.55
1048.638, 25511.36
1049.120, 25849.13
1049.602, 26212.24
1050.084, 26628.04
1050.566, 27054.43
1051.048, 27441.64
1051.531, 27796.85
1052.013, 28156.97
1052.495, 28520.38
1052.977, 28912.92
1053.459, 29338.99
1053.941, 29786.44
1054.423, 30256.34
1054.905, 30717.04
1055.388, 31131.82
1055.870, 31522.91
1056.352, 31976.45
1056.834, 32489.69
1057.316, 32960.48
1057.798, 33384.34
1058.280, 33810.41
1058.762, 34253.46
1059.245, 34699.07
1059.727, 35138.15
1060.209, 35572.88
1060.691, 36015.12
1061.173, 36459.13
1061.655, 36852.34
1062.137, 37209.91
1062.619, 37651.73
1063.101, 38196.57
1063.583, 38713.58
1064.066, 39123.86
1064.548, 39490.41
1065.030, 39905.74
1065.512, 40348.51
1065.994, 40752.57
1066.476, 41138.59
1066.958, 41575.59
1067.440, 42063.51
1067.923, 42553.28
1068.405, 43025.87
1068.887, 43460.55
1069.369, 43810.44
1069.851, 44134.17
1070.333, 44508.19
1070.815, 44914.92
1071.297, 45331.11
1071.780, 45748.27
1072.262, 46158.39
1072.744, 46557.59
1073.226, 46925.91
1073.708, 47224.72
1074.190, 47517.29
1074.672, 47845.16
1075.154, 48203.71
1075.636, 48640.72
1076.119, 49086.79
1076.601, 49399.90
1077.083, 49569.98
1077.565, 49764.00
1078.047, 50049.13
1078.529, 50378.06
1079.011, 50765.48
1079.493, 51148.52
1079.976, 51473.28
1080.458, 51775.48
1080.940, 52109.25
1081.422, 52467.80
1081.904, 52788.88
1082.386, 53033.84
1082.868, 53302.71
1083.350, 53648.56
1083.833, 53977.32
1084.315, 54229.25
1084.797, 54472.85
1085.279, 54766.55
1085.761, 55103.77
1086.243, 55467.16
1086.725, 55866.03
1087.207, 56248.32
1087.689, 56580.58
1088.172, 56968.07
1088.654, 57472.51
1089.136, 57964.62
1089.618, 58359.87
1090.100, 58698.48
1090.582, 59031.59
1091.064, 59360.09
1091.546, 59812.93
1092.028, 60429.77
1092.511, 60960.20
1092.993, 61354.11
1093.475, 61766.95
1093.957, 62269.78
1094.439, 62802.43
1094.921, 63296.47
1095.403, 63764.18
1095.885, 64247.61
1096.368, 64745.76
1096.850, 65234.51
1097.332, 65710.17
1097.814, 66096.36
1098.296, 66377.31
1098.778, 66691.55
1099.260, 67149.11
1099.742, 67672.45
1100.224, 68162.34
1100.707, 68607.95
1101.189, 68963.27
1101.671, 69253.07
1102.153, 69539.57
1102.635, 69833.16
1103.117, 70115.50
1103.599, 70380.73
1104.081, 70624.35
1104.563, 70834.56
1105.046, 71029.19
1105.528, 71236.78
1106.010, 71432.12
1106.492, 71577.05
1106.974, 71680.54
1107.456, 71770.13
1107.938, 71852.97
1108.420, 71927.15
1108.903, 71996.07
1109.385, 72047.99
1109.867, 72092.53
1110.349, 72100.06
1110.831, 72020.37
1111.313, 71908.16
1111.795, 71844.88
1112.277, 71823.95
1112.760, 71763.16
1113.242, 71622.11
1113.724, 71502.38
1114.206, 71493.59
1114.688, 71397.11
1115.170, 71062.21
1115.652, 70730.55
1116.134, 70606.25
1116.616, 70602.97
1117.099, 70518.55
1117.581, 70345.27
1118.063, 70182.74
1118.545, 70036.09
1119.027, 69882.41
1119.509, 69714.49
1119.991, 69551.33
1120.473, 69393.96
1120.955, 69277.69
1121.438, 69259.72
1121.920, 69304.55
1122.402, 69259.63
1122.884, 69137.53
1123.366, 69053.27
1123.848, 69020.32
1124.330, 69097.74
1124.812, 69294.19
1125.295, 69482.47
1125.777, 69561.53
1126.259, 69628.52
1126.741, 69829.48
1127.223, 70105.48
1127.705, 70365.33
1128.187, 70610.60
1128.669, 70833.59
1129.151, 71054.45
1129.634, 71348.59
1130.116, 71744.02
1130.598, 72142.23
1131.080, 72436.14
1131.562, 72762.10
1132.044, 73213.87
1132.526, 73740.16
1133.008, 74327.66
1133.490, 74937.91
1133.973, 75507.41
1134.455, 76038.68
1134.937, 76621.03
1135.419, 77276.65
1135.901, 77984.99
1136.383, 78789.88
1136.865, 79585.25
1137.347, 80263.42
1137.830, 80974.19
1138.312, 81878.34
1138.794, 82885.34
1139.276, 83760.80
1139.758, 84483.64
1140.240, 85219.27
1140.722, 85945.89
1141.204, 86784.14
1141.687, 87768.88
1142.169, 88799.94
1142.651, 89843.77
1143.133, 90848.95
1143.615, 91750.77
1144.097, 92594.30
1144.579, 93565.53
1145.061, 94627.02
1145.543, 95566.33
1146.026, 96401.93
1146.508, 97288.88
1146.990, 98255.41
1147.472, 99174.91
1147.954, 99972.30
1148.436, 100697.8
1148.918, 101358.7
1149.400, 102023.8
1149.882, 102807.7
1150.365, 103632.7
1150.847, 104402.6
1151.329, 105105.4
1151.811, 105743.9
1152.293, 106321.1
1152.775, 106857.7
1153.257, 107355.2
1153.739, 107818.5
1154.222, 108211.8
1154.704, 108617.2
1155.186, 109126.9
1155.668, 109645.4
1156.150, 110062.6
1156.632, 110382.7
1157.114, 110653.3
1157.596, 110863.1
1158.078, 111060.8
1158.561, 111252.9
1159.043, 111409.1
1159.525, 111522.2
1160.007, 111589.6
1160.489, 111596.8
1160.971, 111601.4
1161.453, 111704.6
1161.935, 111857.4
1162.417, 111831.8
1162.900, 111652.1
1163.382, 111520.8
1163.864, 111437.3
1164.346, 111257.6
1164.828, 110952.8
1165.310, 110667.5
1165.792, 110503.0
1166.274, 110355.6
1166.757, 110081.3
1167.239, 109782.1
1167.721, 109597.9
1168.203, 109462.5
1168.685, 109288.1
1169.167, 109067.2
1169.649, 108806.1
1170.131, 108509.6
1170.614, 108231.9
1171.096, 108008.5
1171.578, 107784.2
1172.060, 107571.5
1172.542, 107321.0
1173.024, 106954.3
1173.506, 106581.5
1173.988, 106330.7
1174.470, 106161.1
1174.953, 105943.3
1175.435, 105673.9
1175.917, 105377.5
1176.399, 105037.5
1176.881, 104745.5
1177.363, 104528.0
1177.845, 104278.5
1178.327, 103940.4
1178.809, 103585.7
1179.292, 103295.4
1179.774, 103055.6
1180.256, 102858.0
1180.738, 102678.8
1181.220, 102433.3
1181.702, 102139.5
1182.184, 101885.4
1182.666, 101665.3
1183.149, 101340.5
1183.631, 100837.5
1184.113, 100401.4
1184.595, 100272.5
1185.077, 100203.7
1185.559, 100071.0
1186.041, 99864.95
1186.523, 99510.35
1187.005, 99115.65
1187.488, 98869.03
1187.970, 98765.91
1188.452, 98597.41
1188.934, 98296.15
1189.416, 98018.94
1189.898, 97820.45
1190.380, 97538.05
1190.862, 97093.26
1191.344, 96643.12
1191.827, 96290.20
1192.309, 95973.26
1192.791, 95586.57
1193.273, 95160.39
1193.755, 94883.22
1194.237, 94734.59
1194.719, 94538.84
1195.201, 94279.21
1195.684, 93915.09
1196.166, 93456.66
1196.648, 93065.13
1197.130, 92851.30
1197.612, 92649.65
1198.094, 92253.99
1198.576, 91827.28
1199.058, 91595.91
1199.541, 91383.94
1200.023, 90926.71
1200.505, 90337.45
1200.987, 89891.64
1201.469, 89616.53
1201.951, 89289.34
1202.433, 88841.93
1202.915, 88372.54
1203.397, 87859.35
1203.880, 87377.59
1204.362, 86964.93
1204.844, 86566.85
1205.326, 86173.08
1205.808, 85727.27
1206.290, 85102.14
1206.772, 84339.16
1207.254, 83739.80
1207.736, 83294.02
1208.219, 82816.54
1208.701, 82293.40
1209.183, 81743.83
1209.665, 81175.66
1210.147, 80621.75
1210.629, 80102.56
1211.111, 79555.99
1211.593, 78895.57
1212.076, 78191.23
1212.558, 77498.16
1213.040, 76824.93
1213.522, 76210.73
1214.004, 75614.93
1214.486, 74942.82
1214.968, 74193.52
1215.450, 73478.18
1215.932, 72844.82
1216.415, 72206.28
1216.897, 71552.09
1217.379, 70899.53
1217.861, 70252.27
1218.343, 69606.17
1218.825, 68963.85
1219.307, 68300.66
1219.789, 67557.47
1220.271, 66765.28
1220.754, 66064.92
1221.236, 65442.38
1221.718, 64761.35
1222.200, 64031.01
1222.682, 63399.88
1223.164, 62883.60
1223.646, 62344.03
1224.128, 61705.03
1224.611, 61050.75
1225.093, 60425.73
1225.575, 59846.32
1226.057, 59352.88
1226.539, 58884.37
1227.021, 58393.36
1227.503, 57889.25
1227.985, 57382.01
1228.468, 56882.27
1228.950, 56420.87
1229.432, 56012.80
1229.914, 55613.77
1230.396, 55218.32
1230.878, 54853.10
1231.360, 54524.24
1231.842, 54209.28
1232.324, 53894.87
1232.807, 53601.08
1233.289, 53351.70
1233.771, 53131.93
1234.253, 52906.99
1234.735, 52688.01
1235.217, 52517.60
1235.699, 52375.91
1236.181, 52189.00
1236.663, 51978.90
1237.146, 51868.57
1237.628, 51891.38
1238.110, 51885.59
1238.592, 51715.16
1239.074, 51585.76
1239.556, 51637.91
1240.038, 51681.61
1240.520, 51572.01
1241.003, 51452.38
1241.485, 51455.13
1241.967, 51538.07
1242.449, 51621.38
1242.931, 51704.82
1243.413, 51754.76
1243.895, 51767.57
1244.377, 51821.66
1244.859, 51922.10
1245.342, 52012.96
1245.824, 52078.71
1246.306, 52138.08
1246.788, 52202.00
1247.270, 52270.59
1247.752, 52356.26
1248.234, 52433.01
1248.716, 52476.76
1249.198, 52492.02
1249.681, 52446.74
1250.163, 52397.49
1250.645, 52456.95
1251.127, 52609.03
1251.609, 52697.07
1252.091, 52676.38
1252.573, 52665.84
1253.055, 52678.77
1253.538, 52677.34
1254.020, 52654.93
1254.502, 52623.17
1254.984, 52589.30
1255.466, 52537.80
1255.948, 52449.83
1256.430, 52345.84
1256.912, 52268.68
1257.395, 52205.03
1257.877, 52110.43
1258.359, 52004.79
1258.841, 51954.63
1259.323, 51933.46
1259.805, 51848.07
1260.287, 51678.00
1260.769, 51476.64
1261.251, 51242.39
1261.734, 51028.34
1262.216, 50882.86
1262.698, 50714.80
1263.180, 50470.80
1263.662, 50223.55
1264.144, 50025.86
1264.626, 49833.94
1265.108, 49588.77
1265.590, 49298.94
1266.073, 48999.00
1266.555, 48692.20
1267.037, 48394.29
1267.519, 48099.07
1268.001, 47764.73
1268.483, 47399.23
1268.965, 47071.72
1269.447, 46807.10
1269.930, 46543.36
1270.412, 46243.75
1270.894, 45930.25
1271.376, 45596.31
1271.858, 45266.30
1272.340, 44951.54
1272.822, 44661.38
1273.304, 0.0000000E+00
1273.786, 0.0000000E+00
1274.269, 0.0000000E+00
1274.751, 0.0000000E+00
1275.233, 0.0000000E+00
1275.715, 0.0000000E+00
1276.197, 0.0000000E+00
1276.679, 0.0000000E+00
1277.161, 0.0000000E+00
1277.643, 0.0000000E+00
1278.125, 0.0000000E+00
1278.608, 0.0000000E+00
1279.090, 0.0000000E+00
1279.572, 0.0000000E+00
1280.054, 0.0000000E+00
1280.536, 0.0000000E+00
1281.018, 0.0000000E+00
1281.500, 0.0000000E+00
1281.982, 0.0000000E+00
1282.465, 0.0000000E+00
1282.947, 0.0000000E+00
1283.429, 0.0000000E+00
1283.911, 0.0000000E+00
1284.393, 0.0000000E+00
1284.875, 0.0000000E+00
1285.357, 0.0000000E+00
1285.839, 0.0000000E+00
1286.322, 0.0000000E+00
1286.804, 0.0000000E+00
1287.286, 0.0000000E+00
1287.768, 0.0000000E+00
1288.250, 0.0000000E+00
1288.732, 0.0000000E+00
1289.214, 0.0000000E+00
1289.696, 0.0000000E+00
1290.178, 0.0000000E+00
1290.661, 0.0000000E+00
1291.143, 0.0000000E+00
1291.625, 0.0000000E+00
1292.107, 0.0000000E+00
1292.589, 0.0000000E+00
1293.071, 0.0000000E+00
1293.553, 0.0000000E+00
1294.035, 0.0000000E+00
1294.517, 0.0000000E+00
1295.000, 0.0000000E+00
1295.482, 0.0000000E+00
1295.964, 0.0000000E+00
1296.446, 0.0000000E+00
1296.928, 0.0000000E+00
1297.410, 0.0000000E+00
1297.892, 0.0000000E+00
1298.374, 0.0000000E+00
1298.857, 0.0000000E+00
1299.339, 0.0000000E+00
1299.821, 0.0000000E+00
1300.303, 0.0000000E+00
1300.785, 0.0000000E+00
##END=



