##NAMES=Uraninite
##RRUFFID=R070747
##IDEAL CHEMISTRY=U^4+^O_2_
##LOCALITY=Topsham, Sagadahoc County, Maine, USA
##OWNER=RRUFF
##SOURCE=Michael Scott
##DESCRIPTION=Elongated dodecahedral gray-black submetallic crystals
##STATUS=The identification of this mineral has been confirmed by X-ray diffraction.
##URL=rruff.info/R070747
202.2223, 0.0000000E+00
202.7044, 12.28699
203.1865, 18.44653
203.6686, 20.09131
204.1507, 11.80713
204.6329, 5.975708
205.1150, 24.76892
205.5971, 39.91821
206.0792, 44.69421
206.5613, 29.98572
207.0434, 8.903564
207.5256, 1.775879
208.0077, 1.753784
208.4898, 5.092773
208.9719, 21.69055
209.4540, 43.08459
209.9361, 56.36414
210.4183, 52.14587
210.9004, 37.13000
211.3825, 25.27881
211.8646, 15.95496
212.3467, 11.63208
212.8288, 15.88843
213.3110, 26.04028
213.7931, 35.27429
214.2752, 38.87122
214.7573, 38.18994
215.2394, 39.35596
215.7215, 43.96973
216.2037, 48.37720
216.6858, 50.58606
217.1679, 50.89905
217.6500, 50.66345
218.1321, 51.94958
218.6142, 54.32458
219.0964, 51.74744
219.5785, 38.10913
220.0606, 25.86267
220.5427, 16.87952
221.0248, 26.40674
221.5069, 32.23364
221.9891, 34.26208
222.4712, 21.99292
222.9533, 28.39282
223.4354, 28.02832
223.9175, 27.38672
224.3996, 37.12708
224.8818, 29.08081
225.3639, 38.30566
225.8460, 39.67444
226.3281, 44.21960
226.8102, 41.08252
227.2923, 40.23669
227.7745, 28.27368
228.2566, 20.21387
228.7387, 16.39209
229.2208, 15.16089
229.7029, 14.97668
230.1850, 16.07483
230.6672, 18.19226
231.1493, 21.13306
231.6314, 25.12195
232.1135, 32.16931
232.5956, 41.43347
233.0777, 51.62659
233.5599, 52.28003
234.0420, 41.13794
234.5241, 34.30457
235.0062, 28.76929
235.4883, 28.43701
235.9704, 40.79651
236.4526, 63.17590
236.9347, 82.68005
237.4168, 83.17664
237.8989, 56.17554
238.3810, 37.80737
238.8631, 31.29846
239.3453, 29.46619
239.8274, 27.75842
240.3095, 25.39478
240.7916, 25.99329
241.2737, 36.67908
241.7558, 66.03503
242.2380, 77.18237
242.7201, 57.61389
243.2022, 31.72925
243.6843, 13.44287
244.1664, 5.295166
244.6485, 3.026978
245.1307, 2.193115
245.6128, 3.662598
246.0949, 3.617920
246.5770, 0.2933350
247.0591, 3.799927
247.5412, 3.319092
248.0234, 1.259399
248.5055, 6.924316
248.9876, 10.35913
249.4697, 10.26855
249.9518, 14.95227
250.4339, 28.09448
250.9161, 41.70032
251.3982, 47.57056
251.8803, 44.25793
252.3624, 37.70947
252.8445, 33.63757
253.3266, 32.74414
253.8088, 31.61633
254.2909, 29.87317
254.7730, 28.21851
255.2551, 26.82373
255.7372, 25.99414
256.2193, 27.72363
256.7014, 35.63293
257.1836, 52.37341
257.6657, 58.76172
258.1478, 47.71106
258.6299, 30.63867
259.1120, 17.21985
259.5941, 8.924072
260.0763, 5.299072
260.5584, 5.519287
261.0405, 10.35803
261.5226, 14.12463
262.0047, 19.13916
262.4868, 21.60901
262.9690, 14.21057
263.4511, 3.385132
263.9332, 15.77539
264.4153, 5.546387
264.8974, 29.26086
265.3795, 48.38257
265.8617, 34.86084
266.3438, 16.99390
266.8259, 22.19873
267.3080, 51.11951
267.7901, 77.41199
268.2722, 76.57776
268.7544, 48.64294
269.2365, 32.38782
269.7186, 37.92871
270.2007, 48.97058
270.6828, 53.90479
271.1649, 52.10120
271.6471, 46.36816
272.1292, 36.94971
272.6113, 24.74023
273.0934, 17.82349
273.5755, 19.97119
274.0576, 24.68091
274.5398, 28.59204
275.0219, 31.35168
275.5040, 30.87793
275.9861, 24.34985
276.4682, 12.92346
276.9503, 5.399048
277.4325, 0.8217770
277.9146, 1.036865
278.3967, 12.95190
278.8788, 39.04846
279.3609, 60.19165
279.8430, 65.21545
280.3252, 56.32605
280.8073, 47.57288
281.2894, 36.88062
281.7715, 27.97192
282.2536, 23.16125
282.7357, 22.23669
283.2179, 24.41357
283.7000, 30.72974
284.1821, 39.15198
284.6642, 43.45166
285.1463, 40.15381
285.6284, 37.25427
286.1106, 41.78406
286.5927, 51.34656
287.0748, 55.21179
287.5569, 45.89685
288.0390, 30.01282
288.5211, 24.44739
289.0033, 34.29211
289.4854, 44.27563
289.9675, 47.42664
290.4496, 45.16516
290.9317, 40.67444
291.4138, 34.66504
291.8960, 28.26587
292.3781, 23.16858
292.8602, 18.84827
293.3423, 17.88538
293.8244, 24.82825
294.3065, 36.09509
294.7887, 42.15955
295.2708, 39.60144
295.7529, 31.28418
296.2350, 19.58533
296.7171, 1.591064
297.1992, 7.878662
297.6814, 5.070068
298.1635, 27.88928
298.6456, 36.03296
299.1277, 20.42407
299.6098, 1.413330
300.0919, 2.675537
300.5741, 18.48413
301.0562, 37.71973
301.5383, 50.79956
302.0204, 57.56946
302.5025, 54.78601
302.9846, 40.73657
303.4668, 26.99768
303.9489, 30.56360
304.4310, 52.90918
304.9131, 63.01575
305.3952, 44.46423
305.8773, 18.99683
306.3595, 10.00049
306.8416, 20.35706
307.3237, 35.45874
307.8058, 42.26379
308.2879, 40.33716
308.7701, 39.84326
309.2522, 42.01880
309.7343, 45.14600
310.2164, 48.16907
310.6985, 50.95312
311.1806, 53.90210
311.6628, 59.11438
312.1449, 65.27441
312.6270, 60.41833
313.1091, 29.08350
313.5912, 0.9600830
314.0733, 3.612061
314.5555, 11.49829
315.0376, 27.92163
315.5197, 34.60352
316.0018, 33.16858
316.4839, 33.74438
316.9660, 37.29053
317.4482, 41.34644
317.9303, 48.60132
318.4124, 55.88623
318.8945, 53.89270
319.3766, 36.13611
319.8587, 9.658081
320.3409, 1.032349
320.8230, 15.79248
321.3051, 29.18384
321.7872, 31.80383
322.2693, 28.39099
322.7514, 22.72107
323.2336, 14.78772
323.7157, 6.815063
324.1978, 4.408203
324.6799, 9.258545
325.1620, 18.63843
325.6441, 40.85718
326.1263, 63.04419
326.6084, 70.33960
327.0905, 59.38123
327.5726, 42.04602
328.0547, 34.79932
328.5368, 44.20593
329.0190, 47.78870
329.5011, 40.29968
329.9832, 31.03369
330.4653, 26.88928
330.9474, 28.42590
331.4295, 31.46570
331.9117, 31.54333
332.3938, 27.69458
332.8759, 26.41162
333.3580, 32.20374
333.8401, 35.93811
334.3222, 29.40039
334.8044, 16.07556
335.2865, 7.700806
335.7686, 15.02783
336.2507, 37.87073
336.7328, 46.94910
337.2149, 26.10498
337.6971, 9.303467
338.1792, 7.208984
338.6613, 14.96826
339.1434, 23.70679
339.6255, 28.45105
340.1076, 29.98694
340.5898, 31.70398
341.0719, 33.86707
341.5540, 35.93042
342.0361, 38.51074
342.5182, 40.65576
343.0003, 41.16614
343.4825, 39.58813
343.9646, 36.81946
344.4467, 34.76392
344.9288, 34.53162
345.4109, 32.78345
345.8930, 29.28259
346.3752, 24.48877
346.8573, 16.85535
347.3394, 6.901855
347.8215, 0.7473140
348.3036, 2.557251
348.7857, 22.46887
349.2679, 30.71704
349.7500, 9.807007
350.2321, 8.891357
350.7142, 7.811890
351.1963, 10.29089
351.6784, 29.72070
352.1606, 36.79016
352.6427, 31.83228
353.1248, 27.39172
353.6069, 21.73376
354.0890, 18.96741
354.5711, 22.18250
355.0533, 28.62854
355.5354, 35.40320
356.0175, 41.27954
356.4996, 44.31848
356.9817, 37.20337
357.4638, 13.49609
357.9460, 6.465454
358.4281, 12.82092
358.9102, 11.70801
359.3923, 9.003418
359.8744, 6.272827
360.3565, 3.250000
360.8387, 0.6182860
361.3208, 5.435425
361.8029, 9.861084
362.2850, 12.63977
362.7671, 15.38501
363.2492, 20.81506
363.7314, 29.83777
364.2135, 36.08508
364.6956, 31.14709
365.1777, 17.90613
365.6598, 12.86377
366.1419, 22.88953
366.6241, 37.30920
367.1062, 46.32227
367.5883, 50.25525
368.0704, 49.86133
368.5525, 39.97876
369.0346, 27.44958
369.5168, 26.94861
369.9989, 42.42883
370.4810, 56.05554
370.9631, 48.87036
371.4452, 24.82520
371.9273, 8.479126
372.4095, 9.042725
372.8916, 14.68494
373.3737, 15.02356
373.8558, 10.72717
374.3379, 10.74426
374.8200, 23.30774
375.3022, 43.18323
375.7843, 48.36304
376.2664, 25.46301
376.7485, 5.026123
377.2306, 0.5498050
377.7127, 5.894043
378.1949, 9.772095
378.6770, 8.472778
379.1591, 3.448120
379.6412, 2.193970
380.1233, 11.46387
380.6054, 15.75842
381.0876, 9.953247
381.5697, 1.482666
382.0518, 1.223999
382.5339, 2.747314
383.0160, 6.275635
383.4981, 0.1464840
383.9803, 19.85413
384.4624, 30.90588
384.9445, 28.62708
385.4266, 23.18140
385.9087, 17.92151
386.3908, 13.67273
386.8730, 10.91919
387.3551, 10.07642
387.8372, 11.01843
388.3193, 12.39307
388.8014, 14.97998
389.2835, 17.16760
389.7657, 18.22656
390.2478, 18.84741
390.7299, 20.36316
391.2120, 23.43152
391.6941, 26.43884
392.1762, 25.66174
392.6584, 18.89954
393.1405, 13.58154
393.6226, 10.54224
394.1047, 9.438354
394.5868, 10.64587
395.0689, 13.98425
395.5511, 17.73804
396.0332, 20.85962
396.5153, 23.40771
396.9974, 23.74390
397.4795, 19.43591
397.9616, 15.61865
398.4438, 15.53003
398.9259, 18.29602
399.4080, 21.23987
399.8901, 21.84131
400.3722, 22.00818
400.8543, 27.79688
401.3365, 41.68103
401.8186, 51.33789
402.3007, 43.75439
402.7828, 29.41748
403.2649, 25.20129
403.7470, 39.67200
404.2292, 55.30078
404.7113, 55.95300
405.1934, 44.14905
405.6755, 33.47388
406.1576, 29.29236
406.6397, 28.55420
407.1219, 25.96643
407.6040, 20.85925
408.0861, 16.37439
408.5682, 12.24927
409.0503, 11.63818
409.5324, 19.60730
410.0146, 37.06445
410.4967, 55.66333
410.9788, 67.83752
411.4609, 72.84558
411.9430, 72.16626
412.4251, 59.87451
412.9073, 47.59058
413.3894, 40.65784
413.8715, 39.15466
414.3536, 42.94983
414.8357, 53.01550
415.3178, 66.59277
415.8000, 70.35742
416.2821, 52.50879
416.7642, 39.62891
417.2463, 35.67664
417.7284, 37.40283
418.2105, 42.81116
418.6927, 50.84973
419.1748, 58.45557
419.6569, 60.33044
420.1390, 52.48743
420.6211, 49.93823
421.1032, 58.86108
421.5854, 67.35571
422.0675, 68.22070
422.5496, 62.95435
423.0317, 58.51562
423.5138, 61.04395
423.9959, 69.03333
424.4781, 72.38330
424.9602, 66.99158
425.4423, 63.93823
425.9244, 70.05286
426.4065, 79.72803
426.8886, 85.19702
427.3708, 82.52966
427.8529, 78.37793
428.3350, 83.95862
428.8171, 99.67224
429.2992, 106.2397
429.7813, 91.50830
430.2635, 71.58252
430.7456, 64.85193
431.2277, 71.85803
431.7098, 81.18726
432.1919, 90.32593
432.6740, 97.47217
433.1562, 98.50610
433.6383, 92.41565
434.1204, 83.95789
434.6025, 75.75671
435.0846, 68.25342
435.5667, 64.66956
436.0489, 68.56323
436.5310, 73.19348
437.0131, 74.56726
437.4952, 73.34326
437.9773, 70.52979
438.4594, 66.41223
438.9416, 64.11902
439.4237, 70.84912
439.9058, 100.6888
440.3879, 118.5096
440.8700, 114.3303
441.3521, 102.7296
441.8343, 95.07141
442.3164, 93.96375
442.7985, 96.55737
443.2806, 100.4697
443.7627, 106.0272
444.2448, 110.4482
444.7270, 117.6896
445.2091, 119.6776
445.6912, 108.1248
446.1733, 90.03674
446.6554, 78.60876
447.1375, 81.91675
447.6197, 94.22900
448.1018, 99.81934
448.5839, 94.10474
449.0660, 89.74121
449.5481, 96.30139
450.0302, 103.1736
450.5124, 99.60669
450.9945, 84.07019
451.4766, 71.05847
451.9587, 76.18201
452.4408, 94.56897
452.9229, 105.9047
453.4051, 107.1046
453.8872, 102.8676
454.3693, 92.31396
454.8514, 78.69543
455.3335, 72.63098
455.8156, 82.81226
456.2978, 96.68030
456.7799, 103.8542
457.2620, 104.7867
457.7441, 101.9449
458.2262, 95.25415
458.7083, 87.12463
459.1904, 84.46423
459.6725, 89.48450
460.1547, 94.69641
460.6368, 100.2032
461.1189, 104.5487
461.6010, 106.1877
462.0831, 104.8348
462.5652, 100.7677
463.0474, 93.42590
463.5295, 81.68774
464.0116, 76.69287
464.4937, 84.91589
464.9758, 92.55859
465.4579, 93.26147
465.9401, 90.78418
466.4222, 93.19189
466.9043, 105.1604
467.3864, 119.7379
467.8685, 120.2778
468.3506, 101.8376
468.8328, 83.36816
469.3149, 66.37939
469.7970, 51.71741
470.2791, 37.46826
470.7612, 24.88245
471.2433, 21.28674
471.7255, 40.77759
472.2076, 74.10999
472.6897, 85.32495
473.1718, 65.93970
473.6539, 46.12939
474.1360, 49.69580
474.6182, 66.33252
475.1003, 74.60327
475.5824, 66.96350
476.0645, 57.09656
476.5466, 52.59497
477.0287, 52.85559
477.5109, 54.57593
477.9930, 56.76587
478.4751, 60.63330
478.9572, 65.27368
479.4393, 68.51965
479.9214, 70.17297
480.4036, 66.60059
480.8857, 64.22229
481.3678, 71.23633
481.8499, 84.85059
482.3320, 92.80493
482.8141, 84.37561
483.2963, 62.93433
483.7784, 54.33716
484.2605, 73.03467
484.7426, 85.89038
485.2247, 88.40369
485.7068, 83.85608
486.1890, 72.87439
486.6711, 56.52979
487.1532, 41.44849
487.6353, 35.44116
488.1174, 38.80615
488.5995, 45.63403
489.0817, 60.92102
489.5638, 72.37390
490.0459, 72.94116
490.5280, 65.12622
491.0101, 54.42749
491.4922, 40.05249
491.9744, 26.69983
492.4565, 20.34229
492.9386, 20.65100
493.4207, 23.53369
493.9028, 28.70557
494.3849, 34.15344
494.8671, 35.24841
495.3492, 30.22827
495.8313, 29.24963
496.3134, 41.12915
496.7955, 54.22534
497.2776, 55.92273
497.7598, 45.82825
498.2419, 31.42432
498.7240, 17.62195
499.2061, 4.882690
499.6882, 1.026489
500.1703, 3.604980
500.6525, 10.69434
501.1346, 23.52991
501.6167, 36.08533
502.0988, 41.21777
502.5809, 37.03418
503.0630, 28.45154
503.5452, 21.92163
504.0273, 18.14893
504.5094, 11.04504
504.9915, 7.036743
505.4736, 19.44006
505.9557, 14.88306
506.4379, 0.7595210
506.9200, 14.56567
507.4021, 22.04663
507.8842, 23.92566
508.3663, 17.83850
508.8484, 4.247314
509.3306, 2.967041
509.8127, 4.115356
510.2948, 16.10156
510.7769, 17.73303
511.2590, 7.663086
511.7411, 0.2757570
512.2233, 3.166992
512.7054, 1.950562
513.1875, 4.901245
513.6696, 16.14868
514.1517, 24.82397
514.6339, 25.49023
515.1160, 19.77356
515.5981, 18.07776
516.0802, 27.79370
516.5623, 32.37378
517.0444, 23.91565
517.5266, 13.20850
518.0087, 12.99622
518.4908, 24.64099
518.9729, 36.49683
519.4550, 33.40649
519.9371, 14.77795
520.4193, 5.987671
520.9014, 13.31433
521.3835, 21.48511
521.8656, 24.86768
522.3477, 24.38098
522.8298, 20.76660
523.3120, 12.83411
523.7941, 5.189453
524.2762, 2.758789
524.7583, 4.793945
525.2404, 7.836060
525.7225, 11.72839
526.2047, 14.57031
526.6868, 13.67139
527.1689, 8.910278
527.6510, 4.027222
528.1331, 2.813721
528.6152, 7.773071
529.0974, 7.110107
529.5795, 2.414673
530.0616, 2.005493
530.5437, 4.009399
531.0258, 4.156372
531.5079, 3.866455
531.9901, 3.945313
532.4722, 1.987305
532.9543, 9.767090
533.4364, 16.91724
533.9185, 2.322876
534.4006, 27.07788
534.8828, 44.17126
535.3649, 22.29138
535.8470, 21.90625
536.3291, 32.31726
536.8112, 0.7113040
537.2933, 30.88904
537.7755, 42.18579
538.2576, 40.64954
538.7397, 30.48633
539.2218, 10.17615
539.7039, 6.099976
540.1860, 9.142944
540.6682, 4.586060
541.1503, 2.263306
541.6324, 3.085205
542.1145, 2.061646
542.5966, 23.39954
543.0787, 57.06250
543.5609, 69.17444
544.0430, 36.86243
544.5251, 14.58765
545.0072, 19.84497
545.4893, 36.79138
545.9714, 49.55383
546.4536, 54.05542
546.9357, 54.37341
547.4178, 54.85742
547.8999, 55.59241
548.3820, 53.39893
548.8641, 42.43640
549.3463, 37.21509
549.8284, 49.01599
550.3105, 66.87402
550.7926, 74.76929
551.2747, 66.26062
551.7568, 54.65857
552.2390, 54.35962
552.7211, 61.74585
553.2032, 60.27600
553.6853, 44.20410
554.1674, 28.95850
554.6495, 30.22424
555.1317, 47.98511
555.6138, 61.89648
556.0959, 75.02405
556.5780, 80.68188
557.0601, 69.83301
557.5422, 50.65454
558.0244, 37.52124
558.5065, 35.41321
558.9886, 38.96045
559.4707, 40.00610
559.9528, 37.22107
560.4349, 37.26648
560.9171, 42.77417
561.3992, 48.65625
561.8813, 55.47485
562.3634, 61.03064
562.8455, 60.19763
563.3276, 48.87915
563.8098, 36.45166
564.2919, 36.00256
564.7740, 45.88708
565.2561, 53.84424
565.7382, 56.72998
566.2203, 57.75134
566.7025, 60.92334
567.1846, 65.62671
567.6667, 67.65002
568.1488, 63.19727
568.6309, 58.26587
569.1130, 57.39832
569.5952, 59.03137
570.0773, 59.23108
570.5594, 56.60425
571.0415, 52.58398
571.5236, 48.97778
572.0057, 44.40430
572.4879, 44.09253
572.9700, 55.67163
573.4521, 63.74268
573.9342, 56.99756
574.4163, 42.05518
574.8984, 33.59937
575.3806, 39.82544
575.8627, 52.91125
576.3448, 62.06165
576.8269, 67.24695
577.3090, 67.70325
577.7911, 59.23633
578.2733, 51.96228
578.7554, 60.57434
579.2375, 82.79736
579.7196, 97.23938
580.2017, 94.00122
580.6838, 87.05725
581.1660, 87.26416
581.6481, 91.55518
582.1302, 90.55420
582.6123, 80.21033
583.0944, 65.95349
583.5765, 57.40771
584.0587, 57.15820
584.5408, 55.38550
585.0229, 49.21143
585.5050, 44.46936
585.9871, 42.11292
586.4692, 42.89709
586.9514, 49.74438
587.4335, 66.13110
587.9156, 82.57434
588.3977, 85.08655
588.8798, 73.97095
589.3619, 50.72375
589.8441, 58.86694
590.3262, 63.22095
590.8083, 63.36462
591.2904, 48.78369
591.7725, 53.67615
592.2546, 51.34045
592.7368, 48.60925
593.2189, 56.16553
593.7010, 43.36230
594.1831, 48.70129
594.6652, 48.54932
595.1473, 51.88220
595.6295, 47.78271
596.1116, 45.97998
596.5937, 51.61719
597.0758, 53.13806
597.5579, 28.29309
598.0400, 24.53064
598.5222, 29.49622
599.0043, 40.78760
599.4864, 58.85339
599.9685, 75.40125
600.4506, 77.76160
600.9327, 69.42480
601.4149, 69.67725
601.8970, 84.44238
602.3791, 96.75366
602.8612, 89.70715
603.3433, 65.69434
603.8254, 51.67371
604.3076, 54.96216
604.7897, 59.51843
605.2718, 58.66797
605.7539, 56.45862
606.2360, 59.27625
606.7181, 67.96704
607.2003, 77.04980
607.6824, 81.06470
608.1645, 80.03271
608.6466, 74.21387
609.1287, 58.17908
609.6108, 46.42346
610.0930, 47.13489
610.5751, 52.44775
611.0572, 53.43054
611.5393, 48.39636
612.0214, 43.14722
612.5035, 41.21533
612.9857, 41.73157
613.4678, 42.90186
613.9499, 44.61023
614.4320, 49.09192
614.9141, 59.77466
615.3962, 72.73987
615.8784, 73.72632
616.3605, 42.06104
616.8426, 27.32092
617.3247, 48.66296
617.8068, 74.50610
618.2889, 78.69849
618.7711, 63.69421
619.2532, 48.59790
619.7353, 46.26074
620.2174, 53.34509
620.6995, 62.79199
621.1816, 75.84534
621.6638, 83.87109
622.1459, 83.55920
622.6280, 78.24829
623.1101, 68.92175
623.5922, 56.12634
624.0743, 49.75415
624.5565, 61.58618
625.0386, 72.88135
625.5207, 63.01575
626.0028, 40.74634
626.4849, 31.49695
626.9670, 45.57483
627.4492, 68.72083
627.9313, 77.51575
628.4134, 67.50171
628.8955, 61.44080
629.3776, 62.80603
629.8597, 64.73047
630.3419, 65.33997
630.8240, 65.05969
631.3061, 64.92175
631.7882, 65.42468
632.2703, 65.21082
632.7524, 62.84656
633.2346, 58.66980
633.7167, 54.44470
634.1988, 50.35144
634.6809, 46.21289
635.1630, 40.59045
635.6451, 34.75781
636.1273, 37.14734
636.6094, 59.62073
637.0915, 73.47070
637.5736, 69.51331
638.0557, 57.83997
638.5378, 45.06433
639.0200, 33.59167
639.5021, 25.98669
639.9842, 24.23206
640.4663, 27.82007
640.9484, 37.36206
641.4305, 56.48633
641.9127, 67.06995
642.3948, 56.11584
642.8769, 40.68201
643.3590, 42.69836
643.8411, 61.49963
644.3232, 73.00110
644.8054, 62.95850
645.2875, 49.61072
645.7696, 48.74133
646.2517, 56.30273
646.7338, 62.04810
647.2159, 61.98389
647.6981, 55.54175
648.1802, 39.59131
648.6623, 9.917236
649.1444, 7.100952
649.6265, 5.190674
650.1086, 2.731445
650.5908, 17.83423
651.0729, 34.08093
651.5550, 43.04663
652.0371, 42.25391
652.5192, 37.23083
653.0013, 29.87000
653.4835, 22.28601
653.9656, 20.69751
654.4477, 25.63062
654.9298, 27.99768
655.4119, 20.49084
655.8940, 7.019775
656.3762, 2.490967
656.8583, 18.59192
657.3404, 27.72949
657.8225, 23.16187
658.3046, 17.12134
658.7867, 19.36340
659.2689, 27.81519
659.7510, 33.58704
660.2331, 31.08618
660.7152, 24.45789
661.1973, 18.70203
661.6794, 14.00244
662.1616, 18.87158
662.6437, 39.65222
663.1258, 59.91309
663.6079, 60.95801
664.0900, 43.97192
664.5721, 36.89343
665.0543, 52.55627
665.5364, 63.97534
666.0185, 59.86438
666.5006, 46.66028
666.9827, 28.53735
667.4648, 8.661621
667.9470, 4.103516
668.4291, 1.143555
668.9112, 20.54431
669.3933, 30.66797
669.8754, 29.74683
670.3575, 25.23181
670.8397, 16.29565
671.3218, 7.332520
671.8039, 2.878296
672.2860, 3.038330
672.7681, 6.089111
673.2502, 16.43774
673.7324, 25.24146
674.2145, 23.72009
674.6966, 15.21436
675.1787, 6.774780
675.6608, 1.248901
676.1429, 0.6862790
676.6251, 10.87842
677.1072, 35.02026
677.5893, 43.27197
678.0714, 21.95886
678.5535, 4.598267
679.0356, 9.644165
679.5178, 23.23572
679.9999, 26.80908
680.4820, 15.96094
680.9641, 5.375488
681.4462, 3.863647
681.9283, 7.047607
682.4105, 10.56433
682.8926, 13.50464
683.3747, 13.08887
683.8568, 7.251465
684.3389, 0.5335690
684.8210, 1.552124
685.3032, 8.865112
685.7853, 14.91675
686.2674, 10.63184
686.7495, 7.962402
687.2316, 15.81104
687.7137, 27.92432
688.1959, 31.99170
688.6780, 22.93787
689.1601, 9.779053
689.6422, 3.240967
690.1243, 14.09534
690.6064, 17.29407
691.0886, 12.33496
691.5707, 4.831787
692.0528, 1.471313
692.5349, 7.096558
693.0170, 14.31287
693.4991, 28.88733
693.9813, 35.39282
694.4634, 27.29370
694.9455, 17.36572
695.4276, 12.28052
695.9097, 11.44165
696.3918, 12.63159
696.8740, 16.23999
697.3561, 18.30029
697.8382, 12.04431
698.3203, 0.1363530
698.8024, 8.491699
699.2845, 12.26562
699.7667, 9.674927
700.2488, 1.743652
700.7309, 19.51172
701.2130, 27.25769
701.6951, 13.25244
702.1772, 4.830933
702.6594, 9.247070
703.1415, 15.72375
703.6236, 17.30249
704.1057, 10.59875
704.5878, 18.59692
705.0699, 23.16260
705.5521, 24.44434
706.0342, 11.43481
706.5163, 16.75073
706.9984, 14.54980
707.4805, 12.15405
707.9626, 19.88367
708.4448, 8.246704
708.9269, 1.937378
709.4090, 0.4772950
709.8911, 11.13940
710.3732, 18.79407
710.8553, 17.21082
711.3375, 12.54834
711.8196, 7.635620
712.3017, 4.377930
712.7838, 7.527954
713.2659, 24.61560
713.7480, 45.13416
714.2302, 48.19116
714.7123, 36.46472
715.1944, 26.32227
715.6765, 21.69409
716.1586, 20.87170
716.6407, 22.94312
717.1229, 27.91235
717.6050, 30.81250
718.0871, 33.19141
718.5692, 31.69714
719.0513, 20.96301
719.5334, 9.454590
720.0156, 5.645874
720.4977, 9.274536
720.9798, 13.08643
721.4619, 12.28760
721.9440, 9.802612
722.4261, 8.331299
722.9083, 8.523804
723.3904, 10.95740
723.8725, 16.41846
724.3546, 20.82812
724.8367, 19.19189
725.3188, 11.51416
725.8010, 8.269409
726.2831, 14.38281
726.7652, 18.68665
727.2473, 17.75476
727.7294, 15.47461
728.2115, 14.55786
728.6937, 15.59424
729.1758, 19.02380
729.6579, 27.80664
730.1400, 36.28137
730.6221, 34.32642
731.1042, 24.08264
731.5864, 15.89380
732.0685, 12.22437
732.5506, 12.59802
733.0327, 17.94885
733.5148, 27.82568
733.9969, 30.14075
734.4791, 14.39600
734.9612, 5.027588
735.4433, 8.664063
735.9254, 16.68555
736.4075, 23.81384
736.8896, 29.03223
737.3718, 31.86853
737.8539, 31.61194
738.3360, 29.46143
738.8181, 24.68066
739.3002, 19.08264
739.7823, 19.98389
740.2645, 29.06958
740.7466, 37.10400
741.2287, 34.66467
741.7108, 23.81531
742.1929, 22.98450
742.6750, 42.07214
743.1572, 54.15088
743.6393, 52.68567
744.1214, 46.39282
744.6035, 39.60388
745.0856, 32.86072
745.5677, 26.33606
746.0499, 19.51624
746.5320, 13.76013
747.0141, 9.643311
747.4962, 7.492065
747.9783, 8.219604
748.4604, 12.20923
748.9426, 18.45862
749.4247, 26.69812
749.9068, 34.88538
750.3889, 34.71143
750.8710, 22.50122
751.3531, 12.18323
751.8353, 4.099121
752.3174, 0.1942140
752.7995, 0.2349850
753.2816, 4.959595
753.7637, 13.32385
754.2458, 29.00146
754.7280, 41.32166
755.2101, 45.85754
755.6922, 43.49878
756.1743, 30.66821
756.6564, 10.33630
757.1385, 4.036255
757.6207, 3.539917
758.1028, 6.880249
758.5849, 17.54565
759.0670, 29.28674
759.5491, 31.59058
760.0313, 18.84863
760.5134, 5.646484
760.9955, 2.009277
761.4776, 4.427002
761.9597, 3.551147
762.4418, 3.047119
762.9240, 7.691162
763.4061, 7.459229
763.8882, 5.681274
764.3703, 6.096436
764.8524, 6.891968
765.3345, 2.804932
765.8167, 8.554810
766.2988, 21.80139
766.7809, 31.12927
767.2630, 36.40552
767.7451, 36.10693
768.2272, 29.23499
768.7094, 23.79248
769.1915, 25.15442
769.6736, 28.45422
770.1557, 23.05078
770.6378, 1.865601
771.1199, 7.015747
771.6021, 7.795166
772.0842, 21.66699
772.5663, 22.37524
773.0484, 17.23914
773.5305, 17.02234
774.0126, 24.08203
774.4948, 31.62622
774.9769, 36.40381
775.4590, 37.50952
775.9411, 29.67163
776.4232, 15.59900
776.9053, 11.51489
777.3875, 24.01245
777.8696, 37.66809
778.3517, 30.79370
778.8338, 2.251587
779.3159, 6.044312
779.7980, 22.70129
780.2802, 44.10437
780.7623, 42.28979
781.2444, 33.21777
781.7265, 27.91235
782.2086, 26.96997
782.6907, 28.67029
783.1729, 33.71875
783.6550, 39.84521
784.1371, 48.09473
784.6192, 55.52014
785.1013, 55.92749
785.5834, 49.30981
786.0656, 43.28772
786.5477, 44.11121
787.0298, 49.39844
787.5119, 52.38013
787.9940, 52.81140
788.4761, 54.04443
788.9583, 58.90808
789.4404, 59.51819
789.9225, 45.15271
790.4046, 21.25867
790.8867, 12.64026
791.3688, 30.40771
791.8510, 44.68115
792.3331, 49.19775
792.8152, 50.68225
793.2973, 54.58936
793.7794, 59.23010
794.2615, 59.23279
794.7437, 52.11316
795.2258, 42.19836
795.7079, 32.96265
796.1900, 24.73706
796.6721, 17.59949
797.1542, 11.78540
797.6364, 10.67639
798.1185, 16.66455
798.6006, 25.81897
799.0827, 30.95227
799.5648, 31.26526
800.0469, 31.32800
800.5291, 29.55261
801.0112, 29.74573
801.4933, 35.44751
801.9754, 42.19800
802.4575, 44.96423
802.9396, 43.26196
803.4218, 40.51953
803.9039, 35.65918
804.3860, 32.48291
804.8681, 36.40173
805.3502, 43.20337
805.8323, 45.14404
806.3145, 40.81189
806.7966, 34.79102
807.2787, 30.77405
807.7608, 28.54102
808.2429, 27.85876
808.7250, 29.40125
809.2072, 30.03638
809.6893, 27.28040
810.1714, 25.31152
810.6535, 29.36816
811.1356, 38.20618
811.6177, 41.13403
812.0999, 32.91516
812.5820, 26.38086
813.0641, 20.80457
813.5462, 18.79285
814.0283, 24.14062
814.5104, 34.10095
814.9926, 43.08643
815.4747, 50.87122
815.9568, 53.30237
816.4389, 39.35046
816.9210, 20.54736
817.4031, 18.48743
817.8853, 31.41809
818.3674, 42.37366
818.8495, 43.47156
819.3316, 39.14172
819.8137, 35.05530
820.2958, 30.67969
820.7780, 30.74170
821.2601, 38.55420
821.7422, 43.39160
822.2243, 38.64221
822.7064, 30.79480
823.1885, 28.04285
823.6707, 30.46558
824.1528, 35.59802
824.6349, 50.60303
825.1170, 59.31409
825.5991, 49.31848
826.0812, 33.80029
826.5634, 27.04919
827.0455, 29.90662
827.5276, 34.24048
828.0097, 34.66052
828.4918, 34.64526
828.9739, 41.42822
829.4560, 52.79199
829.9381, 56.61218
830.4202, 51.13367
830.9023, 40.50085
831.3845, 26.54736
831.8666, 11.96191
832.3487, 4.031860
832.8308, 3.448608
833.3129, 7.962402
833.7950, 25.10925
834.2772, 36.35608
834.7593, 25.30115
835.2414, 5.753052
835.7235, 0.2023930
836.2056, 12.18787
836.6877, 22.39246
837.1699, 25.57349
837.6520, 25.59167
838.1341, 20.02808
838.6162, 13.23096
839.0983, 11.99731
839.5804, 17.37012
840.0626, 23.93445
840.5447, 29.31458
841.0268, 31.50806
841.5089, 23.02625
841.9910, 6.905151
842.4731, 0.1444090
842.9553, 6.911011
843.4374, 17.17834
843.9195, 22.83643
844.4016, 24.69617
844.8837, 27.14661
845.3658, 32.63269
845.8480, 31.77734
846.3301, 18.68994
846.8122, 5.196045
847.2943, 3.017578
847.7764, 6.665894
848.2585, 6.507813
848.7407, 1.403076
849.2228, 3.619141
849.7049, 1.482910
850.1870, 1.912231
850.6691, 8.069092
851.1512, 14.26782
851.6334, 16.89502
852.1155, 5.242065
852.5976, 12.02563
853.0797, 11.41882
853.5618, 10.50757
854.0439, 19.88098
854.5261, 10.26758
855.0082, 19.42126
855.4903, 18.25024
855.9724, 21.08960
856.4545, 23.40771
856.9366, 25.16199
857.4188, 26.84021
857.9009, 29.05640
858.3830, 29.10571
858.8651, 25.09265
859.3472, 20.99146
859.8293, 19.68323
860.3115, 20.19397
860.7936, 19.84863
861.2757, 16.81848
861.7578, 17.32825
862.2399, 28.06311
862.7220, 37.03540
863.2042, 34.42371
863.6863, 26.21362
864.1684, 24.32166
864.6505, 31.13562
865.1326, 33.72156
865.6147, 15.35242
866.0969, 7.787598
866.5790, 12.62451
867.0611, 3.458618
867.5432, 8.438599
868.0253, 19.80750
868.5074, 28.11230
868.9896, 31.03369
869.4717, 29.45825
869.9538, 24.80396
870.4359, 15.71960
870.9180, 16.05164
871.4001, 32.87061
871.8823, 46.08313
872.3644, 40.30334
872.8465, 22.61670
873.3286, 12.19470
873.8107, 11.02698
874.2928, 12.91040
874.7750, 21.91272
875.2571, 29.30164
875.7392, 30.98022
876.2213, 29.32556
876.7034, 26.04480
877.1855, 21.79883
877.6677, 21.48254
878.1498, 30.88562
878.6319, 41.72412
879.1140, 50.00916
879.5961, 54.08215
880.0782, 48.46875
880.5604, 34.68799
881.0425, 24.24536
881.5246, 25.81421
882.0067, 32.29224
882.4888, 29.04565
882.9709, 18.32410
883.4531, 14.89404
883.9352, 20.53601
884.4173, 31.97534
884.8994, 49.43164
885.3815, 66.37146
885.8636, 69.41162
886.3458, 55.15479
886.8279, 46.76953
887.3100, 49.81274
887.7921, 49.07727
888.2742, 32.71509
888.7563, 15.88635
889.2385, 16.98291
889.7206, 34.13879
890.2027, 42.40088
890.6848, 34.06421
891.1669, 21.98071
891.6490, 2.364868
892.1312, 13.08691
892.6133, 9.847778
893.0954, 6.561768
893.5775, 17.06018
894.0596, 12.46240
894.5417, 8.476563
895.0239, 23.90796
895.5060, 44.96448
895.9881, 48.16296
896.4702, 37.02795
896.9523, 27.88269
897.4344, 26.68433
897.9166, 30.95923
898.3987, 40.59338
898.8808, 52.40979
899.3629, 48.73926
899.8450, 29.34167
900.3271, 19.43542
900.8093, 25.92249
901.2914, 35.20166
901.7735, 36.44922
902.2556, 31.47070
902.7377, 27.44971
903.2198, 22.76013
903.7020, 22.47668
904.1841, 30.19861
904.6662, 38.21985
905.1483, 46.11877
905.6304, 50.84705
906.1125, 46.65161
906.5947, 32.30640
907.0768, 20.72498
907.5589, 13.59631
908.0410, 11.09229
908.5231, 16.27100
909.0052, 25.53149
909.4874, 32.93298
909.9695, 38.50793
910.4516, 43.31897
910.9337, 49.10498
911.4158, 51.36914
911.8979, 43.28296
912.3801, 29.64124
912.8622, 16.41418
913.3443, 5.656128
913.8264, 2.945190
914.3085, 10.95129
914.7906, 22.56885
915.2728, 27.39404
915.7549, 26.86951
916.2370, 31.93054
916.7191, 42.94702
917.2012, 49.72095
917.6833, 48.97449
918.1655, 44.09851
918.6476, 37.39160
919.1297, 29.69177
919.6118, 27.35339
920.0939, 34.18433
920.5760, 37.18286
921.0582, 32.42200
921.5403, 27.29639
922.0224, 28.06958
922.5045, 30.39941
922.9866, 25.15662
923.4688, 8.600464
923.9509, 0.6606450
924.4330, 5.261719
924.9151, 14.17578
925.3972, 21.82532
925.8793, 27.94971
926.3615, 34.15588
926.8436, 39.58154
927.3257, 39.21399
927.8078, 26.85779
928.2899, 14.62451
928.7720, 12.65393
929.2542, 15.06824
929.7363, 12.66687
930.2184, 7.436523
930.7005, 9.677612
931.1826, 23.77295
931.6647, 38.59448
932.1469, 39.13000
932.6290, 31.57715
933.1111, 34.09497
933.5932, 44.73560
934.0753, 48.77087
934.5574, 42.13892
935.0396, 33.75439
935.5217, 31.61584
936.0038, 33.94580
936.4859, 34.70044
936.9680, 33.82397
937.4501, 32.07678
937.9323, 29.31091
938.4144, 25.06628
938.8965, 19.19812
939.3786, 14.21655
939.8607, 15.19360
940.3428, 23.60022
940.8250, 30.45447
941.3071, 36.67114
941.7892, 22.69751
942.2713, 30.13037
942.7534, 33.78491
943.2355, 33.86597
943.7177, 19.66785
944.1998, 23.90710
944.6819, 20.75793
945.1640, 17.30457
945.6461, 24.13660
946.1282, 12.01440
946.6104, 18.68359
947.0925, 29.50342
947.5746, 30.47009
948.0567, 27.97046
948.5388, 24.20386
949.0209, 20.75293
949.5031, 16.25562
949.9852, 5.241943
950.4673, 5.757446
950.9494, 6.439575
951.4315, 2.578369
951.9136, 14.54944
952.3958, 26.81079
952.8779, 35.73962
953.3600, 34.10266
953.8421, 26.55090
954.3242, 26.44775
954.8063, 33.00037
955.2885, 35.81958
955.7706, 31.06836
956.2527, 20.71692
956.7348, 4.730103
957.2169, 13.51147
957.6990, 16.91284
958.1812, 4.720581
958.6633, 9.371338
959.1454, 24.32605
959.6275, 35.01123
960.1096, 37.66321
960.5917, 34.26978
961.0739, 28.57214
961.5560, 18.62695
962.0381, 15.66370
962.5202, 24.57227
963.0023, 30.88660
963.4844, 27.07800
963.9666, 21.83118
964.4487, 27.85681
964.9308, 43.17957
965.4129, 43.43982
965.8950, 6.791016
966.3771, 12.93091
966.8593, 5.581787
967.3414, 25.45117
967.8235, 21.57361
968.3056, 7.325684
968.7877, 8.512451
969.2698, 30.64014
969.7520, 43.97363
970.2341, 29.05981
970.7162, 14.32275
971.1983, 17.61304
971.6804, 26.75598
972.1625, 26.75732
972.6447, 18.93921
973.1268, 15.43286
973.6089, 22.64807
974.0910, 30.38013
974.5731, 32.31689
975.0552, 29.40869
975.5374, 17.59204
976.0195, 3.002441
976.5016, 1.639160
976.9837, 16.18445
977.4658, 30.10217
977.9479, 27.34387
978.4301, 17.84448
978.9122, 18.70459
979.3943, 26.17163
979.8764, 29.45557
980.3585, 27.57996
980.8406, 24.57605
981.3228, 22.43787
981.8049, 20.79126
982.2870, 18.63989
982.7691, 16.60352
983.2512, 19.84302
983.7333, 28.27612
984.2155, 34.52808
984.6976, 36.77881
985.1797, 35.94324
985.6618, 32.28333
986.1439, 26.94739
986.6260, 23.46326
987.1082, 22.12683
987.5903, 20.46289
988.0724, 17.82056
988.5545, 16.76624
989.0366, 18.83179
989.5187, 22.15222
990.0009, 24.32971
990.4830, 25.44080
990.9651, 26.09192
991.4472, 25.20312
991.9293, 26.21716
992.4114, 32.66187
992.8936, 37.12952
993.3757, 35.38782
993.8578, 28.63989
994.3399, 16.86768
994.8220, 4.659546
995.3041, 10.58191
995.7863, 16.64429
996.2684, 38.08960
996.7505, 40.05579
997.2326, 34.82068
997.7147, 32.20044
998.1968, 31.65002
998.6790, 28.39026
999.1611, 19.43945
999.6432, 12.83435
1000.125, 9.849976
1000.607, 10.79028
1001.090, 20.44165
1001.572, 31.55054
1002.054, 33.52222
1002.536, 25.96887
1003.018, 18.62817
1003.500, 14.86023
1003.982, 13.65210
1004.464, 14.24683
1004.946, 17.24011
1005.429, 26.67847
1005.911, 38.22754
1006.393, 41.00330
1006.875, 31.99707
1007.357, 23.97766
1007.839, 32.12024
1008.321, 39.97363
1008.803, 26.25818
1009.286, 3.833374
1009.768, 7.460327
1010.250, 6.201660
1010.732, 1.159790
1011.214, 3.342041
1011.696, 9.134399
1012.178, 20.96362
1012.660, 33.97974
1013.142, 38.48291
1013.625, 36.44275
1014.107, 34.92065
1014.589, 35.49780
1015.071, 34.52991
1015.553, 30.37976
1016.035, 25.98218
1016.517, 24.81360
1016.999, 25.53333
1017.482, 24.01575
1017.964, 20.38611
1018.446, 16.98169
1018.928, 14.67126
1019.410, 18.04773
1019.892, 34.61707
1020.374, 57.31262
1020.856, 61.62683
1021.338, 48.64233
1021.821, 30.46753
1022.303, 8.202759
1022.785, 1.548950
1023.267, 11.26941
1023.749, 31.83386
1024.231, 37.22266
1024.713, 30.29077
1025.195, 25.31897
1025.677, 22.45935
1026.160, 20.70972
1026.642, 20.27600
1027.124, 18.25220
1027.606, 10.84729
1028.088, 4.206421
1028.570, 14.58936
1029.052, 45.90637
1029.534, 60.80835
1030.017, 54.99756
1030.499, 47.42346
1030.981, 43.74658
1031.463, 39.35901
1031.945, 26.82300
1032.427, 9.386719
1032.909, 6.309448
1033.391, 27.72607
1033.874, 32.64807
1034.356, 9.747437
1034.838, 7.028320
1035.320, 3.828735
1035.802, 8.736694
1036.284, 21.24182
1036.766, 33.25708
1037.248, 40.37512
1037.730, 39.00793
1038.213, 39.87671
1038.695, 48.74231
1039.177, 52.63513
1039.659, 41.28137
1040.141, 24.64050
1040.623, 16.18079
1041.105, 16.22681
1041.587, 17.36475
1042.069, 19.13892
1042.552, 22.65869
1043.034, 34.54529
1043.516, 41.37170
1043.998, 27.16626
1044.480, 6.490601
1044.962, 8.846680
1045.444, 40.73706
1045.926, 53.74341
1046.409, 18.74475
1046.891, 0.8269040
1047.373, 27.00598
1047.855, 58.83472
1048.337, 60.12061
1048.819, 41.30896
1049.301, 30.58643
1049.783, 33.07715
1050.266, 35.87256
1050.748, 37.61169
1051.230, 38.39075
1051.712, 39.31335
1052.194, 38.43176
1052.676, 31.05420
1053.158, 20.10571
1053.640, 16.62134
1054.122, 24.95325
1054.604, 29.56494
1055.087, 22.47449
1055.569, 15.77600
1056.051, 15.40137
1056.533, 18.13953
1057.015, 21.45337
1057.497, 24.57129
1057.979, 25.73157
1058.461, 22.94995
1058.944, 21.93506
1059.426, 23.83191
1059.908, 28.73560
1060.390, 41.65112
1060.872, 54.48462
1061.354, 55.38867
1061.836, 45.42383
1062.318, 38.62561
1062.801, 42.53320
1063.283, 44.22766
1063.765, 33.50610
1064.247, 24.38818
1064.729, 28.69617
1065.211, 39.65295
1065.693, 49.22668
1066.175, 55.21472
1066.657, 53.10999
1067.140, 33.76624
1067.622, 17.00171
1068.104, 13.47900
1068.586, 15.50891
1069.068, 18.96484
1069.550, 22.36389
1070.032, 24.95068
1070.514, 26.35022
1070.996, 24.82764
1071.479, 12.49438
1071.961, 6.409302
1072.443, 22.00049
1072.925, 40.44763
1073.407, 46.22742
1073.889, 42.52649
1074.371, 36.35645
1074.853, 29.41125
1075.335, 23.71069
1075.818, 19.88513
1076.300, 17.83533
1076.782, 17.51636
1077.264, 18.93323
1077.746, 23.60889
1078.228, 29.53235
1078.710, 33.04871
1079.192, 33.31470
1079.675, 31.61450
1080.157, 28.91724
1080.639, 23.84412
1081.121, 11.03552
1081.603, 0.2814940
1082.085, 1.6235000E-02
1082.567, 8.615479
1083.049, 19.13977
1083.531, 30.27100
1084.014, 33.86121
1084.496, 17.26514
1084.978, 3.360352
1085.460, 8.240845
1085.942, 18.97778
1086.424, 24.56726
1086.906, 24.76086
1087.388, 19.42017
1087.870, 8.034302
1088.353, 1.844849
1088.835, 13.86682
1089.317, 15.40979
1089.799, 12.37329
1090.281, 43.36218
1090.763, 49.44666
1091.245, 38.50610
1091.727, 35.35730
1092.210, 47.11877
1092.692, 53.29932
1093.174, 42.81274
1093.656, 30.97998
1094.138, 23.23218
1094.620, 18.69031
1095.102, 18.57434
1095.584, 20.38098
1096.067, 16.98242
1096.549, 5.126709
1097.031, 1.098511
1097.513, 21.58032
1097.995, 36.43811
1098.477, 25.26624
1098.959, 9.138184
1099.441, 7.929199
1099.923, 17.15283
1100.406, 22.05835
1100.888, 18.98059
1101.370, 18.04346
1101.852, 25.69739
1102.334, 30.82129
1102.816, 28.61560
1103.298, 22.88452
1103.780, 15.62866
1104.262, 7.729736
1104.745, 0.2717290
1105.227, 9.211914
1105.709, 12.84155
1106.191, 6.407593
1106.673, 0.5810550
1107.155, 6.717285
1107.637, 11.00134
1108.119, 12.50415
1108.602, 11.63086
1109.084, 8.811157
1109.566, 3.106445
1110.048, 0.2091060
1110.530, 2.996948
1111.012, 5.265259
1111.494, 3.460083
1111.976, 2.819336
1112.458, 9.573975
1112.941, 19.51135
1113.423, 22.52930
1113.905, 16.65784
1114.387, 12.39404
1114.869, 10.15283
1115.351, 8.875977
1115.833, 8.451050
1116.315, 8.898438
1116.797, 10.75781
1117.280, 13.12976
1117.762, 14.51367
1118.244, 14.23413
1118.726, 18.58240
1119.208, 33.00586
1119.690, 40.45203
1120.172, 35.21802
1120.654, 27.20447
1121.137, 20.84326
1121.619, 16.98767
1122.101, 18.27356
1122.583, 25.24731
1123.065, 24.63977
1123.547, 12.25977
1124.029, 5.923584
1124.511, 9.737305
1124.994, 16.30530
1125.476, 23.09631
1125.958, 27.17847
1126.440, 22.84607
1126.922, 10.86829
1127.404, 6.342407
1127.886, 10.74927
1128.368, 12.68091
1128.850, 10.26038
1129.333, 7.378540
1129.815, 5.448486
1130.297, 6.383301
1130.779, 13.83276
1131.261, 25.71326
1131.743, 28.65149
1132.225, 22.73438
1132.707, 22.20227
1133.189, 28.67896
1133.672, 36.98730
1134.154, 45.26013
1134.636, 48.92761
1135.118, 41.46265
1135.600, 27.86145
1136.082, 21.39417
1136.564, 21.77673
1137.046, 30.11707
1137.529, 44.85913
1138.011, 53.84802
1138.493, 52.89026
1138.975, 46.80713
1139.457, 38.92944
1139.939, 30.92834
1140.421, 25.99646
1140.903, 23.10535
1141.385, 20.87268
1141.868, 18.25696
1142.350, 9.145020
1142.832, 6.060791
1143.314, 11.23914
1143.796, 8.083618
1144.278, 31.64734
1144.760, 31.75684
1145.242, 23.15112
1145.724, 30.41919
1146.207, 46.09778
1146.689, 51.08679
1147.171, 43.78711
1147.653, 35.16223
1148.135, 28.89844
1148.617, 23.11536
1149.099, 14.28613
1149.581, 7.319458
1150.064, 7.203003
1150.546, 11.73193
1151.028, 19.19592
1151.510, 27.97681
1151.992, 34.90112
1152.474, 39.54785
1152.956, 40.62817
1153.438, 36.57410
1153.921, 29.98975
1154.403, 17.85632
1154.885, 7.320923
1155.367, 7.210571
1155.849, 14.48315
1156.331, 19.48450
1156.813, 20.10242
1157.295, 24.62976
1157.777, 43.68555
1158.260, 54.53638
1158.742, 45.93140
1159.224, 31.85632
1159.706, 16.46606
1160.188, 4.042480
1160.670, 2.979858
1161.152, 14.34717
1161.634, 26.10193
1162.116, 44.10669
1162.599, 51.41833
1163.081, 39.67163
1163.563, 26.84778
1164.045, 20.09875
1164.527, 19.71680
1165.009, 28.15271
1165.491, 43.33728
1165.973, 45.06519
1166.456, 29.40979
1166.938, 16.81812
1167.420, 7.382080
1167.902, 7.362671
1168.384, 20.66821
1168.866, 38.38501
1169.348, 53.23816
1169.830, 63.24829
1170.313, 60.02100
1170.795, 44.56482
1171.277, 34.01746
1171.759, 29.01733
1172.241, 30.35132
1172.723, 37.80396
1173.205, 37.76770
1173.687, 18.81860
1174.169, 1.131104
1174.651, 13.15796
1175.134, 45.89441
1175.616, 53.99207
1176.098, 44.46667
1176.580, 41.02271
1177.062, 46.37366
1177.544, 51.03699
1178.026, 50.58936
1178.508, 46.12537
1178.991, 35.36511
1179.473, 24.37732
1179.955, 20.49866
1180.437, 20.50793
1180.919, 20.90308
1181.401, 20.82898
1181.883, 18.06775
1182.365, 12.91785
1182.848, 13.26868
1183.330, 28.18115
1183.812, 43.24365
1184.294, 57.11169
1184.776, 62.21899
1185.258, 44.26184
1185.740, 18.65259
1186.222, 6.239014
1186.704, 9.020996
1187.187, 21.56274
1187.669, 59.03442
1188.151, 76.53186
1188.633, 47.13708
1189.115, 23.29236
1189.597, 31.90552
1190.079, 48.05139
1190.561, 50.78784
1191.043, 43.61511
1191.526, 35.86621
1192.008, 29.66748
1192.490, 28.77771
1192.972, 35.65662
1193.454, 40.19238
1193.936, 39.45850
1194.418, 38.69080
1194.900, 41.62927
1195.383, 45.16541
1195.865, 43.60205
1196.347, 37.70837
1196.829, 32.59619
1197.311, 28.41138
1197.793, 29.27380
1198.275, 35.52979
1198.757, 43.71509
1199.240, 52.44177
1199.722, 56.71924
1200.204, 49.66467
1200.686, 39.16418
1201.168, 40.99377
1201.650, 48.93066
1202.132, 48.63855
1202.614, 42.07581
1203.096, 37.49841
1203.578, 36.55017
1204.061, 36.04077
1204.543, 34.20203
1205.025, 32.41650
1205.507, 32.58008
1205.989, 32.49878
1206.471, 27.30273
1206.953, 22.49658
1207.435, 31.08411
1207.918, 46.33301
1208.400, 46.18176
1208.882, 23.12769
1209.364, 4.753052
1209.846, 5.333862
1210.328, 3.733765
1210.810, 27.93237
1211.292, 53.14014
1211.775, 41.15686
1212.257, 12.24536
1212.739, 4.281616
1213.221, 8.681030
1213.703, 0.9106450
1214.185, 27.69482
1214.667, 44.36829
1215.149, 45.65137
1215.631, 39.05457
1216.114, 24.04456
1216.596, 11.81128
1217.078, 13.03015
1217.560, 22.89392
1218.042, 30.25439
1218.524, 35.15088
1219.006, 37.37817
1219.488, 37.24048
1219.970, 38.73730
1220.453, 42.20996
1220.935, 41.62512
1221.417, 33.64380
1221.899, 26.23499
1222.381, 28.51270
1222.863, 36.78162
1223.345, 51.09973
1223.827, 63.75293
1224.310, 57.23901
1224.792, 35.83984
1225.274, 20.75793
1225.756, 17.82458
1226.238, 19.01257
1226.720, 25.12024
1227.202, 34.29565
1227.684, 35.47534
1228.167, 35.87927
1228.649, 43.94885
1229.131, 51.81482
1229.613, 48.07275
1230.095, 35.55591
1230.577, 26.58093
1231.059, 22.96423
1231.541, 20.80457
1232.023, 21.15747
1232.505, 21.03125
1232.988, 20.38806
1233.470, 18.06580
1233.952, 11.03223
1234.434, 3.847290
1234.916, 3.360962
1235.398, 8.537109
1235.880, 13.20959
1236.362, 17.54749
1236.845, 13.77844
1237.327, 0.2226560
1237.809, 3.9059999E-03
1238.291, 19.39563
1238.773, 20.13513
1239.255, 0.0000000E+00
##END=



