##NAMES=Wooldridgeite
##RRUFFID=R100005
##IDEAL CHEMISTRY=Na_2_CaCu^2+^_2_(P_2_O_7_)_2_&#183;10H_2_O
##LOCALITY=Judkins Quarry, Nuneaton, Warwickshire, England
##OWNER=RRUFF
##SOURCE=William Pinch
##DESCRIPTION=Pale green equant rhombic-dipyramidal crystals, co-type sample
##STATUS=The identification of this mineral has been confirmed by single-crystal X-ray diffraction.
##URL=rruff.info/R100005
104.6802, 0.0000000E+00
105.1624, 0.1149060
105.6445, 4.3890001E-03
106.1266, 8.1840999E-02
106.6087, 0.4093530
107.0908, 0.6552900
107.5729, 0.6856580
108.0551, 0.6991030
108.5372, 0.9929970
109.0193, 1.737118
109.5014, 2.405931
109.9835, 2.376011
110.4656, 2.133943
110.9478, 1.666244
111.4299, 1.543786
111.9120, 1.791903
112.3941, 1.942932
112.8762, 1.910068
113.3583, 1.774051
113.8405, 1.579755
114.3226, 1.317423
114.8047, 1.010201
115.2868, 0.6165440
115.7689, 7.1800000E-04
116.2510, 0.2862450
116.7332, 4.3770000E-03
117.2153, 0.4594050
117.6974, 0.7654370
118.1795, 0.8454660
118.6616, 0.8602590
119.1437, 1.205007
119.6259, 2.495190
120.1080, 3.349966
120.5901, 3.646115
121.0722, 3.511354
121.5543, 2.992059
122.0364, 2.059118
122.5186, 0.8801770
123.0007, 0.4340020
123.4828, 1.041766
123.9649, 1.832213
124.4470, 2.792615
124.9291, 3.763805
125.4113, 4.251133
125.8934, 3.735272
126.3755, 2.421685
126.8576, 1.544512
127.3397, 1.435519
127.8218, 1.586209
128.3040, 1.463089
128.7861, 0.9941610
129.2682, 0.6355910
129.7503, 0.9281680
130.2324, 1.553488
130.7145, 2.002128
131.1967, 2.149766
131.6788, 2.022892
132.1609, 1.681944
132.6430, 1.230099
133.1251, 0.9084280
133.6072, 0.8410000
134.0894, 0.9732900
134.5715, 1.178812
135.0536, 1.356776
135.5357, 1.498829
136.0178, 1.805114
136.4999, 2.406181
136.9821, 2.864408
137.4642, 2.887034
137.9463, 2.534802
138.4284, 2.132359
138.9105, 2.057138
139.3926, 2.486765
139.8748, 2.789954
140.3569, 2.922651
140.8390, 2.987775
141.3211, 3.137631
141.8032, 3.381754
142.2853, 3.496390
142.7675, 3.060644
143.2496, 1.468467
143.7317, 0.4792320
144.2138, 0.5284930
144.6959, 1.121764
145.1780, 1.712152
145.6602, 2.185306
146.1423, 2.363633
146.6244, 2.266478
147.1065, 1.772392
147.5886, 1.441259
148.0707, 1.548797
148.5529, 2.010664
149.0350, 2.581034
149.5171, 3.320330
149.9992, 3.941250
150.4813, 4.051953
150.9634, 3.532300
151.4456, 2.794514
151.9277, 2.057865
152.4098, 1.289475
152.8919, 0.8372430
153.3740, 1.130342
153.8561, 1.687722
154.3383, 2.191271
154.8204, 2.570577
155.3025, 2.800348
155.7846, 2.864212
156.2667, 2.838475
156.7488, 2.436771
157.2310, 0.8498530
157.7131, 0.8067900
158.1952, 1.216044
158.6773, 0.4030470
159.1594, 3.350942
159.6415, 4.960598
160.1237, 4.019540
160.6058, 3.064576
161.0879, 2.399639
161.5700, 1.972302
162.0521, 1.639203
162.5342, 1.308314
163.0164, 0.9802520
163.4985, 0.9240450
163.9806, 1.479826
164.4627, 1.939638
164.9448, 2.144361
165.4269, 2.093740
165.9091, 1.775120
166.3912, 1.096938
166.8733, 6.2508002E-02
167.3554, 0.3119460
167.8375, 0.4433840
168.3196, 1.380616
168.8018, 2.013433
169.2839, 2.345003
169.7660, 2.410773
170.2481, 2.162619
170.7302, 1.608533
171.2123, 1.165740
171.6945, 0.7633910
172.1766, 0.5293640
172.6587, 0.6674810
173.1408, 1.234212
173.6229, 1.867314
174.1050, 2.325070
174.5872, 2.648275
175.0693, 2.747838
175.5514, 2.342769
176.0335, 1.729452
176.5156, 1.598314
176.9977, 2.269138
177.4799, 2.846251
177.9620, 2.539902
178.4441, 1.645360
178.9262, 0.8841660
179.4083, 0.7767190
179.8904, 1.211044
180.3726, 1.443303
180.8547, 1.279893
181.3368, 1.120064
181.8189, 1.136285
182.3010, 1.309072
182.7831, 1.571851
183.2653, 1.992431
183.7474, 2.614620
184.2295, 2.734247
184.7116, 1.695366
185.1937, 0.6700160
185.6758, 6.7291997E-02
186.1580, 0.4470060
186.6401, 0.4379720
187.1222, 9.0940997E-02
187.6043, 1.372366
188.0864, 2.146503
188.5685, 2.035870
189.0507, 1.809196
189.5328, 1.870334
190.0149, 2.226145
190.4970, 2.606734
190.9791, 2.706852
191.4612, 2.463505
191.9434, 2.070477
192.4255, 1.022192
192.9076, 0.1932430
193.3897, 0.4389810
193.8718, 1.799520
194.3539, 3.331889
194.8361, 3.806161
195.3182, 2.593773
195.8003, 1.966631
196.2824, 2.428493
196.7645, 3.219688
197.2466, 3.647236
197.7288, 3.554059
198.2109, 3.167080
198.6930, 2.679281
199.1751, 2.034464
199.6572, 1.679223
200.1393, 1.928283
200.6215, 2.436253
201.1036, 2.735406
201.5857, 2.714743
202.0678, 2.492841
202.5499, 2.059726
203.0320, 1.424047
203.5142, 1.086219
203.9963, 1.443184
204.4784, 2.224885
204.9605, 2.860759
205.4426, 3.286479
205.9247, 3.328686
206.4069, 2.617452
206.8890, 1.273106
207.3711, 0.3130370
207.8532, 0.6470250
208.3353, 1.972965
208.8174, 2.721970
209.2996, 2.360834
209.7817, 1.731838
210.2638, 1.469494
210.7459, 1.528048
211.2280, 1.588243
211.7101, 1.257862
212.1923, 0.5594250
212.6744, 0.3930690
213.1565, 1.575085
213.6386, 2.605361
214.1207, 2.596079
214.6028, 1.676731
215.0850, 0.5872480
215.5671, 8.2020000E-02
216.0492, 0.2506110
216.5313, 0.2164230
217.0134, 8.8344999E-02
217.4955, 0.1869330
217.9777, 0.8374510
218.4598, 1.733418
218.9419, 2.439527
219.4240, 2.386543
219.9061, 1.308397
220.3882, 0.8277420
220.8704, 1.575581
221.3525, 2.344549
221.8346, 2.543561
222.3167, 2.211865
222.7988, 1.809317
223.2809, 1.888282
223.7631, 1.460567
224.2452, 1.176610
224.7273, 1.138146
225.2094, 0.3897120
225.6915, 0.6817000
226.1736, 0.1864080
226.6558, 1.438153
227.1379, 2.287871
227.6200, 2.647861
228.1021, 2.926524
228.5842, 3.390226
229.0663, 3.581008
229.5485, 2.935593
230.0306, 1.592641
230.5127, 0.3983220
230.9948, 0.2624370
231.4769, 1.461233
231.9590, 2.220258
232.4412, 2.361454
232.9233, 2.251616
233.4054, 2.051015
233.8875, 1.800189
234.3696, 1.550838
234.8517, 1.338844
235.3339, 1.168663
235.8160, 1.120399
236.2981, 1.229697
236.7802, 1.429712
237.2623, 1.697873
237.7444, 2.026138
238.2266, 2.387455
238.7087, 2.864156
239.1908, 3.396928
239.6729, 3.415724
240.1550, 2.257947
240.6371, 1.004624
241.1193, 0.6243680
241.6014, 1.160475
242.0835, 1.962339
242.5656, 2.695675
243.0477, 3.304207
243.5298, 3.616858
244.0120, 3.410354
244.4941, 3.036811
244.9762, 2.835595
245.4583, 2.791456
245.9404, 2.735272
246.4225, 2.444708
246.9047, 2.092158
247.3868, 2.072103
247.8689, 2.753291
248.3510, 3.526220
248.8331, 3.694650
249.3152, 3.208582
249.7974, 2.603015
250.2795, 2.032536
250.7616, 1.553011
251.2437, 1.276207
251.7258, 1.255945
252.2079, 1.392395
252.6901, 1.699298
253.1722, 2.239826
253.6543, 2.460527
254.1364, 1.727665
254.6185, 0.7789860
255.1006, 0.1718560
255.5828, 7.1514003E-02
256.0649, 4.5556001E-02
256.5470, 0.5202950
257.0291, 1.422934
257.5112, 2.244817
257.9933, 3.027852
258.4755, 3.571100
258.9576, 3.521904
259.4397, 2.764966
259.9218, 1.851215
260.4039, 1.500839
260.8860, 1.071874
261.3682, 0.6414732
261.8503, 0.7211560
262.3324, 0.4009270
262.8145, 0.3707380
263.2966, 0.9635490
263.7787, 2.545354
264.2609, 3.085849
264.7430, 2.356996
265.2251, 1.863185
265.7072, 2.132885
266.1893, 2.474847
266.6714, 2.544829
267.1536, 2.308755
267.6357, 1.936856
268.1178, 1.498277
268.5999, 0.9107410
269.0820, 0.7546960
269.5641, 1.513387
270.0463, 2.363270
270.5284, 3.150674
271.0105, 3.760589
271.4926, 3.955495
271.9747, 3.350338
272.4568, 1.800453
272.9390, 0.7038860
273.4211, 0.2449420
273.9032, 0.1164130
274.3853, 0.4274300
274.8674, 1.038356
275.3495, 1.588125
275.8317, 1.741735
276.3138, 1.488909
276.7959, 1.443453
277.2780, 2.016698
277.7601, 2.409769
278.2422, 2.264999
278.7244, 1.779009
279.2065, 1.352913
279.6886, 1.271698
280.1707, 1.501179
280.6528, 1.690763
281.1349, 1.912829
281.6171, 2.002575
282.0992, 1.780134
282.5813, 1.485751
283.0634, 1.389318
283.5455, 1.804138
284.0276, 2.608232
284.5098, 2.818972
284.9919, 1.630583
285.4740, 0.8067570
285.9561, 0.6450930
286.4382, 0.9293320
286.9203, 1.494259
287.4025, 2.264118
287.8846, 3.079116
288.3667, 3.493545
288.8488, 3.100690
289.3309, 2.858891
289.8130, 3.076214
290.2952, 3.335220
290.7773, 3.180813
291.2594, 2.483466
291.7415, 1.546613
292.2236, 0.9118950
292.7057, 0.6869630
293.1879, 0.6325530
293.6700, 0.9116270
294.1521, 1.231977
294.6342, 1.346720
295.1163, 1.223180
295.5984, 1.029864
296.0806, 0.9809580
296.5627, 1.093491
297.0448, 1.323846
297.5269, 1.731455
298.0090, 2.185571
298.4911, 2.728933
298.9733, 3.287846
299.4554, 3.617775
299.9375, 3.434288
300.4196, 2.624579
300.9017, 2.045413
301.3839, 1.655957
301.8660, 1.484428
302.3481, 1.665184
302.8302, 2.091506
303.3123, 2.512321
303.7944, 2.747402
304.2766, 2.798385
304.7587, 2.742945
305.2408, 2.480436
305.7229, 2.227530
306.2050, 1.931972
306.6871, 1.698461
307.1693, 1.748263
307.6514, 2.231060
308.1335, 3.006702
308.6156, 3.424606
309.0977, 3.275625
309.5798, 2.990897
310.0620, 2.620129
310.5441, 2.130224
311.0262, 1.321210
311.5083, 0.1186880
311.9904, 1.079660
312.4725, 1.368015
312.9547, 0.4780600
313.4368, 1.580587
313.9189, 1.595291
314.4010, 1.114106
314.8831, 0.4395780
315.3652, 0.2721430
315.8474, 0.7106880
316.3295, 0.3564560
316.8116, 1.374738
317.2937, 2.347719
317.7758, 2.108949
318.2579, 1.586226
318.7401, 1.284814
319.2222, 1.269077
319.7043, 1.384509
320.1864, 1.469886
320.6685, 1.564373
321.1506, 1.590212
321.6328, 1.363904
322.1149, 1.214212
322.5970, 1.343395
323.0791, 1.662366
323.5612, 1.925634
324.0433, 1.949614
324.5255, 1.771758
325.0076, 1.801037
325.4897, 2.224057
325.9718, 2.644013
326.4539, 3.187002
326.9360, 3.635927
327.4182, 3.615649
327.9003, 2.933750
328.3824, 1.875840
328.8645, 1.255866
329.3466, 1.662674
329.8287, 1.724639
330.3109, 0.8501700
330.7930, 9.4163001E-02
331.2751, 0.1217970
331.7572, 0.9758970
332.2393, 2.400634
332.7214, 2.854514
333.2036, 1.641695
333.6857, 1.059037
334.1678, 1.489272
334.6499, 2.125106
335.1320, 2.564381
335.6141, 2.731526
336.0963, 2.678914
336.5784, 2.421598
337.0605, 1.914405
337.5426, 1.590995
338.0247, 1.880331
338.5068, 1.916992
338.9890, 0.9336280
339.4711, 0.5289240
339.9532, 1.249781
340.4353, 0.3038950
340.9174, 1.938897
341.3995, 3.115124
341.8817, 1.766086
342.3638, 0.9154740
342.8459, 1.538497
343.3280, 2.733019
343.8101, 3.379108
344.2922, 3.000054
344.7744, 2.043392
345.2565, 1.476602
345.7386, 1.511273
346.2207, 1.544162
346.7028, 1.373868
347.1849, 1.285244
347.6671, 1.636287
348.1492, 2.416801
348.6313, 3.144329
349.1134, 3.163864
349.5955, 2.266355
350.0776, 1.583637
350.5598, 1.004805
351.0419, 0.7487660
351.5240, 1.148069
352.0061, 1.994066
352.4882, 2.747143
352.9703, 2.990003
353.4525, 2.762820
353.9346, 2.445619
354.4167, 1.906276
354.8988, 1.456741
355.3809, 1.065434
355.8630, 0.8417250
356.3452, 1.026872
356.8273, 1.807085
357.3094, 2.785588
357.7915, 2.952383
358.2736, 1.791179
358.7557, 1.169601
359.2379, 2.153326
359.7200, 3.409592
360.2021, 3.841689
360.6842, 3.231958
361.1663, 2.339149
361.6484, 2.042773
362.1306, 2.409254
362.6127, 2.591425
363.0948, 2.399783
363.5769, 2.082506
364.0590, 1.621733
364.5411, 1.115306
365.0233, 0.8892350
365.5054, 1.386973
365.9875, 2.386007
366.4696, 2.864115
366.9517, 2.569839
367.4338, 2.241088
367.9160, 2.321327
368.3981, 2.656506
368.8802, 2.882489
369.3623, 2.829992
369.8444, 2.571244
370.3265, 2.177236
370.8087, 1.706431
371.2908, 1.561429
371.7729, 2.266269
372.2550, 3.171832
372.7371, 3.542863
373.2192, 3.224410
373.7014, 2.802197
374.1835, 2.835963
374.6656, 3.213522
375.1477, 3.331205
375.6298, 2.926858
376.1119, 2.492834
376.5941, 2.671229
377.0762, 3.327793
377.5583, 3.661466
378.0404, 3.144874
378.5225, 2.230633
379.0046, 1.417959
379.4868, 0.6974390
379.9689, 0.5524100
380.4510, 1.772742
380.9331, 3.801180
381.4152, 4.885404
381.8973, 4.341678
382.3795, 3.441986
382.8616, 2.944494
383.3437, 2.775698
383.8258, 2.620893
384.3079, 2.317770
384.7900, 2.015500
385.2722, 2.064963
385.7543, 2.555064
386.2364, 2.976835
386.7185, 3.075803
387.2006, 3.096265
387.6827, 3.424701
388.1649, 4.124646
388.6470, 4.711268
389.1291, 4.729918
389.6112, 4.126295
390.0933, 3.361984
390.5754, 1.998349
391.0576, 0.8586800
391.5397, 0.5472820
392.0218, 0.9222250
392.5039, 1.476642
392.9860, 1.950164
393.4681, 2.302732
393.9503, 2.314483
394.4324, 1.498607
394.9145, 0.9740990
395.3966, 1.088895
395.8787, 1.504129
396.3608, 1.922716
396.8430, 2.229618
397.3251, 2.240022
397.8072, 1.648551
398.2893, 9.1962002E-02
398.7714, 0.7022220
399.2535, 0.3719910
399.7357, 0.2431840
400.2178, 0.7535610
400.6999, 1.122674
401.1820, 1.485177
401.6641, 1.994216
402.1462, 2.598438
402.6284, 2.656956
403.1105, 1.479767
403.5926, 0.5558830
404.0747, 0.1561000
404.5568, 0.1399360
405.0389, 0.4265090
405.5211, 0.9798770
406.0032, 1.560707
406.4853, 1.703796
406.9674, 1.233701
407.4495, 0.8658040
407.9316, 0.6881290
408.4138, 0.6157710
408.8959, 0.6153450
409.3780, 0.6825490
409.8601, 0.8270190
410.3422, 1.100237
410.8243, 1.476215
411.3065, 1.717742
411.7886, 1.666351
412.2707, 1.758323
412.7528, 2.462948
413.2349, 3.338806
413.7170, 3.702589
414.1992, 3.199639
414.6813, 2.368638
415.1634, 1.929072
415.6455, 1.902056
416.1276, 1.846685
416.6097, 1.545436
417.0919, 1.249249
417.5740, 1.229817
418.0561, 1.495871
418.5382, 1.802426
419.0203, 2.081181
419.5024, 2.296781
419.9846, 2.384029
420.4667, 2.344187
420.9488, 2.126348
421.4309, 1.515859
421.9130, 0.6752110
422.3951, 0.1943500
422.8773, 0.4263950
423.3594, 0.7966050
423.8415, 1.004300
424.3236, 1.036086
424.8057, 1.149726
425.2878, 7.6774001E-02
425.7700, 0.9864760
426.2521, 0.9116860
426.7342, 0.5507300
427.2163, 1.670636
427.6984, 2.112198
428.1805, 2.102128
428.6627, 1.657818
429.1448, 0.8669420
429.6269, 0.2964930
430.1090, 0.5494630
430.5911, 1.697120
431.0732, 2.236674
431.5554, 1.864780
432.0375, 1.354294
432.5196, 0.7356340
433.0017, 0.2043810
433.4838, 0.1249740
433.9659, 0.6727260
434.4481, 1.523928
434.9302, 1.943308
435.4123, 1.520597
435.8944, 1.408707
436.3765, 2.142464
436.8586, 2.749311
437.3408, 2.331891
437.8229, 1.050154
438.3050, 7.8455999E-02
438.7871, 8.7206997E-02
439.2692, 0.9441460
439.7513, 1.589185
440.2335, 1.599894
440.7156, 1.560012
441.1977, 1.701483
441.6798, 1.876702
442.1619, 1.924341
442.6440, 1.782768
443.1262, 1.449926
443.6083, 0.9359810
444.0904, 0.8917781
444.5725, 0.2875730
445.0546, 0.5325830
445.5367, 0.5272970
446.0189, 0.1826830
446.5010, 0.4296560
446.9831, 0.4266949
447.4652, 0.5263256
447.9473, 0.8408450
448.4294, 0.9768340
448.9116, 1.444243
449.3937, 1.862712
449.8758, 1.987972
450.3579, 1.923058
450.8400, 1.897212
451.3221, 1.881392
451.8043, 1.986298
452.2864, 2.463475
452.7685, 3.042838
453.2506, 3.204510
453.7327, 2.768646
454.2148, 2.214404
454.6970, 2.156388
455.1791, 2.722216
455.6612, 2.892620
456.1433, 2.135341
456.6254, 1.400805
457.1075, 1.564714
457.5897, 2.340194
458.0718, 2.853882
458.5539, 2.626188
459.0360, 1.875521
459.5181, 1.276667
460.0002, 0.6422610
460.4824, 0.4505710
460.9645, 1.274865
461.4466, 2.153606
461.9287, 2.089791
462.4108, 1.119539
462.8929, 0.2437060
463.3751, 0.5421250
463.8572, 2.027937
464.3393, 2.916957
464.8214, 2.811369
465.3035, 2.552877
465.7856, 2.258448
466.2678, 1.987689
466.7499, 1.821357
467.2320, 1.796425
467.7141, 1.805906
468.1962, 1.629764
468.6783, 1.226746
469.1605, 1.099532
469.6426, 1.476921
470.1247, 2.002236
470.6068, 2.619061
471.0889, 3.213285
471.5710, 3.350540
472.0532, 2.371177
472.5353, 1.011413
473.0174, 0.5005620
473.4995, 0.8678540
473.9816, 1.386662
474.4637, 1.818735
474.9459, 2.117023
475.4280, 2.206726
475.9101, 2.040684
476.3922, 1.824475
476.8743, 1.667810
477.3564, 1.495063
477.8386, 1.119615
478.3207, 0.5192500
478.8028, 2.5629001E-02
479.2849, 2.6643001E-02
479.7670, 0.3672160
480.2491, 0.6209560
480.7313, 0.5993630
481.2134, 0.6123410
481.6955, 0.8630470
482.1776, 1.188823
482.6597, 1.258149
483.1418, 0.9583560
483.6240, 0.5651530
484.1061, 0.7593040
484.5882, 2.010033
485.0703, 2.650315
485.5524, 2.245267
486.0345, 1.702006
486.5167, 1.376070
486.9988, 1.246446
487.4809, 1.143366
487.9630, 0.9320780
488.4451, 0.7555900
488.9272, 1.104115
489.4094, 2.286223
489.8915, 3.035656
490.3736, 2.515247
490.8557, 1.763470
491.3378, 1.609642
491.8199, 2.092960
492.3021, 2.475684
492.7842, 2.061187
493.2663, 1.260066
493.7484, 0.9753220
494.2305, 1.375512
494.7126, 1.833931
495.1948, 2.036074
495.6769, 2.003181
496.1590, 1.788898
496.6411, 1.193612
497.1232, 0.8135240
497.6053, 1.279560
498.0875, 2.049924
498.5696, 2.019218
499.0517, 0.9341520
499.5338, 0.2846100
500.0159, 0.6763990
500.4980, 0.1700320
500.9802, 0.5436120
501.4623, 2.088426
501.9444, 3.147866
502.4265, 2.873159
502.9086, 1.841586
503.3907, 0.9492830
503.8729, 0.5765590
504.3550, 0.6118520
504.8371, 0.9246920
505.3192, 1.715737
505.8013, 2.231573
506.2834, 2.308970
506.7656, 2.270718
507.2477, 2.339610
507.7298, 2.399338
508.2119, 2.096389
508.6940, 1.086722
509.1761, 0.1201240
509.6583, 0.4650870
510.1404, 0.1482140
510.6225, 1.125718
511.1046, 2.866259
511.5867, 4.405260
512.0688, 4.957994
512.5510, 4.529622
513.0331, 3.659712
513.5152, 2.112312
513.9973, 0.5004950
514.4794, 0.2460450
514.9615, 9.9706002E-02
515.4437, 0.5397920
515.9258, 1.713396
516.4079, 3.039937
516.8900, 3.269029
517.3721, 1.758271
517.8542, 0.6545920
518.3364, 0.8122840
518.8185, 1.371652
519.3006, 1.394862
519.7827, 0.8165640
520.2648, 0.2016300
520.7469, 2.7061000E-02
521.2291, 0.2712550
521.7112, 0.6321260
522.1933, 1.449048
522.6754, 1.959091
523.1575, 1.787177
523.6396, 1.416479
524.1218, 1.380249
524.6039, 1.768228
525.0860, 2.193599
525.5681, 2.222970
526.0502, 1.864396
526.5323, 1.509122
527.0145, 0.9957680
527.4966, 0.7809410
527.9787, 1.310426
528.4608, 2.189100
528.9429, 2.913827
529.4250, 3.417451
529.9072, 3.473496
530.3893, 2.464183
530.8714, 0.8398620
531.3535, 0.2654910
531.8356, 1.252286
532.3177, 2.445124
532.7999, 2.518985
533.2820, 1.523291
533.7641, 0.9612570
534.2462, 1.284825
534.7283, 1.596096
535.2104, 1.431393
535.6926, 0.9877370
536.1747, 0.5560560
536.6568, 0.2417290
537.1389, 0.1253820
537.6210, 0.3668060
538.1031, 1.082340
538.5853, 1.620240
539.0674, 1.836678
539.5495, 2.038935
540.0316, 2.555715
540.5137, 3.068411
540.9958, 2.938215
541.4780, 1.862948
541.9601, 0.5847470
542.4422, 0.3861810
542.9243, 1.378051
543.4064, 1.853126
543.8885, 1.187642
544.3707, 0.5017840
544.8528, 0.7674520
545.3349, 1.608872
545.8170, 2.016615
546.2991, 1.425422
546.7813, 0.5604180
547.2634, 9.6536003E-02
547.7455, 0.4876010
548.2276, 0.2086080
548.7097, 1.048022
549.1918, 0.6561517
549.6740, 2.240070
550.1561, 0.3499460
550.6382, 0.5270430
551.1203, 0.6749330
551.6024, 1.856012
552.0845, 1.657759
552.5667, 0.6620800
553.0488, 0.1588120
553.5309, 0.7073650
554.0130, 1.744552
554.4951, 2.052068
554.9772, 1.147447
555.4594, 0.8259280
555.9415, 1.921080
556.4236, 2.800885
556.9057, 2.534830
557.3878, 1.605223
557.8699, 1.107401
558.3521, 1.716071
558.8342, 2.581707
559.3163, 2.358780
559.7984, 1.101158
560.2805, 0.3278650
560.7626, 0.4717410
561.2448, 0.9967020
561.7269, 1.570700
562.2090, 2.143009
562.6911, 2.407151
563.1732, 1.905693
563.6553, 1.459481
564.1375, 1.769001
564.6196, 2.544250
565.1017, 3.086402
565.5838, 3.151299
566.0659, 2.926713
566.5480, 2.684860
567.0302, 2.473545
567.5123, 1.955174
567.9944, 0.5231790
568.4765, 0.4466640
568.9586, 8.2769997E-02
569.4407, 0.9748380
569.9229, 1.710024
570.4050, 1.733617
570.8871, 1.506242
571.3692, 1.755266
571.8513, 2.516773
572.3334, 2.885686
572.8156, 2.574430
573.2977, 2.262550
573.7798, 2.416487
574.2619, 2.868121
574.7440, 3.206765
575.2261, 3.316745
575.7083, 3.270066
576.1904, 3.115262
576.6725, 2.821794
577.1546, 2.123818
577.6367, 0.9158660
578.1188, 6.8896003E-02
578.6010, 0.6141720
579.0831, 2.541718
579.5652, 3.325308
580.0473, 2.023248
580.5294, 0.8895360
581.0115, 0.4696290
581.4937, 0.5688950
581.9758, 1.146502
582.4579, 2.085393
582.9400, 2.879565
583.4221, 2.967280
583.9042, 2.374760
584.3864, 1.731254
584.8685, 0.9143050
585.3506, 0.2582660
585.8327, 0.2006170
586.3148, -6.5785415E-02
586.7969, 0.2628630
587.2791, 0.2773300
587.7612, 0.9149670
588.2433, 1.621840
588.7254, 2.244032
589.2075, 2.415955
589.6896, 2.110394
590.1718, 1.677568
590.6539, 1.234236
591.1360, 0.8759070
591.6181, 0.9422450
592.1002, 1.773332
592.5823, 2.296302
593.0645, 2.002440
593.5466, 1.631726
594.0287, 1.931730
594.5108, 2.750437
594.9929, 3.353274
595.4750, 3.245211
595.9572, 2.641545
596.4393, 2.143400
596.9214, 1.697385
597.4035, 1.501277
597.8856, 2.041969
598.3677, 2.452682
598.8499, 1.968337
599.3320, 0.8796560
599.8141, 0.2786390
600.2962, 0.9879090
600.7783, 2.055920
601.2604, 2.235335
601.7426, 1.677465
602.2247, 1.310781
602.7068, 1.462469
603.1889, 1.708596
603.6710, 1.465682
604.1531, 0.6300780
604.6353, 0.3186250
605.1174, 0.9982520
605.5995, 1.647439
606.0816, 1.923707
606.5637, 1.923165
607.0458, 1.753547
607.5280, 1.471346
608.0101, 1.157329
608.4922, 0.8542180
608.9743, 0.6325060
609.4564, 0.5723180
609.9385, 0.9154800
610.4207, 1.019212
610.9028, 0.2055290
611.3849, 0.7327580
611.8670, 0.7697530
612.3491, 0.3299980
612.8312, 1.479886
613.3134, 2.064919
613.7955, 2.190594
614.2776, 1.902292
614.7597, 1.228479
615.2418, 0.6651880
615.7239, 0.4868050
616.2061, 0.6282920
616.6882, 0.9371930
617.1703, 1.678321
617.6524, 2.084964
618.1345, 1.976419
618.6166, 1.652365
619.0988, 1.121289
619.5809, 0.5535310
620.0630, 0.3228710
620.5451, 0.6590300
621.0272, 1.279523
621.5093, 1.650097
621.9915, 1.760421
622.4736, 1.654647
622.9557, 1.043122
623.4378, 0.6071570
623.9199, 1.036016
624.4020, 1.967810
624.8842, 2.469283
625.3663, 2.096014
625.8484, 1.598420
626.3305, 1.458154
626.8126, 1.594709
627.2947, 1.766306
627.7769, 1.914355
628.2590, 1.963503
628.7411, 1.802085
629.2232, 1.469765
629.7053, 1.460449
630.1874, 1.326266
630.6696, 0.9875559
631.1517, 1.268732
631.6338, 0.6368850
632.1159, 0.6348600
632.5980, 1.101282
633.0801, 0.6479629
633.5623, 2.262846
634.0444, 0.9430440
634.5265, 0.8859910
635.0086, 2.215865
635.4907, 2.978195
635.9728, 2.397455
636.4550, 1.313055
636.9371, 0.6014180
637.4192, 0.2327600
637.9013, 0.1846650
638.3834, 0.9126130
638.8655, 1.491330
639.3477, 1.077434
639.8298, 0.2199810
640.3119, 8.7500000E-03
640.7940, 0.6754720
641.2761, 1.624150
641.7582, 2.105358
642.2404, 2.111758
642.7225, 1.989407
643.2046, 1.562075
643.6867, 1.272090
644.1688, 1.413252
644.6509, 1.632991
645.1331, 1.567613
645.6152, 1.172401
646.0973, 0.9161510
646.5794, 1.154692
647.0615, 1.705675
647.5436, 2.393808
648.0258, 3.137300
648.5079, 3.315853
648.9900, 2.510925
649.4721, 1.450555
649.9542, 1.318213
650.4363, 2.523020
650.9185, 3.165287
651.4006, 2.944713
651.8827, 2.527017
652.3648, 1.871587
652.8469, 1.318140
653.3290, 1.532333
653.8112, 2.658556
654.2933, 3.730115
654.7754, 3.357234
655.2575, 1.776391
655.7396, 1.209243
656.2217, 2.050112
656.7039, 2.601665
657.1860, 1.584657
657.6681, 0.1060230
658.1502, 0.1822810
658.6323, 2.206213
659.1144, 3.608569
659.5966, 3.211533
660.0787, 2.257501
660.5608, 1.578704
661.0429, 1.244093
661.5250, 1.257742
662.0071, 1.625220
662.4893, 2.110905
662.9714, 2.315561
663.4535, 2.182795
663.9356, 2.061855
664.4177, 1.872921
664.8998, 1.806628
665.3820, 2.085331
665.8641, 2.449030
666.3462, 2.497382
666.8283, 2.114977
667.3104, 1.816211
667.7925, 2.095176
668.2747, 2.597847
668.7568, 2.774719
669.2389, 2.555344
669.7210, 2.095335
670.2031, 1.442113
670.6852, 0.7576770
671.1674, 0.4851880
671.6495, 0.8186130
672.1316, 1.056738
672.6137, 0.9712170
673.0958, 1.041935
673.5779, 1.716860
674.0601, 2.601803
674.5422, 3.067563
675.0243, 2.852233
675.5064, 2.406333
675.9885, 2.139571
676.4706, 2.022696
676.9528, 1.797251
677.4349, 1.438833
677.9170, 1.174496
678.3991, 1.119836
678.8812, 1.228169
679.3633, 1.458922
679.8455, 1.943909
680.3276, 2.102846
680.8097, 1.583328
681.2918, 1.004951
681.7739, 0.7263370
682.2560, 0.6760490
682.7382, 0.6854320
683.2203, 0.6859940
683.7024, 0.6870860
684.1845, 0.6958070
684.6666, 0.7126620
685.1487, 0.7861330
685.6309, 0.9872960
686.1130, 1.039969
686.5951, 0.6039100
687.0772, 6.6108003E-02
687.5593, 4.8726998E-02
688.0414, 0.6468260
688.5236, 1.225254
689.0057, 1.740925
689.4878, 2.008687
689.9699, 1.872297
690.4520, 1.470902
690.9341, 0.9421000
691.4163, 0.3643920
691.8984, 7.5910002E-02
692.3805, 9.6354999E-02
692.8626, 0.3248530
693.3447, 0.8696270
693.8268, 1.813112
694.3090, 2.390274
694.7911, 2.047546
695.2732, 1.364275
695.7553, 0.7502550
696.2374, 0.2461590
696.7195, 0.3538520
697.2017, 2.185006
697.6838, 4.046073
698.1659, 3.877934
698.6480, 2.232271
699.1301, 0.9622590
699.6122, 0.7397220
700.0944, 0.9309910
700.5765, 0.6880730
701.0586, 3.6747999E-02
701.5407, 0.3533590
702.0228, 7.3472999E-02
702.5049, 0.4227710
702.9871, 0.5518970
703.4692, 0.4872160
703.9513, 0.7580561
704.4334, 0.4708880
704.9155, 0.8852080
705.3976, 0.9700000
705.8798, 0.6855950
706.3619, 0.3357040
706.8440, 1.807111
707.3261, 2.681674
707.8082, 2.643017
708.2903, 2.148681
708.7725, 1.640042
709.2546, 1.120012
709.7367, 0.8541410
710.2188, 0.9762760
710.7009, 1.179653
711.1830, 1.521540
711.6652, 1.849159
712.1473, 2.079209
712.6294, 2.187370
713.1115, 2.118624
713.5936, 1.724804
714.0757, 1.302541
714.5579, 1.312629
715.0400, 1.614544
715.5221, 1.645788
716.0042, 1.265064
716.4863, 0.8927780
716.9684, 0.9096440
717.4506, 1.248745
717.9327, 1.446293
718.4148, 1.509081
718.8969, 1.404422
719.3790, 0.8273460
719.8611, 0.3553210
720.3433, 0.4979810
720.8254, 1.073761
721.3075, 1.812391
721.7896, 2.991481
722.2717, 3.825418
722.7538, 2.955416
723.2360, 1.018267
723.7181, 0.1408970
724.2002, 0.6276650
724.6823, 1.501792
725.1644, 2.219867
725.6465, 2.777150
726.1287, 3.158574
726.6108, 3.325285
727.0929, 3.379088
727.5750, 3.390908
728.0571, 3.225265
728.5392, 2.617445
729.0214, 1.848186
729.5035, 1.457949
729.9856, 1.632628
730.4677, 1.768240
730.9498, 1.065867
731.4319, 2.7482999E-02
731.9141, 0.3208480
732.3962, 0.2070530
732.8783, 0.5765260
733.3604, 0.2635330
733.8425, 0.2180150
734.3246, 3.4269001E-02
734.8068, 1.290694
735.2889, 2.081242
735.7710, 2.199674
736.2531, 2.145192
736.7352, 1.791184
737.2173, 1.496012
737.6995, 1.787971
738.1816, 2.665987
738.6637, 3.399460
739.1458, 3.322810
739.6279, 2.898281
740.1100, 2.878942
740.5922, 3.200712
741.0743, 3.580158
741.5564, 3.974151
742.0385, 4.076043
742.5206, 3.465549
743.0027, 2.194672
743.4849, 1.490150
743.9670, 1.799144
744.4491, 2.077875
744.9312, 2.154191
745.4133, 2.232097
745.8954, 2.481685
746.3776, 2.867493
746.8597, 3.277492
747.3418, 3.760168
747.8239, 4.016176
748.3060, 3.482737
748.7881, 2.520364
749.2703, 2.068714
749.7524, 2.237761
750.2345, 2.646457
750.7166, 3.122961
751.1987, 3.520595
751.6808, 3.409263
752.1630, 2.359211
752.6451, 1.792977
753.1272, 2.076557
753.6093, 2.448819
754.0914, 2.716209
754.5735, 2.860698
755.0557, 2.797422
755.5378, 2.490250
756.0199, 2.361261
756.5020, 2.881850
756.9841, 3.598064
757.4662, 3.969629
757.9484, 4.001590
758.4305, 3.755263
758.9126, 3.242060
759.3947, 2.729656
759.8768, 2.648448
760.3589, 2.979000
760.8411, 3.147052
761.3232, 3.119476
761.8053, 2.988463
762.2874, 2.611205
762.7695, 2.216986
763.2516, 2.080144
763.7338, 2.156241
764.2159, 2.070800
764.6980, 1.225232
765.1801, 0.6705200
765.6622, 1.586787
766.1443, 3.018770
766.6265, 3.430845
767.1086, 2.724446
767.5907, 1.807263
768.0728, 1.267688
768.5549, 1.043359
769.0370, 0.9770530
769.5192, 1.054321
770.0013, 1.451984
770.4834, 2.563473
770.9655, 3.329294
771.4476, 2.701286
771.9297, 1.492568
772.4119, 1.205843
772.8940, 2.223627
773.3761, 2.834929
773.8582, 2.129612
774.3403, 1.290067
774.8224, 1.208780
775.3046, 1.604515
775.7867, 2.027422
776.2688, 2.274646
776.7509, 1.980029
777.2330, 0.2888740
777.7151, 2.138153
778.1973, 2.272737
778.6794, 0.1533690
779.1615, 1.867306
779.6436, 1.720071
780.1257, 1.040923
780.6078, 1.238159
781.0900, 2.252485
781.5721, 2.691321
782.0542, 1.942756
782.5363, 1.493466
783.0184, 1.931739
783.5005, 2.488068
783.9827, 2.534595
784.4648, 2.160246
784.9469, 1.743333
785.4290, 1.415623
785.9111, 1.299335
786.3932, 1.798452
786.8754, 2.581751
787.3575, 2.595462
787.8396, 1.785594
788.3217, 0.9846440
788.8038, 0.5958670
789.2859, 0.5263100
789.7681, 0.6702260
790.2502, 1.198759
790.7323, 1.441368
791.2144, 1.091746
791.6965, 0.9059680
792.1786, 1.321245
792.6608, 1.864780
793.1429, 2.120753
793.6250, 2.053720
794.1071, 1.787152
794.5892, 0.9534330
795.0714, 0.3781790
795.5535, 1.204092
796.0356, 2.592756
796.5177, 2.891410
796.9998, 1.952548
797.4819, 0.8640670
797.9641, 0.3581600
798.4462, 0.3718130
798.9283, 0.8877020
799.4104, 2.051778
799.8925, 2.657023
800.3746, 2.362094
800.8568, 1.988515
801.3389, 2.035294
801.8210, 2.273560
802.3031, 2.253523
802.7852, 1.916544
803.2673, 1.588872
803.7495, 1.186621
804.2316, 0.9617990
804.7137, 1.246799
805.1958, 1.738184
805.6779, 1.918702
806.1600, 1.686372
806.6422, 1.449565
807.1243, 1.797198
807.6064, 1.431035
808.0885, 2.103817
808.5706, 1.237870
809.0527, 0.7251630
809.5349, 0.7981790
810.0170, 1.084992
810.4991, 1.353594
810.9812, 1.560784
811.4633, 1.489809
811.9454, 0.5224580
812.4276, 0.4304140
812.9097, 2.330975
813.3918, 3.885183
813.8739, 3.910545
814.3560, 2.999595
814.8381, 1.918770
815.3203, 0.7893960
815.8024, 0.1203750
816.2845, 0.4045110
816.7666, 1.085510
817.2487, 1.776834
817.7308, 2.386487
818.2130, 2.771394
818.6951, 2.891098
819.1772, 2.742396
819.6593, 2.258756
820.1414, 1.585740
820.6235, 1.307790
821.1057, 1.488098
821.5878, 1.576877
822.0699, 1.395586
822.5520, 1.300996
823.0341, 1.622395
823.5162, 2.223048
823.9984, 2.706394
824.4805, 3.248819
824.9626, 3.271693
825.4447, 2.031748
825.9268, 0.9662850
826.4089, 1.098044
826.8911, 1.814175
827.3732, 2.104730
827.8553, 1.759343
828.3374, 1.398676
828.8195, 1.602558
829.3016, 1.998051
829.7838, 2.001733
830.2659, 1.708080
830.7480, 1.398863
831.2301, 1.147637
831.7122, 1.076964
832.1943, 1.316465
832.6765, 1.766716
833.1586, 2.055849
833.6407, 2.152343
834.1228, 2.189552
834.6049, 2.184158
835.0870, 2.109660
835.5692, 1.798210
836.0513, 1.408687
836.5334, 1.076344
837.0155, 0.6016040
837.4976, 0.4165130
837.9797, 0.8515270
838.4619, 1.380319
838.9440, 1.690573
839.4261, 1.865328
839.9082, 2.052686
840.3903, 2.250118
840.8724, 2.291529
841.3546, 1.910004
841.8367, 1.417716
842.3188, 1.593453
842.8009, 2.240094
843.2830, 2.354172
843.7651, 1.783429
844.2473, 1.234916
844.7294, 1.157545
845.2115, 1.355170
845.6936, 1.415693
846.1757, 1.361506
846.6578, 1.044778
847.1400, 7.0661999E-02
847.6221, 0.6494810
848.1042, 0.3188860
848.5863, 1.617576
849.0684, 1.962061
849.5505, 1.385734
850.0327, 0.9987590
850.5148, 1.227594
850.9969, 1.549850
851.4790, 1.704509
851.9611, 1.830431
852.4432, 2.232875
852.9254, 2.766735
853.4075, 2.858581
853.8896, 2.185377
854.3717, 1.346076
854.8538, 1.006260
855.3359, 1.123395
855.8181, 1.734524
856.3002, 2.801897
856.7823, 3.361049
857.2644, 2.960884
857.7465, 2.310333
858.2286, 2.362064
858.7108, 3.084423
859.1929, 3.134334
859.6750, 2.038817
860.1571, 1.201825
860.6392, 1.091778
861.1213, 1.065538
861.6035, 0.7039840
862.0856, 0.8320097
862.5677, 0.4262100
863.0498, 1.141744
863.5319, 1.205580
864.0140, 1.804594
864.4962, 2.023572
864.9783, 2.508521
865.4604, 2.229018
865.9425, 1.953784
866.4246, 1.879274
866.9067, 1.890945
867.3889, 1.845023
867.8710, 1.906429
868.3531, 2.562523
868.8352, 3.600588
869.3173, 3.962877
869.7994, 3.462482
870.2816, 2.795170
870.7637, 2.408350
871.2458, 2.268651
871.7279, 2.334518
872.2100, 2.696885
872.6921, 2.898426
873.1743, 2.979727
873.6564, 2.811432
874.1385, 1.978278
874.6206, 1.138138
875.1027, 1.258438
875.5848, 2.278927
876.0670, 2.771368
876.5491, 1.981046
877.0312, 1.374206
877.5133, 1.799109
877.9954, 2.290311
878.4775, 1.752262
878.9597, 0.5714130
879.4418, 6.3734002E-02
879.9239, 0.3399240
880.4060, 1.042262
880.8881, 1.589213
881.3702, 1.916463
881.8524, 1.667429
882.3345, 1.048914
882.8166, 0.7984210
883.2987, 1.132481
883.7808, 1.706428
884.2629, 2.246310
884.7451, 2.687295
885.2272, 2.688538
885.7093, 2.172776
886.1914, 1.902165
886.6735, 2.058824
887.1556, 2.248226
887.6378, 2.275517
888.1199, 2.145767
888.6020, 1.826943
889.0841, 1.181223
889.5662, 0.8463410
890.0483, 0.8814850
890.5305, 1.144417
891.0126, 1.838027
891.4947, 2.560367
891.9768, 2.987224
892.4589, 3.100578
892.9410, 2.995426
893.4232, 2.671010
893.9053, 2.206110
894.3874, 1.502979
894.8695, 0.7895270
895.3516, 0.1751970
895.8337, 0.2086250
896.3159, 0.1126080
896.7980, 1.235403
897.2801, 2.100923
897.7622, 1.240620
898.2443, 0.4533150
898.7264, 0.5382820
899.2086, 0.7789030
899.6907, 1.990924
900.1728, 2.789691
900.6549, 3.098665
901.1370, 2.790098
901.6191, 2.111436
902.1013, 1.741685
902.5834, 1.745139
903.0655, 1.828047
903.5476, 2.194119
904.0297, 2.302679
904.5118, 1.961297
904.9940, 1.433737
905.4761, 0.9131950
905.9582, 0.4834000
906.4403, 0.3698960
906.9224, 0.9592390
907.4045, 1.360938
907.8867, 1.172681
908.3688, 0.9236200
908.8509, 1.107613
909.3330, 1.501672
909.8151, 1.569828
910.2972, 1.146506
910.7794, 0.6696580
911.2615, 0.2120230
911.7436, 8.5469997E-03
912.2257, 0.5781500
912.7078, 1.499918
913.1899, 1.876790
913.6721, 1.612957
914.1542, 1.331574
914.6363, 1.479839
915.1184, 1.282442
915.6005, 1.178469
916.0826, 1.256573
916.5648, 1.060413
917.0469, 1.122372
917.5290, 1.342418
918.0111, 1.714236
918.4932, 2.032072
918.9753, 1.961930
919.4575, 1.558735
919.9396, 1.887880
920.4217, 3.511714
920.9038, 4.189318
921.3859, 3.224761
921.8680, 1.949985
922.3502, 0.8559720
922.8323, 9.7239995E-03
923.3144, 0.4600110
923.7965, 0.5292710
924.2786, 0.3297530
924.7607, 0.4591030
925.2429, 1.107702
925.7250, 1.355422
926.2071, 1.343953
926.6892, 1.001589
927.1713, 0.4859200
927.6534, 0.4721160
928.1356, 1.496599
928.6177, 2.480048
929.0998, 2.683639
929.5819, 2.541976
930.0640, 2.424844
930.5461, 2.378152
931.0283, 2.515790
931.5104, 2.780699
931.9925, 2.815224
932.4746, 2.226786
932.9567, 1.427876
933.4388, 1.139982
933.9210, 1.297174
934.4031, 1.774340
934.8852, 2.513434
935.3673, 3.054504
935.8494, 3.141265
936.3315, 2.956300
936.8137, 2.835787
937.2958, 2.750567
937.7779, 2.098170
938.2600, 0.6190410
938.7421, 0.1148180
939.2242, 0.5336590
939.7064, 1.479119
940.1885, 1.864333
940.6706, 1.806284
941.1527, 1.673530
941.6348, 1.339642
942.1169, 1.224220
942.5991, 1.650721
943.0812, 1.922575
943.5633, 1.679906
944.0454, 1.237853
944.5275, 0.9162780
945.0096, 0.7455090
945.4918, 0.6439490
945.9739, 0.6465100
946.4560, 0.6405410
946.9381, 0.5459930
947.4202, 0.4727510
947.9023, 0.5524420
948.3845, 0.6957650
948.8666, 0.6689760
949.3487, 0.4420790
949.8308, 0.4007240
950.3129, 1.048921
950.7950, 1.736841
951.2772, 1.741786
951.7593, 1.418908
952.2414, 1.325335
952.7235, 1.493676
953.2056, 1.716587
953.6877, 1.879804
954.1699, 1.991884
954.6520, 1.936403
955.1341, 1.810247
955.6162, 2.020908
956.0983, 2.435396
956.5804, 2.277934
957.0626, 1.416914
957.5447, 0.7963650
958.0268, 1.195917
958.5089, 2.178142
958.9910, 2.844158
959.4731, 3.222113
959.9553, 2.506604
960.4374, 0.2442240
960.9195, 0.9603880
961.4016, 0.1635720
961.8837, 1.880368
962.3658, 2.355754
962.8480, 1.780958
963.3301, 1.552957
963.8122, 1.854737
964.2943, 2.079179
964.7764, 2.314458
965.2585, 2.350455
965.7407, 1.899277
966.2228, 1.309524
966.7049, 0.9982570
967.1870, 0.9714460
967.6691, 1.016067
968.1512, 1.115529
968.6334, 1.278477
969.1155, 1.654043
969.5976, 1.945535
970.0797, 1.953127
970.5618, 1.744359
971.0439, 1.353762
971.5261, 0.7837690
972.0082, 0.6248650
972.4903, 1.747768
972.9724, 2.682300
973.4545, 2.064716
973.9366, 1.025923
974.4188, 1.011572
974.9009, 1.847466
975.3830, 2.446224
975.8651, 2.364441
976.3472, 2.153283
976.8293, 2.489749
977.3115, 2.862704
977.7936, 2.330447
978.2757, 1.336088
978.7578, 1.027586
979.2399, 1.506949
979.7220, 1.978454
980.2042, 1.936219
980.6863, 2.217910
981.1684, 1.792891
981.6505, 2.077269
982.1326, 1.959255
982.6147, 1.464166
983.0969, 0.7531680
983.5790, 0.1162220
984.0611, 0.6888910
984.5432, 0.5713670
985.0253, 9.2445999E-02
985.5074, 1.094314
985.9896, 2.458110
986.4717, 3.124913
986.9538, 3.009428
987.4359, 2.297928
987.9180, 0.8232950
988.4001, 0.4472620
988.8823, 0.3517540
989.3644, 0.8376130
989.8465, 1.288821
990.3286, 0.6500830
990.8107, 0.3952500
991.2928, 0.7952930
991.7750, 1.242308
992.2571, 1.594456
992.7392, 1.718521
993.2213, 1.239030
993.7034, 0.1607750
994.1855, 5.4717999E-02
994.6677, 1.726118
995.1498, 2.658918
995.6319, 1.974309
996.1140, 1.066891
996.5961, 0.2992130
997.0782, 0.1136580
997.5604, 0.2558190
998.0425, 1.451486
998.5246, 2.175206
999.0067, 2.103193
999.4888, 1.691705
999.9709, 0.6310750
1000.453, 0.3077460
1000.935, 0.5722690
1001.417, 0.3032250
1001.899, 0.2835200
1002.382, 1.144658
1002.864, 1.846710
1003.346, 2.305701
1003.828, 2.439577
1004.310, 1.751626
1004.792, 1.062592
1005.274, 1.558338
1005.756, 2.737634
1006.238, 3.103124
1006.721, 2.168911
1007.203, 1.185720
1007.685, 0.9293900
1008.167, 1.084413
1008.649, 1.679315
1009.131, 2.316119
1009.613, 2.288883
1010.095, 1.700825
1010.578, 1.193373
1011.060, 1.053888
1011.542, 0.9818720
1012.024, 0.4960320
1012.506, 0.7933650
1012.988, 0.3948310
1013.470, 1.280300
1013.952, 2.020257
1014.434, 2.437167
1014.917, 2.290437
1015.399, 1.425180
1015.881, 0.5103940
1016.363, 0.5746690
1016.845, 1.235177
1017.327, 1.429963
1017.809, 1.231500
1018.291, 1.010192
1018.773, 0.7758250
1019.256, 0.5684710
1019.738, 0.4341274
1020.220, 5.4460000E-02
1020.702, 0.2350820
1021.184, 0.2538620
1021.666, 0.2364560
1022.148, 1.210760
1022.630, 2.052150
1023.113, 2.631932
1023.595, 2.858332
1024.077, 2.645922
1024.559, 2.129375
1025.041, 1.493755
1025.523, 0.7345650
1026.005, 0.4009320
1026.487, 0.5318620
1026.969, 0.7876140
1027.452, 1.117048
1027.934, 1.387546
1028.416, 1.464688
1028.898, 1.841020
1029.380, 1.781926
1029.862, 2.433286
1030.344, 2.887339
1030.826, 3.186324
1031.309, 3.105748
1031.791, 2.490676
1032.273, 1.659316
1032.755, 0.6385660
1033.237, 0.2200380
1033.719, 0.1784280
1034.201, 2.293304
1034.683, 3.478355
1035.166, 3.368886
1035.648, 3.139959
1036.130, 3.101158
1036.612, 3.021170
1037.094, 2.485909
1037.576, 2.728901
1038.058, 2.929432
1038.540, 2.908564
1039.022, 3.640799
1039.505, 3.832482
1039.987, 3.850232
1040.469, 3.675297
1040.951, 3.460148
1041.433, 3.245697
1041.915, 3.053233
1042.397, 3.090764
1042.879, 3.498390
1043.361, 3.773854
1043.844, 3.862063
1044.326, 3.938352
1044.808, 3.697486
1045.290, 3.607721
1045.772, 4.321804
1046.254, 5.332120
1046.736, 5.350275
1047.218, 3.923671
1047.700, 3.125295
1048.183, 3.460659
1048.665, 4.068264
1049.147, 4.932122
1049.629, 5.777407
1050.111, 6.673102
1050.593, 7.326581
1051.075, 6.942723
1051.557, 5.184467
1052.040, 3.826239
1052.522, 3.388834
1053.004, 3.178657
1053.486, 2.904165
1053.968, 2.825665
1054.450, 3.457707
1054.932, 4.353501
1055.414, 4.487963
1055.896, 3.580751
1056.379, 2.988904
1056.861, 3.425527
1057.343, 3.769911
1057.825, 3.419480
1058.307, 2.956241
1058.789, 2.920477
1059.271, 3.163279
1059.753, 3.273604
1060.236, 3.154497
1060.718, 2.952048
1061.200, 2.608839
1061.682, 2.325441
1062.164, 2.176139
1062.646, 2.150350
1063.128, 2.503118
1063.610, 2.868378
1064.093, 2.344587
1064.575, 0.8224490
1065.057, 6.8124004E-02
1065.539, 1.503138
1066.021, 2.808108
1066.503, 2.984548
1066.985, 2.645270
1067.467, 1.984037
1067.949, 1.299446
1068.432, 0.9791470
1068.914, 1.084679
1069.396, 1.435572
1069.878, 2.323886
1070.360, 2.899590
1070.842, 2.588736
1071.324, 2.012715
1071.806, 1.533006
1072.288, 1.187889
1072.771, 0.9386930
1073.253, 0.7980090
1073.735, 0.9088180
1074.217, 1.517745
1074.699, 2.010530
1075.181, 1.925893
1075.663, 1.794806
1076.145, 2.264642
1076.627, 2.798917
1077.110, 2.345184
1077.592, 1.083012
1078.074, 0.5671630
1078.556, 1.707633
1079.038, 2.671471
1079.520, 2.428680
1080.002, 1.903371
1080.484, 1.628203
1080.967, 1.535895
1081.449, 1.556658
1081.931, 1.641032
1082.413, 1.680642
1082.895, 1.630468
1083.377, 1.580054
1083.859, 1.668907
1084.341, 1.657307
1084.823, 1.305984
1085.306, 0.8421150
1085.788, 0.3722670
1086.270, 3.8465001E-02
1086.752, 0.2021610
1087.234, 1.031771
1087.716, 1.741099
1088.198, 1.970850
1088.680, 2.021249
1089.163, 1.969508
1089.645, 1.885255
1090.127, 1.879819
1090.609, 1.876024
1091.091, 1.615702
1091.573, 1.057389
1092.055, 0.7468600
1092.537, 0.6121911
1093.020, 1.665436
1093.502, 0.5156070
1093.984, 0.6959630
1094.466, 0.8433710
1094.948, 0.2954240
1095.430, 0.2880830
1095.912, 0.7800080
1096.394, 1.097393
1096.876, 0.9840080
1097.359, 1.130240
1097.841, 2.201657
1098.323, 2.948256
1098.805, 2.143216
1099.287, 0.9424620
1099.769, 1.245136
1100.251, 0.5452724
1100.733, 0.3150221
1101.215, 0.5322460
1101.698, 0.8669230
1102.180, 1.786707
1102.662, 1.484589
1103.144, 1.248818
1103.626, 1.308887
1104.108, 0.1627800
1104.590, 0.1568060
1105.072, 7.8950003E-02
1105.554, 0.5134280
1106.037, 0.8827300
1106.519, 0.4783330
1107.001, 0.3794060
1107.483, 1.373202
1107.965, 2.437673
1108.447, 2.662253
1108.929, 2.352415
1109.411, 2.323059
1109.894, 2.747173
1110.376, 2.708204
1110.858, 1.397779
1111.340, 0.6562090
1111.822, 1.151832
1112.304, 1.968570
1112.786, 2.759979
1113.268, 3.444389
1113.750, 3.971488
1114.233, 4.344832
1114.715, 4.244005
1115.197, 3.155403
1115.679, 2.441366
1116.161, 2.588010
1116.643, 2.547765
1117.125, 1.660288
1117.607, 0.6090660
1118.090, 1.3403000E-02
1118.572, 0.1069160
1119.054, 0.3918650
1119.536, 1.983559
1120.018, 3.010219
1120.500, 3.315912
1120.982, 3.351864
1121.464, 3.174297
1121.947, 2.873884
1122.429, 2.471321
1122.911, 2.040676
1123.393, 1.773487
1123.875, 1.681064
1124.357, 1.710449
1124.839, 1.983071
1125.321, 1.931016
1125.803, 1.309949
1126.286, 0.7157690
1126.768, 0.4202670
1127.250, 0.5326090
1127.732, 1.346891
1128.214, 2.747978
1128.696, 3.436288
1129.178, 3.375192
1129.660, 2.742910
1130.142, 1.416525
1130.625, 0.4697340
1131.107, 0.3593710
1131.589, 0.7451860
1132.071, 1.357844
1132.553, 2.034251
1133.035, 2.218805
1133.517, 1.934478
1133.999, 1.675420
1134.481, 1.465149
1134.964, 1.575838
1135.446, 2.081730
1135.928, 2.420633
1136.410, 2.195275
1136.892, 1.618365
1137.374, 0.8290390
1137.856, 1.3053000E-02
1138.338, 5.1894002E-02
1138.821, 0.7856870
1139.303, 1.557625
1139.785, 2.214894
1140.267, 2.490370
1140.749, 2.274148
1141.231, 2.132287
1141.713, 2.847106
1142.195, 2.298386
1142.677, 3.191745
1143.160, 1.953556
1143.642, 1.441337
1144.124, 1.615775
1144.606, 1.960257
1145.088, 2.283864
1145.570, 2.478802
1146.052, 2.473078
1146.534, 2.326505
1147.017, 1.861368
1147.499, 1.512391
1147.981, 2.128077
1148.463, 3.035706
1148.945, 2.791983
1149.427, 1.598624
1149.909, 0.8279630
1150.391, 1.002807
1150.874, 1.594099
1151.356, 2.892913
1151.838, 3.708173
1152.320, 2.868830
1152.802, 1.542413
1153.284, 0.7583150
1153.766, 0.3577990
1154.248, 0.2987210
1154.730, 3.2518331E-02
1155.213, 0.2052529
1155.695, 0.3855040
1156.177, 0.7168100
1156.659, 1.655260
1157.141, 2.040862
1157.623, 1.053066
1158.105, 0.1438160
1158.587, 9.4368003E-02
1159.069, 0.8906610
1159.552, 1.248755
1160.034, 0.6279360
1160.516, 0.4735020
1160.998, 1.470404
1161.480, 2.151598
1161.962, 1.929211
1162.444, 1.612552
1162.926, 1.784058
1163.408, 2.125392
1163.891, 2.262771
1164.373, 2.169728
1164.855, 2.268954
1165.337, 2.827322
1165.819, 2.749395
1166.301, 1.548000
1166.783, 0.9049420
1167.265, 1.633810
1167.748, 2.624122
1168.230, 2.810774
1168.712, 2.510010
1169.194, 2.754100
1169.676, 3.597287
1170.158, 3.224402
1170.640, 1.545702
1171.122, 0.6875680
1171.604, 1.092795
1172.087, 1.721794
1172.569, 2.018561
1173.051, 2.155340
1173.533, 2.359834
1174.015, 2.571666
1174.497, 2.628539
1174.979, 2.541696
1175.461, 2.277516
1175.944, 1.898422
1176.426, 1.699589
1176.908, 1.765342
1177.390, 1.914405
1177.872, 2.062951
1178.354, 2.053809
1178.836, 1.503561
1179.318, 0.8383930
1179.801, 0.6458630
1180.283, 0.8105170
1180.765, 1.172270
1181.247, 1.647475
1181.729, 2.180856
1182.211, 2.739131
1182.693, 2.993940
1183.175, 2.489798
1183.657, 1.959824
1184.140, 1.842222
1184.622, 1.907456
1185.104, 1.939909
1185.586, 2.035249
1186.068, 2.502908
1186.550, 3.230127
1187.032, 3.547578
1187.514, 3.178622
1187.996, 2.796555
1188.479, 2.659688
1188.961, 2.360085
1189.443, 1.340253
1189.925, 0.5341670
1190.407, 0.8763880
1190.889, 1.754472
1191.371, 2.090535
1191.853, 1.878231
1192.335, 2.164580
1192.818, 2.047765
1193.300, 1.579716
1193.782, 2.072692
1194.264, 1.965600
1194.746, 1.381552
1195.228, 2.167330
1195.710, 2.314032
1196.192, 2.119216
1196.675, 2.272892
1197.157, 2.730555
1197.639, 2.862218
1198.121, 2.687118
1198.603, 2.740502
1199.085, 3.091962
1199.567, 3.388532
1200.049, 3.469971
1200.531, 3.279989
1201.014, 2.625649
1201.496, 1.984776
1201.978, 2.375233
1202.460, 3.335178
1202.942, 4.236509
1203.424, 4.729871
1203.906, 3.609256
1204.388, 1.208627
1204.871, 0.1493450
1205.353, 0.6267810
1205.835, 1.707222
1206.317, 1.728554
1206.799, 1.516420
1207.281, 1.604508
1207.763, 1.871758
1208.245, 2.397291
1208.728, 2.899096
1209.210, 2.800656
1209.692, 2.148092
1210.174, 1.823396
1210.656, 2.213345
1211.138, 2.548143
1211.620, 2.595234
1212.102, 2.640282
1212.584, 2.677410
1213.067, 2.847347
1213.549, 3.675662
1214.031, 4.485697
1214.513, 3.880529
1214.995, 1.868254
1215.477, 0.9817100
1215.959, 1.537870
1216.441, 2.042834
1216.923, 2.447965
1217.406, 2.550012
1217.888, 2.265908
1218.370, 1.678541
1218.852, 0.7547120
1219.334, 8.7012999E-02
1219.816, 0.2265340
1220.298, 0.4640350
1220.780, 1.063024
1221.262, 0.2118020
1221.745, 2.4568999E-02
1222.227, 1.768210
1222.709, 3.118135
1223.191, 3.391361
1223.673, 3.159681
1224.155, 2.770140
1224.637, 2.341957
1225.119, 1.932420
1225.602, 1.630535
1226.084, 1.721282
1226.566, 1.885667
1227.048, 1.474930
1227.530, 0.7065190
1228.012, 0.3640890
1228.494, 0.6727730
1228.976, 1.109547
1229.458, 1.699469
1229.941, 2.063459
1230.423, 1.961330
1230.905, 1.749753
1231.387, 1.598316
1231.869, 1.459646
1232.351, 1.153921
1232.833, 0.8282980
1233.315, 0.9654350
1233.798, 1.632185
1234.280, 2.445682
1234.762, 3.696438
1235.244, 3.965352
1235.726, 2.724898
1236.208, 1.838089
1236.690, 2.204427
1237.172, 2.956445
1237.655, 3.233349
1238.137, 3.186226
1238.619, 3.251124
1239.101, 3.329683
1239.583, 2.791468
1240.065, 1.819647
1240.547, 1.340446
1241.029, 1.396064
1241.511, 1.223118
1241.994, 0.5521370
1242.476, 0.2999280
1242.958, 1.527803
1243.440, 2.826814
1243.922, 2.724504
1244.404, 2.147426
1244.886, 1.882567
1245.368, 1.855597
1245.850, 2.105015
1246.333, 2.454903
1246.815, 2.443647
1247.297, 1.896965
1247.779, 1.742125
1248.261, 2.625047
1248.743, 3.247231
1249.225, 3.431749
1249.707, 3.173768
1250.189, 2.045916
1250.672, 1.020766
1251.154, 1.217021
1251.636, 2.083698
1252.118, 1.947319
1252.600, 0.7248710
1253.082, 0.1078540
1253.564, 0.4751410
1254.046, 0.3225320
1254.529, 0.3407060
1255.011, 1.169794
1255.493, 2.023702
1255.975, 2.406270
1256.457, 1.800866
1256.939, 0.8647880
1257.421, 0.5096870
1257.903, 0.6029740
1258.385, 1.132627
1258.868, 1.824831
1259.350, 2.113740
1259.832, 2.118507
1260.314, 2.566831
1260.796, 3.542152
1261.278, 3.674519
1261.760, 1.517307
1262.242, 0.1029140
1262.725, 1.347380
1263.207, 2.743276
1263.689, 3.056580
1264.171, 2.904841
1264.653, 2.916592
1265.135, 2.898576
1265.617, 2.332690
1266.099, 1.230172
1266.582, 0.9384200
1267.064, 1.816944
1267.546, 1.874965
1268.028, 0.7289560
1268.510, 0.4853840
1268.992, 1.855202
1269.474, 3.069772
1269.956, 2.855496
1270.438, 2.318769
1270.921, 2.196271
1271.403, 2.263966
1271.885, 1.995557
1272.367, 1.546113
1272.849, 1.030919
1273.331, 0.6391890
1273.813, 1.022769
1274.295, 1.990004
1274.777, 2.349166
1275.260, 1.450968
1275.742, 0.6452050
1276.224, 0.8920220
1276.706, 1.090547
1277.188, 0.3725190
1277.670, 0.2276000
1278.152, 0.1369640
1278.634, 0.8520740
1279.116, 1.053744
1279.599, 0.9043950
1280.081, 1.188716
1280.563, 1.189079
1281.045, 1.162897
1281.527, 1.444320
1282.009, 0.6810850
1282.491, 1.111930
1282.973, 1.249154
1283.456, 0.6169060
1283.938, 8.4319999E-03
1284.420, 0.1654640
1284.902, 0.3841220
1285.384, 0.0000000E+00
##END=



