##NAMES=Yingjiangite
##RRUFFID=R070740
##IDEAL CHEMISTRY=K_2_Ca(U^6+^O_2_)_7_(PO_4_)_4_(OH)_6_&#183;6H_2_O
##LOCALITY=Kamaka Bar, Frazier River, Kamloops Mining Division, British Columbia, Canada
##OWNER=RRUFF
##SOURCE=Michael Scott
##DESCRIPTION=Golden yellow massive embedded in epoxy
##STATUS=The identification of this mineral is not yet confirmed.
##URL=rruff.info/R070740
170.6278, 0.0000000E+00
171.1099, 4.023926
171.5920, 8.586426
172.0741, 13.18652
172.5563, 16.67285
173.0384, 19.35986
173.5205, 25.96240
174.0026, 30.27246
174.4847, 31.72510
174.9668, 24.36035
175.4490, 9.479980
175.9311, 0.2529300
176.4132, 18.42920
176.8953, 62.28320
177.3774, 81.05176
177.8595, 66.13525
178.3417, 43.75342
178.8238, 27.04443
179.3059, 17.11230
179.7880, 13.96338
180.2701, 20.55322
180.7522, 35.20117
181.2344, 43.07324
181.7165, 20.76904
182.1986, 2.616699
182.6807, 9.064941
183.1628, 5.980957
183.6449, 30.59424
184.1271, 45.34277
184.6092, 47.82959
185.0913, 43.86279
185.5734, 23.52295
186.0555, 3.547363
186.5376, 2.872070
187.0198, 28.97949
187.5019, 67.34033
187.9840, 79.37646
188.4661, 31.78955
188.9482, 1.748535
189.4303, 7.861816
189.9125, 0.3886720
190.3946, 7.083496
190.8767, 3.865723
191.3588, 5.825195
191.8409, 5.739258
192.3230, 17.39404
192.8052, 35.56982
193.2873, 41.18994
193.7694, 38.62744
194.2515, 35.42773
194.7336, 35.84424
195.2157, 39.68164
195.6979, 45.40430
196.1800, 55.25439
196.6621, 64.22803
197.1442, 71.94922
197.6263, 77.59277
198.1084, 78.80957
198.5906, 73.27197
199.0727, 61.33398
199.5548, 50.64941
200.0369, 36.12646
200.5190, 26.93652
201.0011, 33.13574
201.4833, 53.03076
201.9654, 69.73828
202.4475, 67.78564
202.9296, 49.77441
203.4117, 43.45752
203.8938, 60.28467
204.3760, 82.52686
204.8581, 94.37988
205.3402, 94.69775
205.8223, 91.08301
206.3044, 84.58643
206.7865, 78.19824
207.2687, 83.74609
207.7508, 118.1455
208.2329, 160.0859
208.7150, 177.5830
209.1971, 163.6230
209.6792, 145.5488
210.1614, 147.7485
210.6435, 162.8374
211.1256, 174.4653
211.6077, 173.4927
212.0898, 165.3281
212.5719, 161.8774
213.0541, 164.9131
213.5362, 170.2617
214.0183, 176.2397
214.5004, 182.2734
214.9825, 186.7349
215.4646, 184.2524
215.9468, 178.3438
216.4289, 185.8301
216.9110, 218.7544
217.3931, 248.8516
217.8752, 259.3491
218.3573, 254.4810
218.8395, 246.5454
219.3216, 243.7192
219.8037, 245.5278
220.2858, 245.6045
220.7679, 242.0127
221.2500, 238.7334
221.7322, 235.9570
222.2143, 234.6479
222.6964, 237.2573
223.1785, 249.1191
223.6606, 271.0811
224.1427, 283.0342
224.6249, 274.6689
225.1070, 264.5156
225.5891, 258.0889
226.0712, 255.9248
226.5533, 257.0283
227.0354, 261.2041
227.5176, 269.0107
227.9997, 275.8198
228.4818, 286.1704
228.9639, 291.5386
229.4460, 281.4746
229.9281, 260.4116
230.4103, 244.6646
230.8924, 254.1396
231.3745, 297.5088
231.8566, 326.7661
232.3387, 340.6909
232.8208, 343.0615
233.3030, 329.5825
233.7851, 303.3853
234.2672, 275.6860
234.7493, 257.6445
235.2314, 250.3193
235.7135, 250.0972
236.1957, 266.7271
236.6778, 281.4453
237.1599, 281.9019
237.6420, 268.6733
238.1241, 251.9370
238.6062, 242.9385
239.0884, 242.2490
239.5705, 248.4824
240.0526, 273.9985
240.5347, 294.9575
241.0168, 291.9805
241.4989, 265.7539
241.9811, 238.2617
242.4632, 236.8062
242.9453, 276.1006
243.4274, 295.5854
243.9095, 287.1968
244.3916, 268.1909
244.8738, 244.6729
245.3559, 219.5767
245.8380, 198.1187
246.3201, 186.3286
246.8022, 186.0874
247.2843, 191.2729
247.7665, 212.1284
248.2486, 231.7329
248.7307, 236.6553
249.2128, 225.7334
249.6949, 209.3174
250.1770, 199.2578
250.6592, 198.5229
251.1413, 192.2134
251.6234, 169.5015
252.1055, 148.8115
252.5876, 147.1865
253.0697, 165.5591
253.5519, 188.3721
254.0340, 198.4512
254.5161, 191.6851
254.9982, 186.2539
255.4803, 180.7573
255.9624, 177.4956
256.4445, 182.0854
256.9267, 194.0161
257.4088, 201.5933
257.8909, 190.0273
258.3730, 152.7202
258.8551, 131.5708
259.3372, 143.3276
259.8194, 160.5137
260.3015, 159.3828
260.7836, 137.6982
261.2657, 110.6094
261.7478, 91.29932
262.2299, 80.97607
262.7121, 77.60938
263.1942, 93.65527
263.6763, 108.6675
264.1584, 99.20312
264.6405, 64.44971
265.1227, 33.37109
265.6048, 35.40820
266.0869, 73.77051
266.5690, 99.94678
267.0511, 109.4688
267.5332, 108.4136
268.0154, 96.72949
268.4975, 75.77979
268.9796, 58.04883
269.4617, 56.40869
269.9438, 71.48535
270.4259, 77.35645
270.9081, 59.14746
271.3902, 38.50537
271.8723, 36.57080
272.3544, 53.39551
272.8365, 70.12549
273.3186, 71.88867
273.8008, 59.63623
274.2829, 51.94043
274.7650, 50.55029
275.2471, 52.58252
275.7292, 59.36035
276.2113, 70.01562
276.6935, 74.35107
277.1756, 60.96094
277.6577, 34.56250
278.1398, 25.12109
278.6219, 52.85889
279.1040, 81.04883
279.5862, 80.32275
280.0683, 53.83398
280.5504, 28.33105
281.0325, 18.57373
281.5146, 23.00537
281.9967, 29.56299
282.4789, 43.08398
282.9610, 54.78320
283.4431, 58.79346
283.9252, 56.30713
284.4073, 50.61182
284.8894, 39.70166
285.3716, 28.01416
285.8537, 28.29102
286.3358, 52.10986
286.8179, 73.26758
287.3000, 72.05322
287.7821, 54.11914
288.2643, 42.63818
288.7464, 49.44092
289.2285, 68.57715
289.7106, 85.00732
290.1927, 102.6401
290.6748, 111.6084
291.1570, 99.74170
291.6391, 74.17383
292.1212, 58.13330
292.6033, 63.58301
293.0854, 79.48682
293.5675, 82.49561
294.0497, 68.21484
294.5318, 55.25244
295.0139, 52.92041
295.4960, 57.42334
295.9781, 59.94238
296.4602, 57.73877
296.9424, 54.16309
297.4245, 50.69043
297.9066, 44.63477
298.3887, 43.58154
298.8708, 54.95264
299.3529, 73.06738
299.8351, 86.33350
300.3172, 91.97217
300.7993, 91.24658
301.2814, 81.99316
301.7635, 62.44043
302.2456, 51.63672
302.7278, 60.96289
303.2099, 79.05371
303.6920, 90.41211
304.1741, 91.81787
304.6562, 89.08008
305.1383, 87.51611
305.6205, 87.07227
306.1026, 89.42871
306.5847, 102.5537
307.0668, 114.5054
307.5489, 109.1040
308.0310, 84.16504
308.5132, 57.91650
308.9953, 46.81152
309.4774, 52.00049
309.9595, 60.16211
310.4416, 74.94141
310.9237, 89.69824
311.4059, 102.2632
311.8880, 111.5420
312.3701, 109.7632
312.8522, 84.84131
313.3343, 40.15283
313.8164, 22.40918
314.2986, 56.61377
314.7807, 94.31006
315.2628, 108.0679
315.7449, 100.5698
316.2270, 86.53711
316.7091, 73.72803
317.1913, 62.48779
317.6734, 54.36621
318.1555, 46.61572
318.6376, 44.20361
319.1197, 56.73389
319.6018, 76.31055
320.0840, 82.73242
320.5661, 64.16602
321.0482, 29.79834
321.5303, 10.65381
322.0124, 17.94238
322.4945, 23.06152
322.9767, 16.56592
323.4588, 4.297363
323.9409, 5.612793
324.4230, 10.10498
324.9051, 8.929199
325.3872, 0.4287110
325.8694, 28.36572
326.3515, 41.01465
326.8336, 17.77051
327.3157, 14.73145
327.7978, 27.52393
328.2799, 13.55273
328.7621, 11.65186
329.2442, 27.44336
329.7263, 30.80078
330.2084, 30.00781
330.6905, 17.31445
331.1726, 6.200195
331.6548, 7.681152
332.1369, 22.14258
332.6190, 42.05518
333.1011, 61.58496
333.5832, 83.70703
334.0653, 86.13721
334.5475, 50.35596
335.0296, 15.68896
335.5117, 3.511719
335.9938, 10.12061
336.4759, 18.72998
336.9580, 16.17188
337.4402, 2.826172
337.9223, 4.596680
338.4044, 4.444824
338.8865, 2.649414
339.3686, 3.127441
339.8507, 9.954590
340.3329, 12.32227
340.8150, 6.657227
341.2971, 4.455566
341.7792, 9.936523
342.2613, 5.446289
342.7434, 0.2260740
343.2256, 6.009277
343.7077, 11.95117
344.1898, 16.45508
344.6719, 19.02588
345.1540, 19.59033
345.6361, 17.23633
346.1183, 7.110840
346.6004, 4.059570
347.0825, 12.95361
347.5646, 25.32031
348.0467, 36.81592
348.5288, 45.77930
349.0110, 50.85498
349.4931, 48.88770
349.9752, 37.14697
350.4573, 29.25342
350.9394, 23.56494
351.4215, 23.42969
351.9037, 38.56250
352.3858, 63.41748
352.8679, 78.45703
353.3500, 61.42725
353.8321, 13.71289
354.3142, 19.32910
354.7964, 34.53857
355.2785, 36.74072
355.7606, 20.13403
356.2427, 6.483643
356.7248, 25.97412
357.2069, 25.68896
357.6891, 13.45435
358.1712, 13.55054
358.6533, 34.32080
359.1354, 48.37622
359.6175, 34.74414
360.0996, 12.51611
360.5818, 5.232178
361.0639, 24.09106
361.5460, 50.95312
362.0281, 61.61401
362.5102, 54.74194
362.9923, 43.60693
363.4745, 27.71411
363.9566, 12.53491
364.4387, 3.461670
364.9208, 1.195068
365.4029, 3.722900
365.8850, 12.37598
366.3672, 25.62915
366.8493, 35.25317
367.3314, 39.26294
367.8135, 39.28101
368.2956, 35.94287
368.7777, 29.57422
369.2599, 24.35229
369.7420, 22.91260
370.2241, 23.53394
370.7062, 23.53540
371.1883, 22.72046
371.6704, 20.43726
372.1526, 13.92749
372.6347, 4.686768
373.1168, 1.961670
373.5989, 11.17065
374.0810, 24.11670
374.5631, 36.29590
375.0453, 47.03613
375.5274, 52.58447
376.0095, 49.03906
376.4916, 39.04785
376.9737, 34.44092
377.4558, 43.46606
377.9380, 47.81323
378.4201, 36.11108
378.9022, 15.46582
379.3843, 0.6264650
379.8664, 6.807861
380.3485, 5.401611
380.8307, 0.4802250
381.3128, 12.17651
381.7949, 20.05200
382.2770, 18.92627
382.7591, 15.12231
383.2412, 15.17627
383.7234, 19.71021
384.2055, 24.99731
384.6876, 26.79248
385.1697, 23.63965
385.6518, 18.03052
386.1339, 8.721680
386.6161, 1.705811
387.0982, 0.5649410
387.5803, 1.069824
388.0624, 3.816162
388.5445, 5.575684
389.0266, 6.542480
389.5088, 8.932861
389.9909, 13.90356
390.4730, 19.22852
390.9551, 22.12769
391.4372, 25.85718
391.9193, 37.14844
392.4015, 59.29956
392.8836, 83.26562
393.3657, 88.45435
393.8478, 67.92627
394.3299, 45.90625
394.8120, 13.52539
395.2942, 10.99243
395.7763, 10.63281
396.2584, 15.76440
396.7405, 48.13550
397.2226, 68.49341
397.7047, 76.52026
398.1869, 77.49902
398.6690, 67.07593
399.1511, 54.24072
399.6332, 44.59888
400.1153, 37.91699
400.5974, 31.31934
401.0796, 20.92090
401.5617, 9.987549
402.0438, 7.589600
402.5259, 16.08911
403.0080, 23.81763
403.4901, 23.07373
403.9723, 17.84619
404.4544, 13.83032
404.9365, 11.49365
405.4186, 11.66528
405.9007, 16.23462
406.3828, 24.41455
406.8650, 31.94043
407.3471, 36.97705
407.8292, 40.93530
408.3113, 46.74463
408.7934, 55.12524
409.2755, 61.51978
409.7577, 62.49561
410.2398, 61.48462
410.7219, 63.97583
411.2040, 70.94775
411.6861, 76.91772
412.1682, 74.18726
412.6504, 61.88721
413.1325, 56.27539
413.6146, 68.75562
414.0967, 80.01538
414.5788, 73.86792
415.0609, 54.95239
415.5431, 38.38525
416.0252, 33.42896
416.5073, 38.43506
416.9894, 45.11035
417.4715, 52.28906
417.9536, 62.55273
418.4358, 88.53540
418.9179, 112.2910
419.4000, 107.9902
419.8821, 69.81543
420.3642, 23.46826
420.8463, 10.84204
421.3285, 49.26099
421.8106, 73.94971
422.2927, 76.51343
422.7748, 73.40796
423.2569, 69.63477
423.7390, 66.98999
424.2212, 67.97949
424.7033, 77.55493
425.1854, 92.63867
425.6675, 92.85547
426.1496, 69.14380
426.6317, 45.46362
427.1139, 24.61792
427.5960, 11.03369
428.0781, 13.96387
428.5602, 41.72559
429.0423, 72.46387
429.5244, 74.66919
430.0066, 47.56812
430.4887, 26.70142
430.9708, 23.57739
431.4529, 30.06934
431.9350, 37.37256
432.4171, 45.70557
432.8993, 50.76660
433.3814, 49.10889
433.8635, 43.12085
434.3456, 36.21216
434.8277, 28.53638
435.3098, 22.69312
435.7920, 20.41919
436.2741, 21.97974
436.7562, 27.25757
437.2383, 38.51245
437.7204, 50.93921
438.2025, 65.66919
438.6847, 80.30542
439.1668, 86.65015
439.6489, 79.21411
440.1310, 64.19434
440.6131, 58.66455
441.0952, 78.10742
441.5774, 85.15527
442.0595, 65.05884
442.5416, 39.48047
443.0237, 29.00024
443.5058, 36.55786
443.9879, 51.25635
444.4701, 62.53296
444.9522, 71.33423
445.4343, 69.52930
445.9164, 42.00488
446.3985, 18.98462
446.8806, 10.37305
447.3628, 13.36670
447.8449, 23.76196
448.3270, 41.59375
448.8091, 59.36621
449.2912, 54.40698
449.7733, 13.79785
450.2555, 13.23364
450.7375, 6.521729
451.2197, 14.04126
451.7018, 40.85034
452.1839, 72.17944
452.6660, 91.12842
453.1481, 72.67676
453.6302, 27.47192
454.1124, 3.775635
454.5945, 11.30713
455.0766, 29.00366
455.5587, 41.69165
456.0408, 50.83398
456.5229, 60.15796
457.0051, 71.58813
457.4872, 82.83154
457.9693, 96.44531
458.4514, 110.0667
458.9335, 108.0581
459.4156, 78.27124
459.8978, 34.13940
460.3799, 12.88403
460.8620, 23.88110
461.3441, 35.46484
461.8262, 40.83984
462.3083, 44.85400
462.7905, 56.63501
463.2726, 75.99219
463.7547, 88.14966
464.2368, 74.52759
464.7189, 29.44751
465.2010, 8.704102
465.6832, 38.89087
466.1653, 63.58032
466.6474, 55.46729
467.1295, 31.47925
467.6116, 24.17700
468.0938, 51.61401
468.5759, 93.31616
469.0580, 98.87451
469.5401, 49.97314
470.0222, 17.65991
470.5043, 28.17358
470.9865, 49.08423
471.4686, 62.45801
471.9507, 65.31519
472.4328, 63.30713
472.9149, 55.96362
473.3970, 69.00220
473.8792, 76.24121
474.3613, 77.94629
474.8434, 57.55542
475.3255, 65.60010
475.8076, 62.23584
476.2897, 58.40430
476.7719, 70.45752
477.2540, 53.30713
477.7361, 65.38354
478.2182, 64.50513
478.7003, 65.29517
479.1824, 59.57593
479.6646, 50.58154
480.1467, 42.21704
480.6288, 31.71533
481.1109, 31.71973
481.5930, 54.75708
482.0751, 79.35522
482.5573, 89.30200
483.0394, 86.03052
483.5215, 81.56763
484.0036, 84.83301
484.4857, 93.38281
484.9678, 93.98608
485.4500, 77.21216
485.9321, 65.21997
486.4142, 63.18237
486.8963, 65.74121
487.3784, 69.47095
487.8605, 72.92554
488.3427, 73.08325
488.8248, 63.00830
489.3069, 41.85693
489.7890, 31.95923
490.2711, 40.83057
490.7532, 52.86890
491.2354, 61.43848
491.7175, 66.27734
492.1996, 66.79639
492.6817, 62.12207
493.1638, 53.71313
493.6459, 40.99927
494.1281, 24.51489
494.6102, 11.36279
495.0923, 2.628174
495.5744, 0.5832520
496.0565, 13.45776
496.5386, 47.05542
497.0208, 67.73975
497.5029, 56.78271
497.9850, 35.84717
498.4671, 26.63110
498.9492, 30.65674
499.4313, 37.44873
499.9135, 38.25781
500.3956, 33.98047
500.8777, 36.99927
501.3598, 59.81567
501.8419, 74.86035
502.3240, 75.32593
502.8062, 66.79614
503.2883, 53.73804
503.7704, 38.12134
504.2525, 23.20020
504.7346, 10.96509
505.2167, 0.1164550
505.6989, 3.570801
506.1810, 40.40430
506.6631, 69.75464
507.1452, 65.91138
507.6273, 40.76709
508.1094, 20.52051
508.5916, 15.95947
509.0737, 23.37085
509.5558, 45.16260
510.0379, 80.30176
510.5200, 98.90332
511.0021, 84.04810
511.4843, 55.51123
511.9664, 44.48755
512.4485, 53.23999
512.9306, 58.57593
513.4127, 50.41333
513.8948, 38.85400
514.3770, 34.24463
514.8591, 36.71973
515.3412, 40.38647
515.8233, 41.39258
516.3054, 39.76245
516.7875, 36.99927
517.2697, 29.59912
517.7518, 25.63257
518.2339, 30.53271
518.7160, 36.55688
519.1981, 33.03662
519.6802, 19.43799
520.1624, 8.635010
520.6445, 19.57446
521.1266, 53.24951
521.6087, 66.90137
522.0908, 46.80103
522.5729, 26.54028
523.0551, 21.50391
523.5372, 25.72974
524.0193, 30.43848
524.5014, 33.59351
524.9835, 35.00708
525.4656, 35.83374
525.9478, 35.42505
526.4299, 28.78247
526.9120, 12.64282
527.3941, 4.985107
527.8762, 15.64526
528.3583, 19.36401
528.8405, 16.56396
529.3226, 2.044922
529.8047, 19.14111
530.2868, 19.78003
530.7689, 8.897705
531.2510, 1.349365
531.7332, 4.860352
532.2153, 16.32715
532.6974, 29.31763
533.1795, 53.38306
533.6616, 60.61523
534.1437, 35.85083
534.6259, 8.888916
535.1080, 0.5361330
535.5901, 5.780029
536.0722, 15.15552
536.5543, 21.09375
537.0364, 25.02515
537.5186, 29.02686
538.0007, 34.49170
538.4828, 34.70264
538.9649, 22.85742
539.4470, 6.926270
539.9291, 5.062256
540.4113, 12.93970
540.8934, 14.56299
541.3755, 8.978027
541.8576, 3.599121
542.3397, 28.34082
542.8218, 65.51758
543.3040, 94.32764
543.7861, 95.58057
544.2682, 72.02490
544.7503, 64.02393
545.2324, 85.80371
545.7145, 104.1169
546.1967, 116.5210
546.6788, 121.1492
547.1609, 110.6680
547.6430, 87.80493
548.1251, 66.76099
548.6072, 63.59131
549.0894, 78.80493
549.5715, 97.70947
550.0536, 127.4675
550.5357, 150.4597
551.0178, 158.9773
551.4999, 158.3291
551.9821, 155.3032
552.4642, 151.4333
552.9463, 146.8831
553.4284, 140.9595
553.9105, 134.3604
554.3926, 130.9639
554.8748, 132.7092
555.3569, 132.9028
555.8390, 122.7366
556.3211, 102.6487
556.8032, 92.97583
557.2853, 110.4993
557.7675, 121.2078
558.2496, 98.95435
558.7317, 61.45386
559.2138, 40.22681
559.6959, 46.48584
560.1780, 67.14380
560.6602, 84.42798
561.1423, 100.4153
561.6244, 104.7878
562.1065, 78.83521
562.5886, 59.60742
563.0707, 67.42725
563.5529, 89.90308
564.0350, 103.4900
564.5171, 96.97485
564.9992, 80.83911
565.4813, 66.84595
565.9634, 55.08081
566.4456, 46.94629
566.9277, 42.93018
567.4098, 42.29272
567.8919, 46.19507
568.3740, 53.33130
568.8561, 58.97705
569.3383, 64.39478
569.8204, 66.54175
570.3025, 62.26367
570.7846, 53.18555
571.2667, 42.34351
571.7488, 30.91650
572.2310, 20.72095
572.7131, 14.74048
573.1952, 10.86377
573.6773, 16.66528
574.1594, 47.94287
574.6415, 72.74780
575.1237, 73.28271
575.6058, 57.04175
576.0879, 40.76343
576.5700, 31.99121
577.0521, 28.46899
577.5342, 27.90112
578.0164, 30.27734
578.4985, 31.54272
578.9806, 30.42773
579.4627, 28.28540
579.9448, 26.57397
580.4269, 25.21191
580.9091, 23.12158
581.3912, 15.70093
581.8733, 11.45312
582.3554, 20.81055
582.8375, 37.98633
583.3196, 47.28101
583.8018, 41.89648
584.2839, 30.22949
584.7660, 27.61963
585.2481, 40.02515
585.7302, 42.80566
586.2123, 28.04736
586.6945, 13.40942
587.1766, 5.644287
587.6587, 3.418213
588.1408, 5.602783
588.6229, 12.74976
589.1050, 20.55200
589.5872, 22.01489
590.0693, 17.44141
590.5514, 14.95459
591.0335, 18.48364
591.5156, 20.27515
591.9977, 6.987793
592.4799, 18.31299
592.9620, 29.33252
593.4441, 10.02637
593.9262, 12.77441
594.4083, 23.88623
594.8904, 27.05444
595.3726, 30.43604
595.8547, 36.90405
596.3368, 43.53979
596.8189, 46.02075
597.3010, 43.68823
597.7831, 39.59497
598.2653, 34.33032
598.7474, 27.11597
599.2295, 16.53174
599.7116, 5.065186
600.1937, 6.766846
600.6758, 20.22632
601.1580, 25.89185
601.6401, 2.606201
602.1222, 40.48682
602.6043, 53.06104
603.0864, 20.11597
603.5685, 16.73315
604.0507, 21.07471
604.5328, 3.922119
605.0149, 18.04102
605.4970, 12.76294
605.9791, 6.767334
606.4612, 5.173584
606.9434, 7.108154
607.4255, 12.77075
607.9076, 21.51489
608.3897, 29.55298
608.8718, 33.14771
609.3539, 32.32886
609.8361, 27.27417
610.3182, 12.76099
610.8003, 2.743896
611.2824, 3.299316
611.7645, 9.450684
612.2466, 17.34668
612.7288, 26.60669
613.2109, 33.10376
613.6930, 31.49634
614.1751, 26.10181
614.6572, 25.24536
615.1393, 29.55542
615.6215, 34.61963
616.1036, 38.42871
616.5857, 40.37866
617.0678, 38.22998
617.5499, 25.54614
618.0320, 17.77637
618.5142, 17.10425
618.9963, 20.37793
619.4784, 28.34521
619.9605, 38.49658
620.4426, 43.65234
620.9247, 37.33789
621.4069, 24.83228
621.8890, 20.90063
622.3711, 27.13916
622.8532, 32.92725
623.3353, 38.28833
623.8174, 39.15894
624.2996, 27.70923
624.7817, 5.143066
625.2638, 8.489502
625.7459, 2.926514
626.2280, 9.239502
626.7101, 21.80347
627.1923, 32.88696
627.6744, 38.89819
628.1565, 38.37207
628.6386, 32.73145
629.1207, 22.28003
629.6028, 1.984619
630.0850, 2.884033
630.5671, 29.61157
631.0492, 55.08521
631.5313, 55.47388
632.0134, 41.20044
632.4955, 27.56860
632.9777, 18.84399
633.4598, 15.71851
633.9419, 22.19727
634.4240, 35.05249
634.9061, 43.16479
635.3882, 44.68774
635.8704, 44.41626
636.3525, 46.03540
636.8346, 48.90503
637.3167, 48.88818
637.7988, 39.58447
638.2809, 36.24756
638.7631, 32.38062
639.2452, 45.70459
639.7273, 53.11621
640.2094, 55.11353
640.6915, 35.11646
641.1736, 43.58911
641.6558, 40.65234
642.1379, 37.23560
642.6200, 49.69360
643.1021, 32.90430
643.5842, 45.13794
644.0663, 45.78662
644.5485, 51.68555
645.0306, 45.92700
645.5127, 43.61694
645.9948, 52.89209
646.4769, 55.98291
646.9590, 49.11621
647.4412, 55.39697
647.9233, 38.18359
648.4054, 41.56079
648.8875, 53.84082
649.3696, 47.55640
649.8517, 53.90552
650.3339, 53.90918
650.8160, 31.12549
651.2981, 48.00171
651.7802, 49.31494
652.2623, 33.60669
652.7444, 50.28491
653.2266, 36.93823
653.7087, 34.31006
654.1908, 39.74805
654.6729, 36.77905
655.1550, 47.06714
655.6371, 44.58887
656.1193, 40.97656
656.6014, 39.41260
657.0835, 32.43018
657.5656, 27.30664
658.0477, 23.77441
658.5298, 21.07007
659.0120, 22.46533
659.4941, 24.65723
659.9762, 21.68945
660.4583, 14.77930
660.9404, 10.02368
661.4225, 10.19629
661.9047, 12.64038
662.3868, 12.21240
662.8689, 7.648682
663.3510, 4.724121
663.8331, 5.271484
664.3152, 6.299805
664.7974, 2.877197
665.2795, 4.175049
665.7616, 1.814453
666.2437, 23.62476
666.7258, 42.93018
667.2079, 37.25366
667.6901, 23.39404
668.1722, 26.94165
668.6543, 49.97021
669.1364, 67.96704
669.6185, 53.45679
670.1006, 14.13599
670.5828, 1.122314
671.0649, 14.78809
671.5470, 31.46094
672.0291, 42.33081
672.5112, 46.65137
672.9933, 40.87695
673.4755, 24.45483
673.9576, 15.85889
674.4397, 26.88037
674.9218, 42.03052
675.4039, 51.18896
675.8860, 54.44214
676.3682, 52.61084
676.8503, 37.12915
677.3324, 50.66895
677.8145, 58.38037
678.2966, 60.57666
678.7787, 40.72778
679.2609, 49.35278
679.7430, 46.57153
680.2251, 43.32446
680.7072, 55.96484
681.1893, 39.33716
681.6714, 51.73169
682.1536, 52.54346
682.6357, 58.66113
683.1178, 52.84375
683.5999, 50.89502
684.0820, 60.56982
684.5641, 63.88867
685.0463, 57.21948
685.5284, 63.69507
686.0105, 46.69702
686.4926, 50.30225
686.9747, 62.79785
687.4568, 56.72339
687.9390, 63.33105
688.4211, 62.99414
688.9032, 80.83862
689.3853, 84.14795
689.8674, 62.62354
690.3495, 39.68994
690.8317, 37.14917
691.3138, 47.29248
691.7959, 52.41406
692.2780, 50.36841
692.7601, 50.31714
693.2422, 59.56128
693.7244, 74.72559
694.2065, 82.41577
694.6886, 75.59033
695.1707, 72.59692
695.6528, 78.14575
696.1349, 83.67505
696.6171, 81.72583
697.0992, 75.43164
697.5813, 74.80469
698.0634, 87.47266
698.5455, 100.5164
699.0276, 97.22119
699.5098, 81.57959
699.9919, 66.88379
700.4740, 55.37866
700.9561, 48.40552
701.4382, 48.34351
701.9203, 53.88379
702.4025, 54.54175
702.8846, 41.82568
703.3667, 35.58130
703.8488, 43.47803
704.3309, 53.65454
704.8130, 55.50122
705.2952, 50.46899
705.7773, 46.28516
706.2594, 46.81274
706.7415, 51.16553
707.2236, 61.35059
707.7057, 75.47388
708.1879, 80.33740
708.6700, 71.57642
709.1521, 61.01074
709.6342, 60.05615
710.1163, 68.18188
710.5984, 73.26392
711.0806, 68.25708
711.5627, 69.64429
712.0448, 89.61304
712.5269, 109.8855
713.0090, 113.2012
713.4911, 100.4802
713.9733, 85.20361
714.4554, 74.09131
714.9375, 67.49072
715.4196, 69.46655
715.9017, 78.30298
716.3839, 77.43115
716.8660, 60.04224
717.3481, 44.97095
717.8302, 54.74634
718.3123, 89.27539
718.7944, 102.3923
719.2766, 73.07886
719.7587, 51.47461
720.2408, 50.17236
720.7229, 57.49756
721.2050, 65.56616
721.6871, 71.96631
722.1693, 74.41968
722.6514, 71.68433
723.1335, 63.90479
723.6156, 45.86548
724.0977, 20.50684
724.5798, 11.27710
725.0620, 26.40942
725.5441, 49.34961
726.0262, 65.29883
726.5083, 74.79297
726.9904, 72.70044
727.4725, 41.42383
727.9547, 22.59668
728.4368, 34.89087
728.9189, 53.79541
729.4010, 54.79297
729.8831, 39.23730
730.3652, 28.84741
730.8474, 41.02148
731.3295, 62.70679
731.8116, 77.95801
732.2937, 87.17261
732.7758, 82.40576
733.2579, 60.89136
733.7401, 38.45532
734.2222, 30.62622
734.7043, 35.72632
735.1864, 46.18701
735.6685, 74.45337
736.1506, 91.04907
736.6328, 87.58862
737.1149, 75.68872
737.5970, 61.74316
738.0791, 48.27148
738.5612, 40.61108
739.0433, 45.20898
739.5255, 52.23926
740.0076, 48.84521
740.4897, 38.46338
740.9718, 31.14697
741.4539, 29.16626
741.9360, 33.49341
742.4182, 47.06396
742.9003, 67.72998
743.3824, 76.96899
743.8645, 67.11621
744.3466, 60.27539
744.8287, 63.37646
745.3109, 66.53271
745.7930, 61.92871
746.2751, 51.81323
746.7572, 44.15112
747.2393, 43.08203
747.7214, 45.11621
748.2036, 47.96826
748.6857, 51.50830
749.1678, 55.20776
749.6499, 59.10693
750.1320, 64.81152
750.6141, 74.37842
751.0963, 85.38525
751.5784, 87.35278
752.0605, 76.47534
752.5426, 67.26758
753.0247, 62.72632
753.5068, 58.86914
753.9890, 53.88843
754.4711, 47.59912
754.9532, 39.21387
755.4353, 25.31616
755.9174, 15.01685
756.3995, 16.54688
756.8817, 22.16309
757.3638, 20.34399
757.8459, 12.34619
758.3280, 10.07861
758.8101, 21.61353
759.2922, 39.30347
759.7744, 47.47266
760.2565, 45.78467
760.7386, 35.54150
761.2207, 8.154053
761.7028, 10.16431
762.1849, 7.261230
762.6671, 43.58081
763.1492, 54.10815
763.6313, 23.09058
764.1134, 0.8071290
764.5955, 4.928955
765.0776, 16.40625
765.5598, 22.98340
766.0419, 24.72705
766.5240, 25.40405
767.0061, 26.65576
767.4882, 26.77246
767.9703, 21.95850
768.4525, 13.63110
768.9346, 10.78760
769.4167, 14.69238
769.8988, 16.96655
770.3809, 11.19678
770.8630, 4.368652
771.3452, 11.82471
771.8273, 44.16943
772.3094, 59.58667
772.7915, 47.90137
773.2736, 31.44897
773.7557, 11.61719
774.2379, 4.088867
774.7200, 2.548828
775.2021, 18.22705
775.6842, 36.02148
776.1663, 28.92578
776.6484, 11.34131
777.1306, 7.276367
777.6127, 14.65479
778.0948, 20.06665
778.5769, 18.69971
779.0590, 13.97046
779.5411, 8.740967
780.0233, 2.735840
780.5054, 9.123047
780.9875, 41.88721
781.4696, 63.83228
781.9517, 62.46802
782.4338, 49.86279
782.9160, 29.72534
783.3981, 4.715576
783.8802, 9.607178
784.3623, 1.570801
784.8444, 12.00098
785.3265, 23.76099
785.8087, 32.51562
786.2908, 37.62866
786.7729, 38.36816
787.2550, 30.87256
787.7371, 9.848877
788.2192, 16.99438
788.7014, 25.88696
789.1835, 15.15527
789.6656, 22.02026
790.1477, 6.764160
790.6298, 2.655029
791.1119, 6.553955
791.5941, 11.59521
792.0762, 1.282959
792.5583, 2.339111
793.0404, 3.750977
793.5225, 10.66235
794.0046, 4.239258
794.4868, 9.824951
794.9689, 12.29785
795.4510, 20.07153
795.9331, 16.36401
796.4152, 16.20142
796.8973, 27.52002
797.3795, 32.53198
797.8616, 25.76929
798.3437, 26.47144
798.8258, 23.34521
799.3079, 10.92578
799.7900, 3.518066
800.2722, 6.139160
800.7543, 6.446533
801.2364, 17.85742
801.7185, 31.33691
802.2006, 36.00806
802.6827, 19.36841
803.1649, 1.786133
803.6470, 9.531982
804.1291, 1.858398
804.6112, 13.20044
805.0933, 41.25537
805.5754, 64.91895
806.0576, 67.69189
806.5397, 57.37183
807.0218, 46.75073
807.5039, 39.30884
807.9860, 33.13110
808.4681, 25.17847
808.9503, 18.48389
809.4324, 26.78540
809.9145, 51.60596
810.3966, 64.09106
810.8787, 55.20312
811.3608, 38.89185
811.8430, 22.99951
812.3251, 9.295654
812.8072, 11.11841
813.2893, 42.12866
813.7714, 68.37256
814.2535, 94.14014
814.7357, 108.0664
815.2178, 93.64087
815.6999, 62.45239
816.1820, 41.65308
816.6641, 42.73682
817.1462, 47.95679
817.6284, 38.92212
818.1105, 26.54053
818.5926, 32.31982
819.0747, 53.80615
819.5568, 70.39600
820.0389, 73.17603
820.5211, 69.25000
821.0032, 70.73657
821.4852, 78.22949
821.9673, 80.24634
822.4495, 73.76807
822.9316, 70.05737
823.4137, 78.97168
823.8958, 88.14648
824.3779, 75.82129
824.8600, 41.37573
825.3422, 24.80981
825.8243, 45.66650
826.3064, 66.98169
826.7885, 74.02588
827.2706, 74.55835
827.7527, 78.08813
828.2349, 85.50342
828.7170, 88.92651
829.1991, 83.44922
829.6812, 73.52100
830.1633, 59.38940
830.6454, 45.32812
831.1276, 50.23901
831.6097, 76.16553
832.0918, 97.79688
832.5739, 98.05811
833.0560, 83.35742
833.5381, 70.02100
834.0203, 56.85107
834.5024, 49.68433
834.9845, 51.94653
835.4666, 55.48120
835.9487, 54.94312
836.4308, 53.74219
836.9130, 58.16113
837.3951, 70.40210
837.8772, 77.96948
838.3593, 73.22754
838.8414, 67.53247
839.3235, 67.81055
839.8057, 71.70020
840.2878, 74.05444
840.7699, 74.32422
841.2520, 78.49243
841.7341, 96.55884
842.2162, 117.4036
842.6984, 114.3552
843.1805, 92.23389
843.6626, 76.31714
844.1447, 72.60229
844.6268, 72.62012
845.1089, 69.58423
845.5911, 64.03125
846.0732, 56.23462
846.5553, 43.01685
847.0374, 39.91406
847.5195, 56.62964
848.0016, 72.28760
848.4838, 74.12500
848.9659, 65.08228
849.4480, 48.60596
849.9301, 21.17505
850.4122, 3.783203
850.8943, 7.729248
851.3765, 18.46338
851.8586, 30.04492
852.3407, 40.52417
852.8228, 46.53076
853.3049, 47.21582
853.7870, 43.76562
854.2692, 32.55566
854.7513, 20.27490
855.2334, 22.22241
855.7155, 35.34888
856.1976, 46.45190
856.6797, 50.75317
857.1619, 45.84375
857.6440, 26.30029
858.1261, 2.659668
858.6082, 12.75342
859.0903, 0.7419430
859.5724, 16.79346
860.0546, 41.39453
860.5367, 56.34204
861.0188, 38.00269
861.5009, 1.474854
861.9830, 9.157471
862.4651, 19.16235
862.9473, 44.41675
863.4294, 62.87329
863.9115, 72.08691
864.3936, 65.36108
864.8757, 50.55176
865.3578, 38.15112
865.8400, 30.89502
866.3221, 29.43677
866.8042, 39.33228
867.2863, 51.82568
867.7684, 53.32275
868.2505, 47.04639
868.7327, 42.63965
869.2148, 42.82227
869.6969, 49.14624
870.1790, 65.77686
870.6611, 86.20483
871.1432, 79.36353
871.6254, 38.09473
872.1075, 17.40259
872.5896, 31.81006
873.0717, 49.77661
873.5538, 50.80591
874.0359, 40.74072
874.5181, 35.49731
875.0002, 37.35986
875.4823, 39.02100
875.9644, 39.23999
876.4465, 40.86206
876.9286, 45.42700
877.4108, 51.26318
877.8929, 59.33179
878.3750, 69.23560
878.8571, 71.82422
879.3392, 58.68750
879.8214, 40.38916
880.3035, 19.71704
880.7856, 2.130615
881.2677, 1.174561
881.7498, 9.172852
882.2319, 20.14526
882.7141, 22.44702
883.1962, 21.74951
883.6783, 33.13989
884.1604, 52.67749
884.6425, 48.63574
885.1246, 15.84985
885.6068, 8.501465
886.0889, 2.895020
886.5710, 18.53931
887.0531, 29.90601
887.5352, 30.06445
888.0173, 25.86206
888.4995, 11.42139
888.9816, 2.680420
889.4637, 6.623047
889.9458, 17.04199
890.4279, 30.68384
890.9100, 46.69580
891.3922, 55.80371
891.8743, 51.67432
892.3564, 47.22485
892.8385, 46.25171
893.3206, 46.63379
893.8027, 49.34863
894.2849, 51.57007
894.7670, 45.04761
895.2491, 24.35913
895.7312, 5.948730
896.2133, 7.516846
896.6954, 17.84033
897.1776, 19.15234
897.6597, 13.24170
898.1418, 9.969482
898.6239, 12.89917
899.1060, 20.58862
899.5881, 34.52441
900.0703, 50.73267
900.5524, 47.67017
901.0345, 24.20728
901.5166, 8.545654
901.9987, 7.733154
902.4808, 13.33643
902.9630, 19.97534
903.4451, 26.76245
903.9272, 29.69946
904.4093, 25.36011
904.8914, 24.45435
905.3735, 30.25781
905.8557, 36.15576
906.3378, 42.86499
906.8199, 46.19067
907.3020, 36.64893
907.7841, 11.24463
908.2662, 3.286377
908.7484, 7.487061
909.2305, 21.53735
909.7126, 29.10913
910.1947, 33.33276
910.6768, 39.48193
911.1589, 46.98315
911.6411, 50.23242
912.1232, 46.00757
912.6053, 36.77368
913.0874, 14.86792
913.5695, 5.675537
914.0516, 8.475342
914.5338, 50.96460
915.0159, 80.85474
915.4980, 79.01074
915.9801, 62.55176
916.4622, 56.54639
916.9443, 59.13574
917.4265, 42.34912
917.9086, 4.862061
918.3907, 14.85400
918.8728, 2.709229
919.3549, 19.02979
919.8370, 29.38110
920.3192, 31.29175
920.8013, 33.72803
921.2834, 39.47485
921.7655, 38.12744
922.2476, 16.13599
922.7297, 3.195557
923.2119, 31.46069
923.6940, 74.20801
924.1761, 80.63428
924.6582, 38.65552
925.1403, 14.97632
925.6224, 37.10034
926.1046, 54.74170
926.5867, 43.72388
927.0688, 20.91089
927.5509, 0.2805180
928.0330, 15.08887
928.5151, 17.11304
928.9973, 3.006348
929.4794, 28.17725
929.9615, 51.70093
930.4436, 69.50708
930.9257, 72.34448
931.4078, 64.42017
931.8900, 62.19800
932.3721, 72.69678
932.8542, 79.04517
933.3363, 52.05542
933.8184, 9.164795
934.3005, 1.409668
934.7827, 23.42700
935.2648, 34.42896
935.7469, 23.21851
936.2290, 16.27612
936.7111, 40.02100
937.1932, 82.09839
937.6754, 104.7651
938.1575, 106.6301
938.6396, 98.43774
939.1217, 77.18213
939.6038, 60.13892
940.0859, 58.63306
940.5681, 63.31714
941.0502, 55.91284
941.5323, 32.02051
942.0144, 19.41528
942.4965, 26.69971
942.9786, 32.83594
943.4608, 30.59106
943.9429, 27.68530
944.4250, 30.02441
944.9071, 36.19141
945.3892, 41.21997
945.8713, 45.31885
946.3535, 46.48975
946.8356, 39.61035
947.3177, 34.24707
947.7998, 41.27197
948.2819, 52.50513
948.7640, 51.04785
949.2462, 33.45483
949.7283, 21.99097
950.2104, 38.01245
950.6925, 57.52710
951.1746, 58.61646
951.6567, 48.70264
952.1389, 37.01050
952.6210, 27.04199
953.1031, 25.33521
953.5852, 36.96509
954.0673, 51.48364
954.5494, 53.42651
955.0316, 47.51196
955.5137, 46.47778
955.9958, 50.38940
956.4779, 54.88940
956.9600, 58.37817
957.4421, 57.77905
957.9243, 47.67480
958.4064, 31.82397
958.8885, 28.98877
959.3706, 39.86890
959.8527, 50.73389
960.3348, 59.25562
960.8170, 69.36572
961.2991, 86.93262
961.7812, 102.5327
962.2633, 90.95825
962.7454, 41.46753
963.2275, 14.11743
963.7097, 18.26147
964.1918, 26.97119
964.6739, 34.35693
965.1560, 40.33032
965.6381, 44.75342
966.1202, 47.28442
966.6024, 48.80005
967.0845, 51.58960
967.5666, 49.16602
968.0487, 34.77612
968.5308, 21.40552
969.0129, 17.59033
969.4951, 19.04199
969.9772, 17.95386
970.4593, 12.81982
970.9414, 9.664551
971.4235, 9.007568
971.9056, 12.57764
972.3878, 27.07886
972.8699, 40.72534
973.3520, 34.04956
973.8341, 13.73755
974.3162, 10.85913
974.7983, 44.79541
975.2805, 75.11792
975.7626, 62.06665
976.2447, 34.12231
976.7268, 27.72729
977.2089, 37.02563
977.6910, 44.87427
978.1732, 46.17627
978.6553, 43.78857
979.1374, 37.98340
979.6195, 32.76196
980.1016, 41.24414
980.5837, 54.63916
981.0659, 42.25220
981.5480, 4.592529
982.0301, 27.48633
982.5122, 38.54004
982.9943, 33.77563
983.4764, 13.31812
983.9586, 17.51001
984.4407, 22.02905
984.9228, 0.7827150
985.4049, 9.009033
985.8870, 2.191406
986.3691, 22.51758
986.8513, 45.78198
987.3334, 66.02417
987.8155, 64.60327
988.2976, 36.19946
988.7797, 21.87109
989.2618, 25.64795
989.7440, 36.83936
990.2261, 55.52368
990.7082, 72.01685
991.1903, 73.55884
991.6724, 60.28467
992.1545, 46.78516
992.6367, 33.61646
993.1188, 20.00122
993.6009, 1.535400
994.0830, 14.26392
994.5651, 1.267334
995.0472, 24.97046
995.5294, 38.46802
996.0115, 36.12427
996.4936, 34.84033
996.9757, 31.52979
997.4578, 34.18799
997.9399, 53.52124
998.4221, 72.59595
998.9042, 76.50415
999.3863, 67.48364
999.8684, 56.23511
1000.351, 41.19458
1000.833, 32.79272
1001.315, 39.17114
1001.797, 47.22119
1002.279, 49.47168
1002.761, 48.40698
1003.243, 48.62769
1003.725, 50.23120
1004.207, 48.23657
1004.690, 35.56885
1005.172, 11.71143
1005.654, 25.54492
1006.136, 33.58276
1006.618, 36.09912
1007.100, 16.49634
1007.582, 25.31348
1008.064, 22.78516
1008.547, 19.84082
1009.029, 32.77539
1009.511, 16.43335
1009.993, 29.05933
1010.475, 30.05908
1010.957, 36.35034
1011.439, 31.21191
1011.921, 29.67334
1012.403, 39.61841
1012.886, 43.20190
1013.368, 36.78271
1013.850, 43.51147
1014.332, 26.76392
1014.814, 30.61475
1015.296, 43.35132
1015.778, 37.50952
1016.260, 44.37231
1016.742, 46.36719
1017.225, 39.71558
1017.707, 36.32837
1018.189, 29.84692
1018.671, 29.10962
1019.153, 34.07495
1019.635, 39.97803
1020.117, 45.05200
1020.599, 46.58154
1021.082, 39.92310
1021.564, 29.79517
1022.046, 34.00000
1022.528, 51.14746
1023.010, 60.06055
1023.492, 57.66577
1023.974, 58.75269
1024.456, 72.30078
1024.938, 84.55981
1025.421, 71.18750
1025.903, 35.82471
1026.385, 28.66797
1026.867, 53.93579
1027.349, 66.72510
1027.831, 55.78027
1028.313, 42.72632
1028.795, 41.90039
1029.278, 49.17188
1029.760, 55.53857
1030.242, 60.91992
1030.724, 68.58032
1031.206, 82.89771
1031.688, 81.62646
1032.170, 51.16577
1032.652, 20.62036
1033.135, 16.46509
1033.617, 31.85425
1034.099, 40.30273
1034.581, 36.92432
1035.063, 41.91528
1035.545, 63.59155
1036.027, 76.41089
1036.509, 65.47437
1036.991, 48.67969
1037.474, 46.61572
1037.956, 57.46851
1038.438, 61.12109
1038.920, 49.50122
1039.402, 46.42773
1039.884, 59.92358
1040.366, 70.79932
1040.848, 67.66553
1041.330, 59.58618
1041.813, 60.23560
1042.295, 69.55127
1042.777, 73.13599
1043.259, 61.10815
1043.741, 58.10864
1044.223, 76.10962
1044.705, 92.39722
1045.187, 94.52563
1045.670, 86.70850
1046.152, 74.40356
1046.634, 56.34912
1047.116, 45.12036
1047.598, 50.40112
1048.080, 50.75391
1048.562, 32.95239
1049.044, 16.58398
1049.526, 19.30762
1050.009, 33.21338
1050.491, 37.19849
1050.973, 24.13550
1051.455, 23.08789
1051.937, 55.14502
1052.419, 79.14087
1052.901, 68.91138
1053.383, 52.44897
1053.865, 56.55396
1054.348, 75.88306
1054.830, 89.75684
1055.312, 95.23950
1055.794, 92.88721
1056.276, 77.63159
1056.758, 60.80029
1057.240, 42.59277
1057.722, 29.33691
1058.205, 30.67480
1058.687, 43.42065
1059.169, 52.54810
1059.651, 52.16724
1060.133, 50.94165
1060.615, 48.90332
1061.097, 49.63794
1061.579, 61.86914
1062.062, 73.95898
1062.544, 68.03271
1063.026, 45.88086
1063.508, 29.65771
1063.990, 27.54883
1064.472, 29.78076
1064.954, 35.28540
1065.436, 41.10913
1065.918, 46.04639
1066.401, 49.48193
1066.883, 50.35303
1067.365, 48.43066
1067.847, 46.60474
1068.329, 45.39722
1068.811, 45.29297
1069.293, 45.35962
1069.775, 47.63354
1070.257, 59.46216
1070.740, 71.89795
1071.222, 65.69458
1071.704, 39.64282
1072.186, 22.21216
1072.668, 32.91211
1073.150, 44.61084
1073.632, 45.46338
1074.114, 42.97656
1074.596, 36.24146
1075.079, 28.96655
1075.561, 33.60645
1076.043, 51.70483
1076.525, 62.96851
1077.007, 50.18701
1077.489, 39.04858
1077.971, 45.65161
1078.453, 56.74292
1078.936, 61.27954
1079.418, 60.44604
1079.900, 58.49976
1080.382, 56.44434
1080.864, 54.63354
1081.346, 54.60034
1081.828, 53.17188
1082.310, 46.74756
1082.792, 39.83350
1083.275, 37.23413
1083.757, 37.44849
1084.239, 35.75952
1084.721, 30.93237
1085.203, 29.37964
1085.685, 38.05298
1086.167, 45.09424
1086.649, 41.51978
1087.131, 36.55200
1087.614, 40.78003
1088.096, 50.42627
1088.578, 54.34375
1089.060, 49.42529
1089.542, 45.57446
1090.024, 50.53101
1090.506, 52.94238
1090.988, 43.52710
1091.471, 31.77100
1091.953, 27.29126
1092.435, 27.95532
1092.917, 25.19263
1093.399, 15.80298
1093.881, 14.71875
1094.363, 35.76978
1094.845, 56.10327
1095.328, 68.51001
1095.810, 71.99048
1096.292, 64.46240
1096.774, 47.74561
1097.256, 22.65479
1097.738, 13.69385
1098.220, 35.61133
1098.702, 27.97778
1099.184, 12.88013
1099.667, 6.411377
1100.149, 23.77246
1100.631, 32.63135
1101.113, 35.58789
1101.595, 40.10913
1102.077, 48.40210
1102.559, 52.94995
1103.041, 49.67017
1103.523, 45.24292
1104.006, 38.11499
1104.488, 34.43311
1104.970, 44.02832
1105.452, 60.06274
1105.934, 64.04712
1106.416, 49.79248
1106.898, 43.92358
1107.380, 64.23218
1107.863, 75.95801
1108.345, 60.28540
1108.827, 42.47119
1109.309, 46.11572
1109.791, 61.57275
1110.273, 62.73486
1110.755, 42.59497
1111.237, 32.73193
1111.719, 46.16675
1112.202, 55.98779
1112.684, 50.93188
1113.166, 45.31006
1113.648, 49.37744
1114.130, 60.10986
1114.612, 73.78003
1115.094, 96.17529
1115.576, 93.55273
1116.058, 31.11011
1116.541, 2.648438
1117.023, 30.27588
1117.505, 67.83447
1117.987, 71.38623
1118.469, 53.27563
1118.951, 36.08154
1119.433, 18.98486
1119.915, 9.019531
1120.398, 8.802734
1120.880, 10.33521
1121.362, 13.12085
1121.844, 16.28418
1122.326, 20.73560
1122.808, 23.58081
1123.290, 18.30688
1123.772, 4.144775
1124.255, 0.8105470
1124.737, 7.779541
1125.219, 11.45020
1125.701, 5.826904
1126.183, 1.063477
1126.665, 6.665527
1127.147, 7.011475
1127.629, 6.833496
1128.111, 33.21851
1128.594, 39.07959
1129.076, 20.08667
1129.558, 10.75684
1130.040, 18.26953
1130.522, 18.22534
1131.004, 4.197998
1131.486, 28.15283
1131.968, 24.58643
1132.450, 1.041260
1132.933, 20.03296
1133.415, 32.35938
1133.897, 35.20874
1134.379, 28.07080
1134.861, 22.66772
1135.343, 24.04468
1135.825, 28.32373
1136.307, 30.58960
1136.790, 33.47583
1137.272, 49.78955
1137.754, 74.76685
1138.236, 78.61328
1138.718, 61.29053
1139.200, 42.50391
1139.682, 29.55078
1140.164, 24.10205
1140.646, 30.13892
1141.129, 38.57837
1141.611, 30.62012
1142.093, 12.86279
1142.575, 1.027588
1143.057, 8.395020
1143.539, 1.928711
1144.021, 18.12329
1144.503, 38.50562
1144.985, 51.19751
1145.468, 55.45435
1145.950, 43.98901
1146.432, 27.97241
1146.914, 24.73047
1147.396, 30.57373
1147.878, 36.45020
1148.360, 40.33984
1148.842, 43.73120
1149.325, 47.26465
1149.807, 51.03491
1150.289, 56.59668
1150.771, 60.96411
1151.253, 60.65015
1151.735, 57.81836
1152.217, 55.26880
1152.699, 53.23193
1153.182, 50.59717
1153.664, 46.35571
1154.146, 44.92236
1154.628, 55.69873
1155.110, 61.06470
1155.592, 40.34717
1156.074, 16.18652
1156.556, 17.34668
1157.038, 35.82300
1157.521, 44.39600
1158.003, 35.20166
1158.485, 32.95044
1158.967, 53.12085
1159.449, 66.60938
1159.931, 60.58911
1160.413, 49.71240
1160.895, 41.00220
1161.377, 36.53784
1161.860, 37.12817
1162.342, 44.29419
1162.824, 45.67017
1163.306, 41.22778
1163.788, 30.20679
1164.270, 1.371094
1164.752, 14.95068
1165.234, 1.634033
1165.717, 30.51416
1166.199, 44.96948
1166.681, 46.96802
1167.163, 56.08301
1167.645, 77.47607
1168.127, 80.89307
1168.609, 59.46240
1169.091, 41.49292
1169.573, 36.77808
1170.056, 43.04028
1170.538, 60.87695
1171.020, 82.66260
1171.502, 81.70996
1171.984, 60.01782
1172.466, 55.50952
1172.948, 68.45605
1173.430, 71.35962
1173.912, 57.46118
1174.395, 47.51929
1174.877, 57.94556
1175.359, 75.11743
1175.841, 79.04541
1176.323, 72.87061
1176.805, 59.74072
1177.287, 44.39502
1177.769, 43.61084
1178.252, 57.00171
1178.734, 67.96606
1179.216, 68.65894
1179.698, 69.25781
1180.180, 80.67163
1180.662, 95.81030
1181.144, 110.7905
1181.626, 121.6006
1182.109, 121.9534
1182.591, 113.5439
1183.073, 96.94189
1183.555, 73.62891
1184.037, 61.59326
1184.519, 86.06812
1185.001, 103.0679
1185.483, 76.49634
1185.965, 48.03857
1186.448, 57.45972
1186.930, 82.00464
1187.412, 82.30981
1187.894, 58.22778
1188.376, 46.27759
1188.858, 63.43799
1189.340, 72.90894
1189.822, 72.75903
1190.304, 67.30835
1190.787, 46.43921
1191.269, 27.82056
1191.751, 28.89160
1192.233, 43.99756
1192.715, 55.08032
1193.197, 61.55737
1193.679, 66.49463
1194.161, 68.87744
1194.644, 74.45166
1195.126, 88.69946
1195.608, 91.06396
1196.090, 64.54688
1196.572, 29.21655
1197.054, 18.63501
1197.536, 29.93896
1198.018, 44.89062
1198.500, 62.75220
1198.983, 65.15479
1199.465, 50.42651
1199.947, 30.28711
1200.429, 9.439941
1200.911, 1.535889
1201.393, 10.92139
1201.875, 36.11865
1202.357, 62.32153
1202.839, 82.48413
1203.322, 71.68677
1203.804, 42.31128
1204.286, 33.51880
1204.768, 50.92236
1205.250, 68.93652
1205.732, 74.08228
1206.214, 73.07129
1206.696, 71.51001
1207.179, 66.07007
1207.661, 50.01538
1208.143, 31.00684
1208.625, 15.89648
1209.107, 6.937500
1209.589, 9.820801
1210.071, 27.96509
1210.553, 40.56445
1211.036, 37.28027
1211.518, 33.14575
1212.000, 28.17114
1212.482, 28.61084
1212.964, 48.18530
1213.446, 69.82495
1213.928, 62.03931
1214.410, 27.09985
1214.892, 19.06641
1215.375, 55.04688
1215.857, 70.58350
1216.339, 54.41821
1216.821, 39.11035
1217.303, 34.84912
1217.785, 28.92627
1218.267, 6.869141
1218.749, 17.97339
1219.231, 4.533691
1219.714, 42.90771
1220.196, 56.44727
1220.678, 38.91260
1221.160, 26.15820
1221.642, 25.20312
1222.124, 30.94531
1222.606, 40.83398
1223.088, 49.69336
1223.571, 52.87012
1224.053, 50.25879
1224.535, 34.79492
1225.017, 17.49854
1225.499, 20.31885
1225.981, 37.65479
1226.463, 53.49756
1226.945, 62.56445
1227.427, 60.15186
1227.910, 33.28125
1228.392, 17.38477
1228.874, 45.21143
1229.356, 75.05176
1229.838, 81.24756
1230.320, 72.73438
1230.802, 50.22168
1231.284, 23.75293
1231.766, 28.39502
1232.249, 84.14551
1232.731, 110.9385
1233.213, 92.24902
1233.695, 69.27783
1234.177, 42.24268
1234.659, 23.72803
1235.141, 22.79883
1235.623, 32.41553
1236.106, 44.21631
1236.588, 57.47705
1237.070, 67.16211
1237.552, 73.20898
1238.034, 82.79639
1238.516, 96.02539
1238.998, 95.45410
1239.480, 76.00244
1239.963, 53.90576
1240.445, 41.17285
1240.927, 34.34277
1241.409, 28.12744
1241.891, 24.46826
1242.373, 28.75781
1242.855, 37.67139
1243.337, 43.42334
1243.819, 48.89111
1244.302, 50.66602
1244.784, 47.15234
1245.266, 36.42578
1245.748, 4.285645
1246.230, 17.73926
1246.712, 5.887207
1247.194, 14.19092
1247.676, 27.38965
1248.158, 34.04150
1248.641, 33.24854
1249.123, 26.83398
1249.605, 27.69482
1250.087, 40.64014
1250.569, 50.89893
1251.051, 61.61914
1251.533, 61.51514
1252.015, 42.92188
1252.498, 24.74268
1252.980, 19.23926
1253.462, 21.64111
1253.944, 23.78467
1254.426, 26.65039
1254.908, 40.29590
1255.390, 62.30078
1255.872, 67.26953
1256.354, 55.00098
1256.837, 44.49561
1257.319, 32.92529
1257.801, 32.24072
1258.283, 27.45166
1258.765, 24.04053
1259.247, 33.57812
1259.729, 43.50928
1260.211, 32.85303
1260.693, 15.70459
1261.176, 18.37061
1261.658, 35.01611
1262.140, 37.83887
1262.622, 18.83936
1263.104, 6.434082
1263.586, 14.91455
1264.068, 22.19678
1264.550, 23.36035
1265.033, 20.67432
1265.515, 8.498047
1265.997, 0.5473630
1266.479, 7.877930
1266.961, 12.85156
1267.443, 0.0000000E+00
##END=



