##NAMES=Metavivianite
##RRUFFID=R130545
##IDEAL CHEMISTRY=Fe^2+^Fe^3+^_2_(PO_4_)_2_(OH)_2_&#183;6H_2_O
##LOCALITY=Rapid Creek, Yukon Territory, Canada
##OWNER=RRUFF
##SOURCE=Rock Currier
##DESCRIPTION=Dull olive-green platy mass, associated with masses of brighter green acicular gormanite on brown siderite. Metavivianite is twinned around [1 -1 0].
##STATUS=The identification of this mineral is not yet confirmed.
##URL=rruff.info/R130545
159.4900, 0.0000000E+00
159.9721, 0.8105930
160.4542, 1.047760
160.9364, 0.6111760
161.4185, 0.9975740
161.9006, 1.781219
162.3827, 2.267166
162.8648, 2.968536
163.3469, 4.559311
163.8291, 5.044998
164.3112, 3.913361
164.7933, 2.808960
165.2754, 1.989975
165.7575, 1.398727
166.2396, 0.9848790
166.7218, 0.2009120
167.2039, 0.4756770
167.6860, 0.6064610
168.1681, 0.1268770
168.6502, 0.4083860
169.1323, 0.7224580
169.6145, 0.8507080
170.0966, 0.8350520
170.5787, 0.6212770
171.0608, 0.3133540
171.5429, 4.7667999E-02
172.0250, 0.4641110
172.5072, 0.7947390
172.9893, 0.9126430
173.4714, 0.8674770
173.9535, 0.7514040
174.4356, 0.6642300
174.9177, 0.5041050
175.3999, 6.9045998E-02
175.8820, 0.6823430
176.3641, 1.407654
176.8462, 1.788132
177.3283, 1.908127
177.8104, 1.990723
178.2926, 2.021118
178.7747, 2.103760
179.2568, 2.448120
179.7389, 3.078674
180.2210, 3.822601
180.7031, 4.574814
181.1853, 5.294632
181.6674, 5.801788
182.1495, 5.821014
182.6316, 5.568787
183.1137, 5.538956
183.5958, 5.770370
184.0780, 6.195526
184.5601, 6.850479
185.0422, 7.683624
185.5243, 8.437622
186.0064, 8.882874
186.4885, 9.124817
186.9707, 9.540710
187.4528, 10.20667
187.9349, 10.92413
188.4170, 11.22937
188.8991, 11.15883
189.3812, 11.39641
189.8634, 12.55411
190.3455, 14.44961
190.8276, 15.97321
191.3097, 17.04572
191.7918, 17.77531
192.2739, 18.21275
192.7561, 18.34500
193.2382, 18.63681
193.7203, 19.37579
194.2024, 20.53287
194.6845, 21.82170
195.1666, 23.22554
195.6488, 24.73160
196.1309, 26.44893
196.6130, 28.46645
197.0951, 30.15718
197.5772, 30.84924
198.0593, 30.52206
198.5415, 31.25560
199.0236, 33.53886
199.5057, 36.53409
199.9878, 38.17709
200.4699, 38.23956
200.9520, 38.09000
201.4342, 38.55814
201.9163, 39.71222
202.3984, 40.67372
202.8805, 41.38446
203.3626, 41.87161
203.8447, 42.20023
204.3269, 42.37088
204.8090, 42.37659
205.2911, 42.17554
205.7732, 41.73473
206.2553, 41.33044
206.7374, 41.05310
207.2196, 40.77597
207.7017, 40.06549
208.1838, 38.74509
208.6659, 37.47736
209.1480, 36.71143
209.6301, 36.58801
210.1123, 36.29581
210.5944, 35.77475
211.0765, 35.06451
211.5586, 34.24973
212.0407, 33.27805
212.5228, 32.31671
213.0050, 31.46376
213.4871, 30.73747
213.9692, 30.05966
214.4513, 29.41603
214.9334, 28.82085
215.4155, 28.29688
215.8977, 27.83469
216.3798, 27.45163
216.8619, 27.18578
217.3440, 26.99054
217.8261, 26.67827
218.3082, 26.19414
218.7904, 25.59323
219.2725, 25.03134
219.7546, 24.42374
220.2367, 24.01511
220.7188, 23.99809
221.2009, 24.59940
221.6831, 24.97069
222.1652, 25.04320
222.6473, 24.89639
223.1294, 24.72670
223.6115, 24.44736
224.0936, 24.28349
224.5758, 24.34361
225.0579, 24.71953
225.5400, 25.14986
226.0221, 25.71681
226.5042, 26.34238
226.9863, 26.80458
227.4685, 27.10648
227.9506, 27.24510
228.4327, 27.16460
228.9148, 26.61908
229.3969, 26.42427
229.8790, 26.66670
230.3612, 27.22670
230.8433, 27.83403
231.3254, 28.59813
231.8075, 29.25494
232.2896, 29.67377
232.7717, 29.75513
233.2539, 29.82907
233.7360, 29.86786
234.2181, 29.89803
234.7002, 29.99290
235.1823, 30.19893
235.6644, 30.39087
236.1466, 30.50356
236.6287, 30.47090
237.1108, 30.54572
237.5929, 30.82254
238.0750, 31.16702
238.5571, 31.29518
239.0393, 31.12772
239.5214, 30.87296
240.0035, 30.59599
240.4856, 30.27524
240.9677, 29.99448
241.4498, 29.72481
241.9320, 29.51881
242.4141, 29.47745
242.8962, 29.70825
243.3783, 29.93900
243.8604, 30.04524
244.3425, 29.92947
244.8247, 30.09137
245.3068, 30.72722
245.7889, 31.52078
246.2710, 31.91737
246.7531, 31.52744
247.2352, 31.41116
247.7174, 31.98997
248.1995, 33.46088
248.6816, 34.58292
249.1637, 35.19936
249.6458, 35.58084
250.1279, 36.08176
250.6101, 36.67331
251.0922, 37.44781
251.5743, 38.52892
252.0564, 40.01807
252.5385, 41.02975
253.0206, 41.36566
253.5028, 41.40628
253.9849, 41.58447
254.4670, 41.87273
254.9491, 42.36028
255.4312, 43.12811
255.9133, 44.19333
256.3955, 45.18073
256.8776, 46.17996
257.3597, 47.00169
257.8418, 47.33554
258.3239, 46.77658
258.8061, 46.71797
259.2882, 47.65295
259.7703, 49.56010
260.2524, 50.73209
260.7345, 50.86536
261.2166, 50.70343
261.6988, 50.93781
262.1809, 51.73766
262.6630, 52.45840
263.1451, 53.00946
263.6272, 53.39423
264.1093, 53.58852
264.5915, 53.51965
265.0736, 53.39380
265.5557, 53.34845
266.0378, 53.37970
266.5199, 53.55643
267.0020, 53.98077
267.4842, 54.56189
267.9663, 54.73857
268.4484, 54.29132
268.9305, 53.93988
269.4126, 54.27481
269.8947, 55.50110
270.3769, 56.49429
270.8590, 57.07510
271.3411, 57.38873
271.8232, 57.95522
272.3053, 58.90204
272.7874, 59.70795
273.2696, 60.00809
273.7517, 59.71465
274.2338, 59.44804
274.7159, 59.20105
275.1980, 59.04219
275.6801, 59.19502
276.1623, 59.72574
276.6444, 60.28043
277.1265, 60.72058
277.6086, 61.05391
278.0907, 61.21178
278.5728, 61.22069
279.0550, 61.01251
279.5371, 60.22508
280.0192, 58.72571
280.5013, 57.73105
280.9834, 58.24451
281.4655, 60.19684
281.9477, 60.68771
282.4298, 59.44087
282.9119, 57.44791
283.3940, 56.01100
283.8761, 55.13680
284.3582, 54.40128
284.8404, 53.67902
285.3225, 52.96362
285.8046, 52.20822
286.2867, 51.40643
286.7688, 50.63564
287.2509, 50.00165
287.7331, 49.49805
288.2152, 49.03200
288.6973, 48.60359
289.1794, 48.18575
289.6615, 47.70595
290.1436, 47.15904
290.6258, 46.57201
291.1079, 45.92500
291.5900, 45.24225
292.0721, 44.61029
292.5542, 44.03658
293.0363, 43.55946
293.5185, 43.34879
294.0006, 43.39896
294.4827, 43.40947
294.9648, 43.16508
295.4469, 42.69505
295.9290, 42.02277
296.4112, 41.02274
296.8933, 40.03339
297.3754, 39.64893
297.8575, 39.79164
298.3396, 39.99628
298.8217, 39.97322
299.3039, 39.79683
299.7860, 39.64252
300.2681, 39.54918
300.7502, 39.44035
301.2323, 39.19719
301.7144, 38.84599
302.1966, 38.53264
302.6787, 38.36958
303.1608, 38.24663
303.6429, 37.97168
304.1250, 37.53607
304.6071, 37.10776
305.0893, 36.91379
305.5714, 36.82719
306.0535, 36.61098
306.5356, 36.08870
307.0177, 35.41821
307.4998, 34.75140
307.9820, 34.08629
308.4641, 33.44183
308.9462, 32.76942
309.4283, 32.11261
309.9104, 31.52974
310.3925, 31.30055
310.8747, 31.01656
311.3568, 30.25224
311.8389, 29.09468
312.3210, 28.20401
312.8031, 28.16908
313.2852, 28.46114
313.7674, 28.57663
314.2495, 28.35394
314.7316, 27.93816
315.2137, 27.37625
315.6958, 26.68567
316.1779, 25.90739
316.6601, 24.79851
317.1422, 23.75618
317.6243, 23.09015
318.1064, 23.07240
318.5885, 23.01163
319.0706, 22.64761
319.5528, 22.06953
320.0349, 21.46088
320.5170, 20.73145
320.9991, 20.11777
321.4812, 19.82664
321.9633, 20.05273
322.4455, 19.93707
322.9276, 18.83916
323.4097, 17.46237
323.8918, 16.66901
324.3739, 17.37555
324.8560, 17.85619
325.3382, 17.54852
325.8203, 16.34584
326.3024, 15.42413
326.7845, 15.00755
327.2666, 14.80887
327.7487, 14.60167
328.2309, 14.47873
328.7130, 14.24232
329.1951, 13.81931
329.6772, 13.23534
330.1593, 12.72786
330.6414, 12.29567
331.1236, 11.95024
331.6057, 11.71492
332.0878, 11.78433
332.5699, 11.58342
333.0520, 10.92180
333.5341, 10.01192
334.0163, 9.477829
334.4984, 9.519943
334.9805, 9.617157
335.4626, 9.570450
335.9447, 9.371811
336.4268, 9.021347
336.9090, 8.431412
337.3911, 7.777847
337.8732, 7.376633
338.3553, 7.306488
338.8374, 7.213211
339.3195, 6.994308
339.8017, 6.657959
340.2838, 6.228607
340.7659, 5.673477
341.2480, 5.107361
341.7301, 4.653503
342.2122, 4.325714
342.6944, 3.941147
343.1765, 3.398193
343.6586, 2.794250
344.1407, 2.575424
344.6228, 2.779541
345.1049, 2.942627
345.5871, 2.611755
346.0692, 1.867477
346.5513, 1.361130
347.0334, 1.234543
347.5155, 1.251572
347.9977, 0.9638520
348.4798, 0.4131770
348.9619, 4.5929998E-03
349.4440, 0.1035920
349.9261, 0.4900360
350.4082, 0.5722500
350.8904, 0.2914120
351.3725, 0.1322170
351.8546, 0.5338590
352.3367, 0.9062810
352.8188, 1.239548
353.3009, 1.464859
353.7831, 1.682892
354.2652, 2.102020
354.7473, 2.706192
355.2294, 3.150406
355.7115, 3.076828
356.1936, 2.725159
356.6758, 2.399063
357.1579, 2.149216
357.6400, 1.998337
358.1221, 2.024902
358.6042, 2.179535
359.0863, 2.296082
359.5685, 2.325012
360.0506, 2.262024
360.5327, 2.049515
361.0148, 1.551605
361.4969, 1.245850
361.9790, 1.510956
362.4612, 2.071518
362.9433, 2.471725
363.4254, 2.485031
363.9075, 2.391373
364.3896, 2.273224
364.8717, 2.128708
365.3539, 2.040253
365.8360, 2.181213
366.3181, 2.311920
366.8002, 2.223083
367.2823, 1.553848
367.7644, 1.036819
368.2466, 0.8382260
368.7287, 0.9329070
369.2108, 0.9878390
369.6929, 0.9757390
370.1750, 0.9501800
370.6571, 0.9418330
371.1393, 1.025345
371.6214, 0.9874420
372.1035, 0.7437290
372.5856, 0.4042360
373.0677, 0.2316590
373.5498, 0.3111420
374.0320, 0.3929440
374.5141, 0.3768160
374.9962, 0.2461700
375.4783, 0.1726530
375.9604, 0.1976170
376.4425, 0.2105260
376.9247, 4.7867000E-02
377.4068, 0.3259120
377.8889, 0.6551970
378.3710, 0.8836670
378.8531, 1.016357
379.3352, 1.064713
379.8174, 1.024765
380.2995, 0.9325100
380.7816, 0.7238460
381.2637, 0.4369350
381.7458, 0.4688260
382.2279, 0.9674380
382.7101, 1.608551
383.1922, 1.822876
383.6743, 1.668198
384.1564, 1.536758
384.6385, 1.658524
385.1206, 1.946991
385.6028, 2.243668
386.0849, 2.544220
386.5670, 2.825317
387.0491, 3.050903
387.5312, 3.243439
388.0133, 3.447403
388.4955, 3.649933
388.9776, 3.894562
389.4597, 4.241272
389.9418, 4.676071
390.4239, 5.117157
390.9060, 5.574677
391.3882, 5.985428
391.8703, 6.270096
392.3524, 6.338684
392.8345, 6.442932
393.3166, 6.838806
393.7987, 7.351074
394.2809, 7.624420
394.7630, 7.104385
395.2451, 6.698853
395.7272, 6.916901
396.2093, 7.930939
396.6914, 8.698303
397.1736, 8.806412
397.6557, 8.674255
398.1378, 8.686752
398.6199, 8.984497
399.1020, 9.313202
399.5841, 9.689880
400.0663, 10.09201
400.5484, 10.36884
401.0305, 10.45284
401.5126, 10.48503
401.9947, 10.51874
402.4768, 10.49965
402.9590, 10.62166
403.4411, 10.92931
403.9232, 11.34879
404.4053, 11.77847
404.8874, 12.26881
405.3695, 12.62102
405.8517, 12.72336
406.3338, 12.60028
406.8159, 12.61063
407.2980, 12.77023
407.7801, 13.02846
408.2622, 13.39989
408.7444, 13.87318
409.2265, 14.16023
409.7086, 14.13585
410.1907, 13.96710
410.6728, 13.96228
411.1549, 14.12277
411.6371, 14.42343
412.1192, 15.07845
412.6013, 15.80017
413.0834, 15.89423
413.5655, 15.27631
414.0476, 14.54323
414.5298, 14.19881
415.0119, 14.14644
415.4940, 14.19466
415.9761, 14.34460
416.4582, 14.47897
416.9403, 14.53990
417.4225, 14.52527
417.9046, 14.37723
418.3867, 13.92415
418.8688, 13.43065
419.3509, 13.11316
419.8330, 13.07913
420.3152, 12.95638
420.7973, 12.54149
421.2794, 11.99274
421.7615, 11.55907
422.2436, 11.33528
422.7257, 11.21214
423.2079, 11.20935
423.6900, 11.34512
424.1721, 11.30608
424.6542, 10.89638
425.1363, 10.46901
425.6184, 10.25758
426.1006, 10.52919
426.5827, 10.51573
427.0648, 9.981384
427.5469, 9.133011
428.0290, 8.741760
428.5111, 9.081665
428.9933, 9.325317
429.4754, 9.002701
429.9575, 7.981171
430.4396, 7.557999
430.9217, 7.901352
431.4038, 8.428055
431.8860, 8.370621
432.3681, 7.713791
432.8502, 7.074005
433.3323, 6.577301
433.8144, 6.219498
434.2965, 6.033432
434.7787, 6.030396
435.2608, 6.119949
435.7429, 6.312225
436.2250, 6.529037
436.7071, 6.536987
437.1892, 6.260559
437.6714, 5.974197
438.1535, 6.114456
438.6356, 6.466415
439.1177, 6.558929
439.5998, 5.880249
440.0819, 5.115707
440.5641, 4.839630
441.0462, 5.007324
441.5283, 5.263657
442.0104, 5.453857
442.4925, 5.636963
442.9746, 5.861343
443.4568, 6.180145
443.9389, 6.458298
444.4210, 6.647659
444.9031, 6.764999
445.3852, 6.845520
445.8673, 6.734726
446.3495, 6.741867
446.8316, 6.979370
447.3137, 7.479218
447.7958, 8.045578
448.2779, 8.937897
448.7600, 9.675446
449.2422, 9.824646
449.7243, 8.858002
450.2064, 8.446243
450.6885, 8.911209
451.1706, 9.921936
451.6527, 10.53087
452.1349, 10.62955
452.6170, 10.71558
453.0991, 11.01660
453.5812, 11.52988
454.0633, 12.00356
454.5454, 12.44450
455.0276, 12.82487
455.5097, 13.07162
455.9918, 13.21175
456.4739, 13.40157
456.9560, 13.71408
457.4381, 14.04381
457.9203, 14.12297
458.4024, 14.02840
458.8845, 14.12566
459.3666, 14.88500
459.8488, 15.84433
460.3309, 16.42145
460.8130, 16.55077
461.2951, 16.51163
461.7772, 16.28731
462.2593, 16.07347
462.7415, 16.10457
463.2236, 16.62714
463.7057, 17.23622
464.1878, 17.85730
464.6699, 18.45222
465.1520, 18.89937
465.6342, 19.00490
466.1163, 19.07939
466.5984, 19.25977
467.0805, 19.58829
467.5626, 19.93323
468.0447, 20.39256
468.5269, 20.80498
469.0090, 21.00050
469.4911, 20.86966
469.9732, 20.70999
470.4553, 20.49487
470.9374, 20.28584
471.4196, 20.42235
471.9017, 21.03189
472.3838, 21.58382
472.8659, 21.66632
473.3480, 21.27817
473.8301, 21.37378
474.3123, 22.05775
474.7944, 22.86983
475.2765, 23.27504
475.7586, 23.31923
476.2407, 23.21802
476.7228, 22.92665
477.2050, 22.64742
477.6871, 22.71355
478.1692, 23.08560
478.6513, 23.57124
479.1334, 24.31615
479.6155, 24.97855
480.0977, 25.06032
480.5798, 24.41705
481.0619, 23.89894
481.5440, 24.03426
482.0261, 24.57693
482.5082, 25.24248
482.9904, 26.25311
483.4725, 27.05457
483.9546, 27.43819
484.4367, 27.45963
484.9188, 27.36438
485.4009, 27.03558
485.8831, 26.73112
486.3652, 26.55724
486.8473, 26.52112
487.3294, 26.56572
487.8115, 26.67870
488.2936, 26.84773
488.7758, 27.10127
489.2579, 27.50943
489.7400, 27.78864
490.2221, 27.85019
490.7042, 27.78102
491.1863, 27.84154
491.6685, 28.04451
492.1506, 28.30417
492.6327, 28.59698
493.1148, 28.90660
493.5969, 29.14058
494.0790, 29.28780
494.5612, 29.41953
495.0433, 29.73351
495.5254, 30.09819
496.0075, 30.15784
496.4896, 29.56773
496.9717, 29.03668
497.4539, 29.42902
497.9360, 30.41986
498.4181, 31.19124
498.9002, 31.23463
499.3823, 31.03748
499.8644, 30.83270
500.3466, 30.62680
500.8287, 30.55843
501.3108, 30.91414
501.7929, 31.27565
502.2750, 31.32428
502.7571, 30.59676
503.2393, 30.08826
503.7214, 29.91206
504.2035, 29.95908
504.6856, 30.01218
505.1677, 30.09816
505.6498, 30.13249
506.1320, 30.03299
506.6141, 29.81439
507.0962, 29.91475
507.5783, 30.40996
508.0604, 30.98119
508.5425, 31.59068
509.0247, 32.18109
509.5068, 31.83372
509.9889, 30.25299
510.4710, 28.29738
510.9531, 27.13531
511.4352, 26.62360
511.9174, 26.23790
512.3995, 25.71767
512.8816, 25.22993
513.3637, 25.03696
513.8458, 25.08401
514.3279, 25.04790
514.8101, 24.64305
515.2922, 24.13083
515.7743, 23.72284
516.2564, 23.47411
516.7385, 23.23999
517.2206, 23.02657
517.7028, 22.78116
518.1849, 22.44600
518.6670, 21.87732
519.1491, 21.37814
519.6312, 21.09944
520.1133, 20.95047
520.5955, 20.49504
521.0776, 19.56670
521.5597, 18.62790
522.0418, 17.84653
522.5239, 17.21983
523.0060, 16.81837
523.4882, 16.68900
523.9703, 16.65295
524.4524, 16.62305
524.9345, 16.57788
525.4166, 16.15630
525.8987, 15.16516
526.3809, 14.00496
526.8630, 13.35565
527.3451, 13.09473
527.8272, 12.74094
528.3093, 11.81091
528.7914, 10.79022
529.2736, 10.24780
529.7557, 10.16121
530.2378, 10.15398
530.7199, 10.14941
531.2020, 10.04448
531.6841, 9.733032
532.1663, 9.081558
532.6484, 8.469543
533.1305, 8.002991
533.6126, 7.624039
534.0947, 7.238678
534.5768, 6.820053
535.0590, 6.426712
535.5411, 6.060120
536.0232, 5.726227
536.5053, 5.506500
536.9874, 5.503143
537.4695, 5.403809
537.9517, 5.003708
538.4338, 4.278000
538.9159, 3.732498
539.3980, 3.419525
539.8801, 3.086578
540.3622, 2.285919
540.8444, 1.173889
541.3265, 0.5178070
541.8086, 0.6408230
542.2907, 0.9561160
542.7728, 0.6572880
543.2549, 8.5648000E-02
543.7371, 0.7729640
544.2192, 1.233139
544.7013, 1.479065
545.1834, 1.441193
545.6655, 1.142044
546.1476, 0.8895260
546.6298, 0.8043060
547.1119, 0.8123780
547.5940, 0.8662260
548.0761, 0.9571230
548.5582, 1.097977
549.0403, 1.366531
549.5225, 1.648621
550.0046, 1.808243
550.4867, 1.844452
550.9688, 1.748734
551.4509, 1.459839
551.9330, 1.054962
552.4152, 0.8286900
552.8973, 0.8041840
553.3794, 0.8232880
553.8615, 0.8759160
554.3436, 0.9238740
554.8257, 0.6833800
555.3079, 0.1383820
555.7900, 0.3917690
556.2721, 0.5037990
556.7542, 0.4167020
557.2363, 0.5568850
557.7184, 1.079788
558.2006, 1.654449
558.6827, 1.986115
559.1648, 2.199280
559.6469, 2.507782
560.1290, 2.961761
560.6111, 3.555557
561.0933, 4.427078
561.5754, 5.503967
562.0575, 6.299194
562.5396, 6.303268
563.0217, 6.424606
563.5038, 7.073700
563.9860, 8.422928
564.4681, 9.471085
564.9502, 10.06158
565.4323, 10.59114
565.9144, 11.46794
566.3965, 12.72810
566.8787, 13.95049
567.3608, 15.08493
567.8429, 16.12985
568.3250, 16.97105
568.8071, 17.66133
569.2892, 18.45734
569.7714, 19.45418
570.2535, 20.62787
570.7356, 21.98679
571.2177, 23.51825
571.6998, 25.04103
572.1819, 26.47852
572.6641, 27.87813
573.1462, 29.30434
573.6283, 30.80684
574.1104, 32.15471
574.5925, 33.17406
575.0746, 34.06908
575.5568, 35.04015
576.0389, 36.06757
576.5210, 37.20062
577.0031, 38.47214
577.4852, 39.84549
577.9673, 41.28397
578.4495, 42.86797
578.9316, 44.30286
579.4137, 45.48851
579.8958, 46.45529
580.3779, 47.35747
580.8600, 48.19086
581.3422, 49.01222
581.8243, 49.88200
582.3064, 50.76801
582.7885, 51.60780
583.2706, 52.40800
583.7527, 53.07565
584.2349, 53.49098
584.7170, 53.76136
585.1991, 54.01981
585.6812, 54.32874
586.1633, 54.53636
586.6454, 54.54401
587.1276, 54.43071
587.6097, 54.32802
588.0918, 54.36721
588.5739, 54.22978
589.0560, 53.82086
589.5381, 53.20830
590.0203, 52.75111
590.5024, 52.50418
590.9845, 52.17883
591.4666, 51.66236
591.9487, 50.97062
592.4308, 50.18101
592.9130, 49.28242
593.3951, 48.29065
593.8772, 47.21970
594.3593, 46.09908
594.8414, 44.99432
595.3235, 43.91917
595.8057, 42.85976
596.2878, 41.82278
596.7699, 40.79454
597.2520, 39.76665
597.7341, 38.75815
598.2162, 37.70457
598.6984, 36.51139
599.1805, 35.25436
599.6626, 34.10909
600.1447, 33.27032
600.6268, 32.42032
601.1089, 31.36666
601.5911, 30.02347
602.0732, 28.95052
602.5553, 28.35320
603.0374, 27.77647
603.5195, 26.88055
604.0016, 25.64108
604.4838, 24.42591
604.9659, 23.25327
605.4480, 22.14496
605.9301, 21.13826
606.4122, 20.23462
606.8943, 19.40150
607.3765, 18.63620
607.8586, 17.90860
608.3407, 17.18356
608.8228, 16.50277
609.3049, 15.97094
609.7870, 15.84792
610.2692, 15.66315
610.7513, 15.12731
611.2334, 14.26024
611.7155, 13.38367
612.1976, 12.42557
612.6797, 11.60615
613.1619, 11.03407
613.6440, 10.72848
614.1261, 10.43192
614.6082, 10.18481
615.0903, 9.897026
615.5724, 9.424126
616.0546, 8.754005
616.5367, 8.264427
617.0188, 8.057594
617.5009, 7.931213
617.9830, 7.542442
618.4651, 6.947540
618.9473, 6.407288
619.4294, 6.003677
619.9115, 5.709686
620.3936, 5.583542
620.8757, 5.562187
621.3578, 5.443817
621.8400, 5.073311
622.3221, 4.635925
622.8042, 4.163200
623.2863, 3.657318
623.7684, 3.387619
624.2505, 3.594963
624.7327, 3.818520
625.2148, 3.837463
625.6969, 3.612885
626.1790, 3.333267
626.6611, 2.977753
627.1432, 2.630585
627.6254, 2.363800
628.1075, 2.178123
628.5896, 2.131927
629.0717, 2.286293
629.5538, 2.442818
630.0359, 2.288483
630.5181, 1.920746
631.0002, 1.579338
631.4823, 1.294075
631.9644, 1.135551
632.4465, 1.250671
632.9286, 1.548615
633.4108, 1.745583
633.8929, 1.648476
634.3750, 1.524300
634.8571, 1.515167
635.3392, 1.633591
635.8214, 1.572762
636.3035, 1.201111
636.7856, 0.8354870
637.2677, 0.6608660
637.7498, 0.7039410
638.2319, 0.7929840
638.7141, 0.9514310
639.1962, 1.060341
639.6783, 0.9533000
640.1604, 0.6846920
640.6425, 0.4707340
641.1246, 0.3615490
641.6068, 0.2671050
642.0889, 4.0314000E-02
642.5710, 0.2314760
643.0531, 0.3872990
643.5352, 0.2313160
644.0173, 8.9973003E-02
644.4995, 0.1795500
644.9816, 0.3962020
645.4637, 0.4439390
645.9458, 7.6316997E-02
646.4279, 0.3643950
646.9100, 9.5519997E-02
647.3922, 0.6632540
647.8743, 0.9470290
648.3564, 0.6249770
648.8385, 0.2347110
649.3206, 0.1101380
649.8027, 0.2140580
650.2849, 0.1811600
650.7670, 3.9700000E-04
651.2491, 0.1546250
651.7312, 6.7267999E-02
652.2133, 0.1304240
652.6954, 0.2236940
653.1776, 0.1584090
653.6597, 5.2078001E-02
654.1418, 2.8511001E-02
654.6239, 0.1067200
655.1060, 0.2094880
655.5881, 0.4684830
656.0703, 0.6027150
656.5524, 0.5311200
657.0345, 0.3185960
657.5166, 4.0061999E-02
657.9987, 0.4117050
658.4808, 0.6463320
658.9630, 0.5182880
659.4451, 0.1397550
659.9272, 0.1164630
660.4093, 0.2513890
660.8914, 0.3421250
661.3735, 0.4241790
661.8557, 0.4928510
662.3378, 0.5631870
662.8199, 0.6262360
663.3020, 0.6048740
663.7841, 0.3358690
664.2662, 4.1579999E-02
664.7484, 8.2442999E-02
665.2305, 1.6257999E-02
665.7126, 9.5473997E-02
666.1947, 4.1533999E-02
666.6768, 1.2779000E-02
667.1589, 3.2379001E-02
667.6411, 0.2608800
668.1232, 0.4123230
668.6053, 0.4792480
669.0874, 0.4729840
669.5695, 0.3331910
670.0516, 6.0272001E-02
670.5338, 5.4977000E-02
671.0159, 0.4702220
671.4980, 1.012863
671.9801, 1.238411
672.4622, 1.230042
672.9443, 1.214287
673.4265, 1.430153
673.9086, 1.534142
674.3907, 1.123398
674.8728, 0.3884430
675.3549, 7.9552002E-02
675.8370, 5.2950000E-03
676.3192, 0.2662660
676.8013, 0.7273710
677.2834, 1.345680
677.7655, 1.675018
678.2476, 1.611694
678.7297, 1.471527
679.2119, 1.431602
679.6940, 1.479401
680.1761, 1.327553
680.6582, 0.9510960
681.1403, 0.6516650
681.6224, 0.7196880
682.1046, 1.033768
682.5867, 1.413124
683.0688, 1.858505
683.5509, 2.191223
684.0330, 2.220879
684.5151, 2.111824
684.9973, 2.033676
685.4794, 2.057831
685.9615, 2.052032
686.4436, 1.935852
686.9257, 1.807846
687.4078, 1.792374
687.8900, 1.935074
688.3721, 2.072472
688.8542, 2.194160
689.3363, 2.283363
689.8184, 2.289276
690.3005, 2.217567
690.7827, 2.128029
691.2648, 2.019722
691.7469, 1.933105
692.2290, 1.905846
692.7111, 1.945496
693.1932, 2.082596
693.6754, 2.495384
694.1575, 2.863403
694.6396, 2.931992
695.1217, 2.727486
695.6038, 2.674156
696.0859, 3.066765
696.5681, 3.375092
697.0502, 3.371895
697.5323, 3.042435
698.0144, 2.770149
698.4965, 2.529648
698.9786, 2.417244
699.4608, 2.641495
699.9429, 3.084320
700.4250, 3.194824
700.9071, 2.942825
701.3892, 2.623421
701.8713, 2.392197
702.3535, 2.267838
702.8356, 2.324280
703.3177, 2.682556
703.7998, 2.961960
704.2819, 2.864784
704.7640, 2.621468
705.2462, 2.476570
705.7283, 2.603386
706.2104, 2.673111
706.6925, 2.645264
707.1746, 2.569740
707.6567, 2.546234
708.1389, 2.587517
708.6210, 2.584869
709.1031, 2.474792
709.5852, 2.360352
710.0673, 2.483742
710.5494, 2.770546
711.0316, 2.990067
711.5137, 3.055244
711.9958, 2.997780
712.4779, 2.713654
712.9600, 2.311951
713.4421, 2.125397
713.9243, 2.586044
714.4064, 2.881325
714.8885, 2.646568
715.3706, 1.973557
715.8527, 1.668884
716.3348, 1.867561
716.8170, 2.107643
717.2991, 2.195717
717.7812, 2.138397
718.2633, 1.931152
718.7454, 1.575485
719.2275, 1.312302
719.7097, 1.398529
720.1918, 1.620758
720.6739, 1.710762
721.1560, 1.643806
721.6381, 1.591431
722.1202, 1.628334
722.6024, 1.712532
723.0845, 1.867050
723.5666, 2.198143
724.0487, 2.222893
724.5308, 1.801826
725.0129, 1.264969
725.4951, 0.8458400
725.9772, 0.5329360
726.4593, 0.4204710
726.9414, 0.5255360
727.4235, 0.7686160
727.9056, 1.186310
728.3878, 1.662064
728.8699, 1.917091
729.3520, 1.830856
729.8341, 1.666878
730.3162, 1.550186
730.7983, 1.481392
731.2805, 1.462807
731.7626, 1.651863
732.2447, 1.668861
732.7268, 1.334877
733.2089, 0.8783800
733.6910, 0.7329640
734.1732, 0.9869230
734.6553, 1.188835
735.1374, 1.253288
735.6195, 1.193871
736.1016, 0.9241100
736.5837, 0.5213390
737.0659, 0.3350300
737.5480, 0.7025760
738.0301, 1.144913
738.5122, 1.146713
738.9943, 0.8739620
739.4764, 0.7595290
739.9586, 1.159821
740.4407, 1.525940
740.9228, 1.667046
741.4049, 1.618912
741.8870, 1.519394
742.3691, 1.344276
742.8513, 1.187683
743.3334, 1.116524
743.8155, 1.088409
744.2976, 0.8536300
744.7797, 0.4298170
745.2618, 0.1324690
745.7440, 0.2858660
746.2261, 0.5938260
746.7082, 0.6894450
747.1903, 0.5855100
747.6724, 0.5247650
748.1545, 0.6880870
748.6367, 0.8592000
749.1188, 0.9268800
749.6009, 0.8795320
750.0830, 0.7706450
750.5651, 0.5373920
751.0472, 0.3549730
751.5294, 0.3570860
752.0115, 0.5356370
752.4936, 0.6552810
752.9757, 0.7156140
753.4578, 0.7171550
753.9399, 0.6684880
754.4221, 0.5599290
754.9042, 0.2996140
755.3863, 0.1490550
755.8684, 0.3829350
756.3505, 0.1499250
756.8326, 0.7508540
757.3148, 0.8181150
757.7969, 6.6359997E-02
758.2790, 0.5037610
758.7611, 0.3149870
759.2432, 7.1967997E-02
759.7253, 0.2945250
760.2075, 0.3507390
760.6896, 0.4392850
761.1717, 0.5914080
761.6538, 0.6996920
762.1359, 0.6020430
762.6180, 0.3895490
763.1002, 0.2328870
763.5823, 0.1833500
764.0644, 0.1417160
764.5465, 7.8959996E-03
765.0286, 0.1480640
765.5107, 0.1504140
765.9929, 8.0459997E-02
766.4750, 0.3587110
766.9571, 0.8186420
767.4392, 1.187691
767.9213, 0.9983900
768.4034, 0.2195820
768.8856, 0.2320480
769.3677, 0.1657710
769.8498, 0.1287540
770.3319, 0.3557510
770.8140, 0.5215760
771.2961, 0.6459050
771.7783, 0.7353520
772.2604, 0.7857890
772.7425, 0.7004850
773.2246, 0.6002880
773.7067, 0.6823430
774.1888, 1.254997
774.6710, 1.574364
775.1531, 1.489098
775.6352, 1.194313
776.1173, 1.032539
776.5994, 1.007500
777.0815, 1.003418
777.5637, 1.002441
778.0458, 0.9933780
778.5279, 0.9445420
779.0100, 0.8732600
779.4921, 0.8218310
779.9742, 0.8517680
780.4564, 0.8531800
780.9385, 0.7199710
781.4206, 0.5293730
781.9027, 0.4561390
782.3848, 0.5932620
782.8669, 0.7006300
783.3491, 0.7353290
783.8312, 0.7241740
784.3133, 0.7271190
784.7954, 0.7456970
785.2775, 0.7678530
785.7596, 0.7707750
786.2418, 0.8057710
786.7239, 1.036476
787.2060, 1.354301
787.6881, 1.499367
788.1702, 1.012756
788.6523, 0.6946410
789.1345, 1.081223
789.6166, 1.885384
790.0987, 2.239944
790.5808, 1.899597
791.0629, 1.564178
791.5450, 1.389137
792.0272, 1.329468
792.5093, 1.255081
792.9914, 1.170090
793.4735, 1.136879
793.9556, 1.100876
794.4377, 1.213058
794.9199, 1.930847
795.4020, 2.963516
795.8841, 3.507042
796.3662, 2.823082
796.8483, 2.063629
797.3304, 1.565933
797.8126, 1.299850
798.2947, 1.193863
798.7768, 1.311546
799.2589, 1.401497
799.7410, 1.348595
800.2231, 1.260948
800.7053, 1.501877
801.1874, 2.002464
801.6695, 2.379311
802.1516, 2.378021
802.6337, 2.226814
803.1158, 2.071411
803.5980, 1.930786
804.0801, 1.846169
804.5622, 1.759468
805.0443, 1.822861
805.5264, 2.197098
806.0085, 2.727547
806.4907, 2.863754
806.9728, 2.519806
807.4549, 2.222420
807.9370, 2.149681
808.4191, 2.221718
808.9012, 2.351700
809.3834, 2.499199
809.8655, 2.517731
810.3476, 2.043587
810.8297, 1.694168
811.3118, 2.027565
811.7939, 2.801994
812.2761, 3.289429
812.7582, 3.227608
813.2403, 3.082367
813.7224, 2.917328
814.2045, 2.749634
814.6866, 2.552063
815.1688, 2.323914
815.6509, 2.289459
816.1330, 2.667511
816.6151, 3.112495
817.0972, 2.950432
817.5793, 2.426292
818.0615, 2.180786
818.5436, 2.857857
819.0257, 3.464081
819.5078, 3.564117
819.9899, 3.298759
820.4720, 3.077515
820.9542, 2.912369
821.4363, 2.783775
821.9184, 2.672279
822.4005, 2.604744
822.8826, 2.761246
823.3647, 3.107834
823.8469, 3.383011
824.3290, 3.492439
824.8111, 3.490967
825.2932, 3.270966
825.7753, 2.993294
826.2574, 2.980438
826.7396, 3.778877
827.2217, 4.334518
827.7038, 4.367111
828.1859, 4.071541
828.6681, 3.836769
829.1502, 3.671478
829.6323, 3.655594
830.1144, 3.838898
830.5966, 4.137291
831.0787, 4.492714
831.5608, 4.834908
832.0429, 5.005737
832.5250, 4.849190
833.0071, 4.694427
833.4893, 4.642792
833.9714, 4.696648
834.4535, 4.895012
834.9356, 5.465538
835.4177, 5.764824
835.8998, 5.638565
836.3820, 5.342850
836.8641, 5.231537
837.3462, 5.267586
837.8283, 5.380005
838.3104, 5.625519
838.7925, 5.843399
839.2747, 5.747154
839.7568, 5.523727
840.2389, 5.454865
840.7210, 5.738113
841.2031, 5.987312
841.6852, 6.154411
842.1674, 6.202156
842.6495, 6.049416
843.1316, 5.638084
843.6137, 5.525253
844.0958, 5.804344
844.5779, 6.125061
845.0601, 6.036499
845.5422, 5.726624
846.0243, 5.629677
846.5064, 5.873322
846.9885, 6.019867
847.4706, 5.692818
847.9528, 5.245163
848.4349, 4.971703
848.9170, 4.901039
849.3991, 5.007767
849.8812, 5.388611
850.3633, 5.752235
850.8455, 5.816452
851.3276, 5.628448
851.8097, 5.553452
852.2918, 5.614334
852.7739, 5.564430
853.2560, 4.934212
853.7382, 4.279480
854.2203, 4.239120
854.7024, 4.952751
855.1845, 5.398476
855.6666, 5.063080
856.1487, 4.747261
856.6309, 4.897514
857.1130, 5.500351
857.5951, 5.673767
858.0772, 5.389557
858.5593, 5.011009
859.0414, 4.752754
859.5236, 4.566071
860.0057, 4.361160
860.4878, 4.148033
860.9699, 4.012581
861.4520, 4.112122
861.9341, 4.182526
862.4163, 4.023712
862.8984, 3.691772
863.3805, 3.603012
863.8626, 3.820229
864.3447, 4.086304
864.8268, 4.384857
865.3090, 4.603386
865.7911, 4.305290
866.2732, 3.625656
866.7553, 3.133698
867.2374, 3.359520
867.7195, 3.620216
868.2017, 3.348686
868.6838, 2.781120
869.1659, 2.648232
869.6480, 3.379700
870.1301, 3.827652
870.6122, 3.699074
871.0944, 3.259598
871.5765, 3.098213
872.0586, 3.172318
872.5407, 3.140182
873.0228, 2.864731
873.5049, 2.535072
873.9871, 2.356926
874.4692, 2.236862
874.9513, 2.030373
875.4334, 1.462051
875.9155, 1.146317
876.3976, 1.223633
876.8798, 1.471886
877.3619, 1.716156
877.8440, 1.972565
878.3261, 1.770645
878.8082, 0.9595640
879.2903, 0.1837080
879.7725, 0.2565230
880.2546, 0.7521440
880.7367, 1.064957
881.2188, 1.064240
881.7009, 0.9767910
882.1830, 0.7875820
882.6652, 0.6129840
883.1473, 0.5774380
883.6294, 0.7498470
884.1115, 0.5272670
884.5936, 0.1915440
885.0757, 0.8029250
885.5579, 0.7048800
886.0400, 0.2144780
886.5221, 6.2148999E-02
887.0042, 0.1022640
887.4863, 2.5696000E-02
887.9684, 0.2279970
888.4506, 0.4665370
888.9327, 0.5581590
889.4148, 0.5125810
889.8969, 0.5328670
890.3790, 0.6613310
890.8611, 0.7228470
891.3433, 0.5927050
891.8254, 0.3819660
892.3075, 0.4230880
892.7896, 0.6586690
893.2717, 0.8345490
893.7538, 0.8974910
894.2360, 0.7897420
894.7181, 0.2576220
895.2002, 0.4588700
895.6823, 0.6903530
896.1644, 0.1054990
896.6465, 0.3255770
897.1287, 0.4113770
897.6108, 0.3203280
898.0929, 0.3809590
898.5750, 0.5444180
899.0571, 0.5627750
899.5392, 0.3175130
900.0214, 6.8611003E-02
900.5035, 7.9452999E-02
900.9856, 0.1746060
901.4677, 0.1439290
901.9498, 0.1493230
902.4319, 0.4002910
902.9141, 0.6066740
903.3962, 0.7739640
903.8783, 0.9108660
904.3604, 1.016014
904.8425, 1.068520
905.3246, 1.065498
905.8068, 1.081345
906.2889, 1.111557
906.7710, 1.234329
907.2531, 1.592491
907.7352, 2.218842
908.2173, 2.670036
908.6995, 2.762054
909.1816, 2.844872
909.6637, 3.066986
910.1458, 3.407066
910.6279, 3.734337
911.1100, 4.047203
911.5922, 4.301468
912.0743, 4.377625
912.5564, 4.462090
913.0385, 4.824570
913.5206, 5.359962
914.0027, 5.758072
914.4849, 5.587509
914.9670, 5.738785
915.4491, 6.541885
915.9312, 7.633934
916.4133, 8.178520
916.8954, 8.191666
917.3776, 8.423668
917.8597, 9.132729
918.3418, 9.886154
918.8239, 10.07495
919.3060, 10.05333
919.7881, 10.34129
920.2703, 11.27435
920.7524, 12.08908
921.2345, 12.57513
921.7166, 13.00697
922.1987, 13.65322
922.6808, 14.52969
923.1630, 15.13748
923.6451, 15.44430
924.1272, 15.69965
924.6093, 16.03564
925.0914, 16.48888
925.5735, 17.14425
926.0557, 17.99578
926.5378, 18.83427
927.0199, 19.62914
927.5020, 20.36948
927.9841, 21.07129
928.4662, 21.72088
928.9484, 22.23966
929.4305, 22.63165
929.9126, 22.97161
930.3947, 23.18840
930.8768, 23.47980
931.3589, 24.23042
931.8411, 25.21998
932.3232, 25.94493
932.8053, 25.90262
933.2874, 26.03826
933.7695, 26.54856
934.2516, 27.26147
934.7338, 27.94641
935.2159, 28.60780
935.6980, 29.08312
936.1801, 29.31680
936.6622, 29.48965
937.1443, 29.71284
937.6265, 30.04353
938.1086, 30.54053
938.5907, 31.24306
939.0728, 31.93462
939.5549, 32.57053
940.0370, 33.17801
940.5192, 33.76143
941.0013, 34.32500
941.4834, 34.85876
941.9655, 35.35521
942.4476, 35.88451
942.9297, 36.65031
943.4119, 37.42066
943.8940, 37.95163
944.3761, 38.25722
944.8582, 38.47897
945.3403, 38.51761
945.8224, 38.63568
946.3046, 38.91420
946.7867, 39.29587
947.2688, 39.63216
947.7509, 39.92637
948.2330, 40.21933
948.7151, 40.55802
949.1973, 40.83946
949.6794, 40.79612
950.1615, 40.70344
950.6436, 40.93188
951.1257, 41.90144
951.6078, 42.49574
952.0900, 42.57693
952.5721, 42.54526
953.0542, 42.72469
953.5363, 43.04852
954.0184, 43.20698
954.5005, 43.19337
954.9827, 43.27460
955.4648, 43.63741
955.9469, 44.14473
956.4290, 44.81725
956.9111, 45.62398
957.3932, 46.14101
957.8754, 46.27298
958.3575, 46.27890
958.8396, 46.16685
959.3217, 46.05392
959.8038, 46.34413
960.2859, 46.88844
960.7681, 47.16772
961.2502, 46.87271
961.7323, 46.45169
962.2144, 46.07295
962.6965, 45.75668
963.1786, 45.55946
963.6608, 45.63383
964.1429, 45.36209
964.6250, 44.65948
965.1071, 43.86578
965.5892, 43.30993
966.0714, 42.90977
966.5535, 42.50334
967.0356, 42.08008
967.5177, 41.60007
967.9998, 41.07890
968.4819, 40.46198
968.9641, 39.62288
969.4462, 38.62685
969.9283, 38.01329
970.4104, 37.86611
970.8925, 37.41859
971.3746, 36.15086
971.8568, 34.71101
972.3389, 34.25165
972.8210, 34.34557
973.3031, 34.08353
973.7852, 32.85885
974.2673, 31.62441
974.7495, 30.45583
975.2316, 29.42857
975.7137, 28.69174
976.1958, 28.25768
976.6779, 27.60914
977.1600, 26.68608
977.6422, 25.78687
978.1243, 25.27383
978.6064, 24.84016
979.0885, 24.11388
979.5706, 23.06339
980.0527, 22.11749
980.5349, 21.48109
981.0170, 20.74348
981.4991, 19.65728
981.9812, 18.40652
982.4633, 17.73007
982.9454, 17.53005
983.4276, 17.20416
983.9097, 16.35571
984.3918, 15.50050
984.8739, 15.06432
985.3560, 14.83141
985.8381, 14.46065
986.3203, 13.83156
986.8024, 13.29823
987.2845, 12.92156
987.7666, 12.52578
988.2487, 11.88747
988.7308, 11.09756
989.2130, 10.19003
989.6951, 9.201889
990.1772, 8.844360
990.6593, 10.27873
991.1414, 11.71707
991.6235, 12.25768
992.1057, 11.96516
992.5878, 10.99270
993.0699, 9.202187
993.5520, 7.745903
994.0341, 7.110054
994.5162, 6.861351
994.9984, 6.405258
995.4805, 5.870621
995.9626, 5.504623
996.4447, 5.510239
996.9268, 5.481262
997.4089, 5.406311
997.8911, 5.229019
998.3732, 4.812706
998.8553, 4.178169
999.3374, 3.872192
999.8195, 3.922325
1000.302, 4.034203
1000.784, 4.003204
1001.266, 3.924194
1001.748, 3.969666
1002.230, 4.092834
1002.712, 3.780884
1003.194, 2.670441
1003.676, 1.916061
1004.159, 1.938919
1004.641, 2.312050
1005.123, 2.093719
1005.605, 1.488731
1006.087, 1.159218
1006.569, 1.437912
1007.051, 1.638672
1007.533, 1.228439
1008.016, 0.7291110
1008.498, 0.6528700
1008.980, 1.133743
1009.462, 1.267433
1009.944, 1.017647
1010.426, 0.7021100
1010.908, 0.5925750
1011.390, 0.5372090
1011.872, 0.2203980
1012.355, 0.2584460
1012.837, 0.4507290
1013.319, 7.2884001E-02
1013.801, 0.5301740
1014.283, 0.7482680
1014.765, 0.8236770
1015.247, 0.9784390
1015.729, 1.180992
1016.211, 1.152611
1016.694, 0.8022380
1017.176, 0.4120640
1017.658, 0.1993100
1018.140, 6.3164003E-02
1018.622, 9.4498001E-02
1019.104, 0.2920460
1019.586, 0.4274060
1020.068, 0.4975590
1020.551, 0.5029910
1021.033, 0.3763280
1021.515, 0.2277680
1021.997, 0.3906170
1022.479, 0.7476040
1022.961, 0.9498980
1023.443, 0.7628480
1023.925, 0.5058210
1024.407, 0.1951220
1024.890, 8.5952997E-02
1025.372, 0.2023320
1025.854, 0.1458210
1026.336, 0.1452870
1026.818, 0.2154540
1027.300, 0.4116210
1027.782, 0.9850160
1028.264, 1.565300
1028.746, 1.793999
1029.229, 1.634338
1029.711, 1.311531
1030.193, 0.7110060
1030.675, 0.2421040
1031.157, 3.4640001E-03
1031.639, 2.2133000E-02
1032.121, 0.6054610
1032.603, 1.509193
1033.086, 1.920258
1033.568, 1.352570
1034.050, 0.7694780
1034.532, 0.6104200
1035.014, 0.6308750
1035.496, 0.6183780
1035.978, 0.5676350
1036.460, 0.4903560
1036.943, 0.3768690
1037.425, 0.4251480
1037.907, 0.8241580
1038.389, 1.427696
1038.871, 2.295624
1039.353, 3.268250
1039.835, 3.693367
1040.317, 3.107979
1040.799, 2.517609
1041.281, 2.017662
1041.764, 1.645210
1042.246, 1.438828
1042.728, 1.404320
1043.210, 1.644600
1043.692, 2.226433
1044.174, 2.676346
1044.656, 2.566719
1045.138, 2.382515
1045.621, 2.454391
1046.103, 2.761765
1046.585, 2.999840
1047.067, 3.168839
1047.549, 3.230629
1048.031, 3.020676
1048.513, 2.898079
1048.995, 3.602089
1049.478, 4.613312
1049.960, 5.046577
1050.442, 3.846657
1050.924, 3.389748
1051.406, 3.999748
1051.888, 4.810760
1052.370, 5.009964
1052.852, 4.759674
1053.334, 4.558182
1053.817, 4.434158
1054.299, 4.418732
1054.781, 4.690460
1055.263, 4.901756
1055.745, 4.795540
1056.227, 4.542198
1056.709, 4.537735
1057.191, 4.789841
1057.673, 5.194687
1058.156, 5.802666
1058.638, 6.246262
1059.120, 5.961906
1059.602, 5.420418
1060.084, 5.128403
1060.566, 5.194443
1061.048, 5.323746
1061.530, 5.526405
1062.013, 5.735428
1062.495, 5.957115
1062.977, 6.134422
1063.459, 6.036995
1063.941, 5.775276
1064.423, 5.665596
1064.905, 6.004929
1065.387, 6.271896
1065.870, 6.258362
1066.352, 6.138107
1066.834, 6.022644
1067.316, 5.912857
1067.798, 6.004509
1068.280, 6.304451
1068.762, 6.498749
1069.244, 6.149704
1069.726, 5.782227
1070.208, 5.855431
1070.691, 6.292046
1071.173, 6.695839
1071.655, 7.090927
1072.137, 7.301407
1072.619, 7.267494
1073.101, 7.118683
1073.583, 6.971573
1074.065, 6.851532
1074.548, 6.792740
1075.030, 6.801300
1075.512, 6.895538
1075.994, 7.201180
1076.476, 7.411072
1076.958, 7.429855
1077.440, 7.264977
1077.922, 6.783737
1078.405, 6.072823
1078.887, 5.667427
1079.369, 5.912811
1079.851, 6.289894
1080.333, 6.601196
1080.815, 6.810387
1081.297, 6.885704
1081.779, 6.786018
1082.261, 6.765663
1082.744, 6.837173
1083.226, 6.881790
1083.708, 6.780518
1084.190, 6.638199
1084.672, 6.527878
1085.154, 6.437759
1085.636, 6.411316
1086.118, 6.511604
1086.601, 6.574997
1087.083, 6.565956
1087.565, 6.608620
1088.047, 6.938118
1088.529, 7.358192
1089.011, 7.420853
1089.493, 7.079941
1089.975, 6.865547
1090.458, 7.182716
1090.940, 7.477715
1091.422, 7.489616
1091.904, 7.345421
1092.386, 7.537704
1092.868, 7.985344
1093.350, 8.191399
1093.832, 7.987938
1094.314, 7.730293
1094.797, 7.549065
1095.279, 7.428139
1095.761, 7.412704
1096.243, 7.527527
1096.725, 7.543236
1097.207, 7.453003
1097.689, 7.406654
1098.171, 7.496933
1098.653, 7.663658
1099.136, 7.902161
1099.618, 8.141464
1100.100, 8.251999
1100.582, 8.121330
1101.064, 8.032898
1101.546, 7.969383
1102.028, 7.960945
1102.510, 8.087952
1102.993, 8.274918
1103.475, 8.390747
1103.957, 8.426476
1104.439, 8.328377
1104.921, 7.797455
1105.403, 7.497223
1105.885, 7.694748
1106.367, 8.094444
1106.849, 8.156120
1107.332, 7.950005
1107.814, 7.860382
1108.296, 7.954651
1108.778, 7.979057
1109.260, 7.608597
1109.742, 7.266396
1110.224, 7.271248
1110.706, 7.542084
1111.188, 7.659035
1111.671, 7.619766
1112.153, 7.460579
1112.635, 7.125168
1113.117, 6.841774
1113.599, 6.935165
1114.081, 7.150826
1114.563, 7.184341
1115.045, 6.969032
1115.528, 6.726944
1116.010, 6.433205
1116.492, 6.218910
1116.974, 6.212288
1117.456, 6.276550
1117.938, 6.229637
1118.420, 6.076027
1118.902, 5.823540
1119.385, 5.332512
1119.867, 4.967987
1120.349, 4.786797
1120.831, 4.652603
1121.313, 4.419754
1121.795, 4.146049
1122.277, 4.008148
1122.759, 3.990860
1123.241, 3.975212
1123.724, 3.872330
1124.206, 3.811424
1124.688, 3.895538
1125.170, 3.974487
1125.652, 3.803818
1126.134, 3.408920
1126.616, 2.912491
1127.098, 2.321671
1127.580, 1.897324
1128.063, 1.921005
1128.545, 2.072418
1129.027, 2.235207
1129.509, 2.359711
1129.991, 2.245773
1130.473, 1.889305
1130.955, 1.522095
1131.437, 1.197433
1131.920, 0.8853450
1132.402, 0.4356990
1132.884, 6.4507000E-02
1133.366, 6.8747997E-02
1133.848, 0.5009990
1134.330, 0.5789640
1134.812, 0.2177960
1135.294, 2.1553000E-02
1135.776, 0.2010420
1136.259, 0.5130460
1136.741, 0.3603970
1137.223, 2.5413999E-02
1137.705, 0.2912140
1138.187, 0.3285980
1138.669, 0.2737270
1139.151, 8.4220998E-02
1139.633, 8.0321997E-02
1140.115, 0.1017840
1140.598, 2.8114000E-02
1141.080, 0.1030810
1141.562, 0.2436830
1142.044, 0.2668000
1142.526, 6.4064004E-02
1143.008, 0.2437290
1143.490, 0.2142180
1143.972, 3.3112001E-02
1144.455, 0.3603130
1144.937, 0.8432540
1145.419, 0.9799880
1145.901, 0.7881470
1146.383, 0.5485000
1146.865, 0.2905730
1147.347, 0.1458440
1147.829, 0.2012860
1148.312, 0.3328930
1148.794, 0.3501430
1149.276, 0.2643660
1149.758, 0.1050490
1150.240, 0.1257780
1150.722, 0.1916430
1151.204, 0.3552320
1151.686, 0.7973860
1152.168, 0.6537860
1152.651, 0.1297990
1153.133, 0.2261200
1153.615, 0.4162520
1154.097, 0.4965820
1154.579, 0.4652180
1155.061, 0.4056850
1155.543, 0.3347630
1156.025, 0.3037640
1156.507, 0.4103010
1156.990, 0.6243360
1157.472, 0.6164550
1157.954, 0.3651890
1158.436, 0.2396930
1158.918, 0.3958740
1159.400, 0.6556700
1159.882, 0.9422070
1160.364, 1.172852
1160.847, 1.206017
1161.329, 0.9781270
1161.811, 0.9340520
1162.293, 1.095329
1162.775, 1.326477
1163.257, 1.621513
1163.739, 1.869774
1164.221, 1.882568
1164.703, 1.768913
1165.186, 1.714409
1165.668, 1.795998
1166.150, 1.832336
1166.632, 1.809387
1167.114, 1.789024
1167.596, 1.828217
1168.078, 1.894356
1168.560, 1.947433
1169.042, 1.982079
1169.525, 1.987511
1170.007, 1.962082
1170.489, 1.891266
1170.971, 1.732269
1171.453, 1.634079
1171.935, 1.820648
1172.417, 2.135284
1172.899, 2.199379
1173.382, 2.071930
1173.864, 2.122375
1174.346, 2.745186
1174.828, 3.167015
1175.310, 3.263779
1175.792, 3.166626
1176.274, 2.941788
1176.756, 2.679710
1177.239, 2.622475
1177.721, 2.775429
1178.203, 2.887886
1178.685, 2.814934
1179.167, 2.740616
1179.649, 2.692596
1180.131, 2.686432
1180.613, 2.768440
1181.095, 2.911613
1181.578, 3.064384
1182.060, 3.225006
1182.542, 3.274307
1183.024, 3.043633
1183.506, 2.824234
1183.988, 2.687294
1184.470, 2.660263
1184.952, 2.883736
1185.434, 3.272469
1185.917, 3.563164
1186.399, 3.706535
1186.881, 3.683853
1187.363, 3.238075
1187.845, 2.893280
1188.327, 2.902092
1188.809, 3.201447
1189.291, 3.713623
1189.774, 4.337189
1190.256, 4.552132
1190.738, 3.994690
1191.220, 3.559113
1191.702, 3.865524
1192.184, 4.264618
1192.666, 4.326736
1193.148, 4.112518
1193.630, 4.062408
1194.113, 4.161400
1194.595, 4.340881
1195.077, 4.669472
1195.559, 4.857841
1196.041, 4.681656
1196.523, 4.396744
1197.005, 4.184593
1197.487, 4.046539
1197.969, 4.059540
1198.452, 4.191353
1198.934, 4.225616
1199.416, 3.967186
1199.898, 3.699463
1200.380, 3.502579
1200.862, 3.430954
1201.344, 3.623207
1201.826, 4.069336
1202.309, 3.999695
1202.791, 3.455643
1203.273, 3.045502
1203.755, 3.351738
1204.237, 3.648773
1204.719, 3.416916
1205.201, 3.062340
1205.683, 3.155296
1206.166, 3.675056
1206.648, 3.626740
1207.130, 3.020210
1207.612, 2.597092
1208.094, 3.133865
1208.576, 3.652870
1209.058, 3.476791
1209.540, 2.995369
1210.022, 2.768555
1210.505, 2.813026
1210.987, 2.929626
1211.469, 3.087730
1211.951, 3.124275
1212.433, 2.833412
1212.915, 2.489250
1213.397, 2.165405
1213.879, 1.934425
1214.361, 1.987564
1214.844, 2.306465
1215.326, 2.570076
1215.808, 2.733704
1216.290, 2.757225
1216.772, 2.528679
1217.254, 2.259018
1217.736, 1.976685
1218.218, 1.771049
1218.701, 1.921867
1219.183, 2.377800
1219.665, 2.587418
1220.147, 2.458199
1220.629, 2.304077
1221.111, 2.304291
1221.593, 2.364700
1222.075, 2.470688
1222.557, 2.571449
1223.040, 2.497513
1223.522, 2.286018
1224.004, 2.251411
1224.486, 2.474701
1224.968, 2.588776
1225.450, 2.204971
1225.932, 1.832504
1226.414, 1.755302
1226.896, 1.870674
1227.379, 1.866211
1227.861, 1.767479
1228.343, 1.724174
1228.825, 1.788727
1229.307, 1.774918
1229.789, 1.391495
1230.271, 1.129707
1230.753, 1.273346
1231.236, 1.680237
1231.718, 1.934677
1232.200, 2.049187
1232.682, 2.000931
1233.164, 1.740303
1233.646, 1.524651
1234.128, 1.534927
1234.610, 1.552437
1235.093, 1.446945
1235.575, 1.299377
1236.057, 1.396461
1236.539, 1.669907
1237.021, 1.910461
1237.503, 2.075859
1237.985, 2.139290
1238.467, 2.036308
1238.949, 1.890175
1239.432, 1.753891
1239.914, 1.609894
1240.396, 1.375824
1240.878, 1.088562
1241.360, 0.8406070
1241.842, 0.5913310
1242.324, 0.6252670
1242.806, 1.229652
1243.288, 1.716797
1243.771, 1.657997
1244.253, 2.084213
1244.735, 1.638565
1245.217, 2.299934
1245.699, 2.696114
1246.181, 2.571762
1246.663, 2.328995
1247.145, 1.955948
1247.628, 1.620201
1248.110, 1.415558
1248.592, 1.310188
1249.074, 1.277802
1249.556, 1.287270
1250.038, 1.243881
1250.520, 0.8956990
1251.002, 1.262917
1251.484, 2.777779
1251.967, 3.754486
1252.449, 2.803436
1252.931, 1.184494
1253.413, 0.6709210
1253.895, 1.012764
1254.377, 1.878319
1254.859, 3.813805
1255.341, 4.383560
1255.823, 3.321312
1256.306, 2.138412
1256.788, 1.743340
1257.270, 1.659454
1257.752, 1.320366
1258.234, 0.9188840
1258.716, 0.7787480
1259.198, 1.002892
1259.680, 1.080612
1260.163, 1.008682
1260.645, 0.9313890
1261.127, 0.8637620
1261.609, 0.8965070
1262.091, 1.306610
1262.573, 1.752274
1263.055, 1.724075
1263.537, 1.111824
1264.020, 0.7864000
1264.502, 0.7454760
1264.984, 0.8064190
1265.466, 0.9196850
1265.948, 1.019272
1266.430, 1.168854
1266.912, 1.226089
1267.394, 0.9776540
1267.876, 0.4226840
1268.359, 0.2175220
1268.841, 0.3373110
1269.323, 0.5198670
1269.805, 0.6404650
1270.287, 0.7521060
1270.769, 0.9003070
1271.251, 1.017868
1271.733, 1.078362
1272.215, 1.109161
1272.698, 0.9345930
1273.180, 0.6036830
1273.662, 0.3644790
1274.144, 0.3168640
1274.626, 0.4156420
1275.108, 0.8136750
1275.590, 1.097679
1276.072, 0.7839050
1276.555, 0.1264950
1277.037, 4.2351000E-02
1277.519, 0.1593780
1278.001, 0.4200900
1278.483, 0.7529370
1278.965, 0.8753740
1279.447, 0.7218320
1279.929, 0.4867100
1280.411, 0.2903290
1280.894, 0.1448440
1281.376, 0.1006770
1281.858, 0.1304470
1282.340, 0.1575010
1282.822, 9.0080000E-02
1283.304, 0.2365260
1283.786, 0.6699450
1284.268, 0.9495540
1284.750, 0.5231700
1285.233, 1.9380000E-03
1285.715, 0.1706390
1286.197, 0.6923070
1286.679, 0.9559710
1287.161, 0.8479460
1287.643, 0.8375850
1288.125, 0.9434050
1288.607, 0.9648590
1289.090, 0.6710130
1289.572, 0.3575820
1290.054, 0.1754910
1290.536, 8.9211002E-02
1291.018, 4.1412000E-02
1291.500, 3.2974001E-02
1291.982, 0.1003950
1292.464, 0.2423780
1292.947, 0.3827060
1293.429, 0.5320890
1293.911, 0.6021420
1294.393, 0.4637300
1294.875, 0.2841340
1295.357, 0.1567380
1295.839, 8.5395999E-02
1296.321, 0.1785510
1296.803, 0.4120030
1297.286, 0.6124420
1297.768, 0.7773740
1298.250, 0.7419660
1298.732, 0.3304370
1299.214, 4.2785998E-02
1299.696, 8.3389999E-03
1300.178, 0.2138290
1300.660, 0.0000000E+00
##END=



