##NAMES=Mikenewite
##RRUFFID=R210021
##IDEAL CHEMISTRY=Mn^2+^(S^4+^O_3_)&#183;3H_2_O
##LOCALITY=Ojuela mine, Mapimí, Municipio de Mapimí, Durango, Mexico
##OWNER=RRUFF
##SOURCE=Bob Jenkins
##DESCRIPTION=Yellowish spheres, associated with adamite and lotharmeyerite, type sample
##STATUS=The identification of this mineral is confirmed by single-crystal X-ray diffraction and chemical analysis.
##URL=rruff.info/R210021
##MEASURED CHEMISTRY=(Mn_0.85_Zn_0.11_Fe_0.04_Ca_0.02_)S_0.99_O_3_·3H_2_O ;  The sample is prone to the electron beam damage, but it did not seem to affect the relative proportions of cations. 
88.13672, 0.0000000E+00
88.61884, 3.780411
89.10095, 7.086212
89.58307, 8.925842
90.06519, 9.959625
90.54730, 10.84796
91.02942, 11.56795
91.51154, 12.35095
91.99365, 15.20036
92.47577, 19.27151
92.95789, 21.26154
93.44000, 19.02730
93.92212, 14.01459
94.40424, 10.23448
94.88635, 8.933167
95.36847, 11.27913
95.85059, 16.58913
96.33270, 20.46608
96.81482, 21.18893
97.29694, 18.73837
97.77905, 14.47702
98.26117, 11.21111
98.74329, 9.215790
99.22540, 8.189575
99.70752, 7.698883
100.1896, 7.948868
100.6718, 7.848083
101.1539, 6.515564
101.6360, 3.661804
102.1181, 0.9490200
102.6002, 1.624054
103.0823, 3.947998
103.5645, 5.077271
104.0466, 4.600723
104.5287, 3.504333
105.0108, 2.561188
105.4929, 1.894333
105.9750, 1.143326
106.4572, 0.1631320
106.9393, 1.122467
107.4214, 2.078491
107.9035, 2.505173
108.3856, 2.754242
108.8677, 3.179504
109.3499, 4.309753
109.8320, 5.165054
110.3141, 5.402863
110.7962, 4.670151
111.2783, 4.519241
111.7604, 4.699005
112.2426, 5.580948
112.7247, 7.722397
113.2068, 12.51245
113.6889, 17.56674
114.1710, 21.74695
114.6531, 24.08401
115.1353, 27.14352
115.6174, 32.65649
116.0995, 39.55725
116.5816, 45.21646
117.0637, 47.86316
117.5458, 49.36093
118.0280, 50.98438
118.5101, 53.09103
118.9922, 55.28223
119.4743, 57.02957
119.9564, 58.53464
120.4385, 60.65704
120.9207, 64.32648
121.4028, 68.74606
121.8849, 72.98740
122.3670, 76.54108
122.8491, 80.02603
123.3312, 84.28235
123.8134, 89.25809
124.2955, 93.72098
124.7776, 96.11511
125.2597, 97.25101
125.7418, 98.77792
126.2239, 102.8422
126.7061, 107.3062
127.1882, 107.8411
127.6703, 104.1288
128.1524, 99.78622
128.6345, 99.22375
129.1166, 101.6569
129.5988, 103.5473
130.0809, 102.8227
130.5630, 100.1540
131.0451, 98.02301
131.5272, 96.76151
132.0093, 95.27783
132.4915, 91.34332
132.9736, 84.96524
133.4557, 79.09021
133.9378, 75.98590
134.4199, 75.41827
134.9020, 73.29919
135.3842, 68.66443
135.8663, 63.17749
136.3484, 60.61420
136.8305, 61.51797
137.3126, 62.84225
137.7947, 62.51697
138.2769, 60.20029
138.7590, 58.51776
139.2411, 57.89871
139.7232, 58.05557
140.2053, 57.82153
140.6874, 57.04095
141.1696, 56.22150
141.6517, 55.96448
142.1338, 57.01010
142.6159, 56.59128
143.0980, 53.81259
143.5801, 48.99277
144.0623, 45.55988
144.5444, 44.23523
145.0265, 43.54495
145.5086, 42.32016
145.9907, 40.07254
146.4728, 37.94064
146.9550, 35.64166
147.4371, 33.05759
147.9192, 32.54388
148.4013, 36.34927
148.8834, 40.88690
149.3655, 42.86145
149.8477, 39.15549
150.3298, 36.15909
150.8119, 35.21359
151.2940, 36.72961
151.7761, 37.89767
152.2583, 38.72214
152.7404, 39.11215
153.2225, 38.96896
153.7046, 37.95459
154.1867, 36.69522
154.6688, 35.19397
155.1510, 33.24231
155.6331, 31.94241
156.1152, 32.49872
156.5973, 33.56696
157.0794, 33.34586
157.5615, 29.48972
158.0437, 25.91772
158.5258, 24.36752
159.0079, 25.66626
159.4900, 26.99966
159.9721, 27.82892
160.4542, 28.03662
160.9364, 27.51300
161.4185, 25.25046
161.9006, 23.12521
162.3827, 22.15286
162.8648, 22.58469
163.3469, 23.87753
163.8291, 26.14990
164.3112, 29.10791
164.7933, 32.12701
165.2754, 35.47925
165.7575, 38.48312
166.2396, 40.37399
166.7218, 40.12491
167.2039, 40.43076
167.6860, 43.13132
168.1681, 47.78891
168.6502, 53.13788
169.1323, 59.36472
169.6145, 65.50888
170.0966, 70.42447
170.5787, 73.12555
171.0608, 75.62964
171.5429, 79.93045
172.0250, 85.69910
172.5072, 91.10367
172.9893, 94.97821
173.4714, 97.88870
173.9535, 100.5405
174.4356, 102.8271
174.9177, 105.2631
175.3999, 109.0415
175.8820, 113.9482
176.3641, 117.9294
176.8462, 119.4760
177.3283, 119.1421
177.8104, 117.8357
178.2926, 115.1291
178.7747, 112.2186
179.2568, 111.3389
179.7389, 112.3784
180.2210, 113.0360
180.7031, 111.1354
181.1853, 107.2969
181.6674, 103.0330
182.1495, 98.28644
182.6316, 93.72147
183.1137, 90.84140
183.5958, 89.63892
184.0780, 89.20233
184.5601, 89.09341
185.0422, 89.14337
185.5243, 88.61670
186.0064, 86.89279
186.4885, 84.55075
186.9707, 83.07672
187.4528, 82.48016
187.9349, 82.56097
188.4170, 83.35706
188.8991, 84.78589
189.3812, 86.16299
189.8634, 87.30386
190.3455, 88.23767
190.8276, 88.99542
191.3097, 89.53836
191.7918, 90.17743
192.2739, 91.43146
192.7561, 93.29807
193.2382, 94.87192
193.7203, 95.81998
194.2024, 96.21048
194.6845, 96.48904
195.1666, 96.65018
195.6488, 96.65381
196.1309, 96.33813
196.6130, 95.66443
197.0951, 95.20538
197.5772, 95.44550
198.0593, 96.23486
198.5415, 95.77765
199.0236, 93.86499
199.5057, 91.31003
199.9878, 89.02774
200.4699, 87.01031
200.9520, 85.46707
201.4342, 84.81445
201.9163, 85.01434
202.3984, 84.05002
202.8805, 81.63297
203.3626, 78.66370
203.8447, 76.54276
204.3269, 75.58557
204.8090, 73.91287
205.2911, 70.61871
205.7732, 65.62888
206.2553, 61.49966
206.7374, 58.40332
207.2196, 55.86575
207.7017, 53.38049
208.1838, 51.07947
208.6659, 48.25473
209.1480, 44.25775
209.6301, 38.83060
210.1123, 35.57281
210.5944, 35.36823
211.0765, 36.11447
211.5586, 34.62839
212.0407, 30.04480
212.5228, 25.64499
213.0050, 22.47037
213.4871, 20.61935
213.9692, 19.12405
214.4513, 18.02591
214.9334, 17.23917
215.4155, 16.62747
215.8977, 16.17542
216.3798, 15.95514
216.8619, 16.12479
217.3440, 16.80078
217.8261, 16.86316
218.3082, 15.98145
218.7904, 14.82941
219.2725, 14.31036
219.7546, 14.46646
220.2367, 15.21173
220.7188, 16.74048
221.2009, 19.29660
221.6831, 21.07257
222.1652, 21.94550
222.6473, 22.16891
223.1294, 21.78256
223.6115, 19.72079
224.0936, 19.23038
224.5758, 21.69119
225.0579, 27.69904
225.5400, 32.24631
226.0221, 34.55429
226.5042, 36.09418
226.9863, 38.73123
227.4685, 42.87164
227.9506, 47.39352
228.4327, 51.97476
228.9148, 56.60278
229.3969, 61.75827
229.8790, 68.01404
230.3612, 74.29022
230.8433, 79.15543
231.3254, 81.91800
231.8075, 84.75275
232.2896, 88.07690
232.7717, 91.83731
233.2539, 96.02527
233.7360, 100.7399
234.2181, 105.5745
234.7002, 110.2646
235.1823, 115.1141
235.6644, 119.4736
236.1466, 123.3922
236.6287, 126.9598
237.1108, 128.8818
237.5929, 128.1550
238.0750, 126.6688
238.5571, 126.4756
239.0393, 128.5221
239.5214, 129.9997
240.0035, 130.2532
240.4856, 129.2478
240.9677, 128.9360
241.4498, 129.9432
241.9320, 130.8142
242.4141, 130.0044
242.8962, 126.2245
243.3783, 123.1490
243.8604, 122.0052
244.3425, 122.8543
244.8247, 122.0271
245.3068, 118.2411
245.7889, 113.8384
246.2710, 111.1024
246.7531, 111.6756
247.2352, 110.7814
247.7174, 107.0435
248.1995, 100.6388
248.6816, 95.29086
249.1637, 91.75684
249.6458, 88.56995
250.1279, 84.39883
250.6101, 78.23346
251.0922, 73.18082
251.5743, 70.05145
252.0564, 68.58618
252.5385, 66.70462
253.0206, 64.20898
253.5028, 61.54602
253.9849, 59.14078
254.4670, 57.24210
254.9491, 54.80197
255.4312, 51.10464
255.9133, 46.68420
256.3955, 44.49265
256.8776, 45.79147
257.3597, 47.35989
257.8418, 47.00589
258.3239, 43.68311
258.8061, 41.28891
259.2882, 40.57080
259.7703, 40.89285
260.2524, 39.75058
260.7345, 36.39273
261.2166, 32.94199
261.6988, 30.41797
262.1809, 28.87000
262.6630, 28.42953
263.1451, 29.69586
263.6272, 31.82748
264.1093, 32.45624
264.5915, 31.21878
265.0736, 29.34146
265.5557, 27.10812
266.0378, 24.20255
266.5199, 22.56946
267.0020, 22.72763
267.4842, 23.79974
267.9663, 23.90256
268.4484, 22.75217
268.9305, 21.45047
269.4126, 20.40317
269.8947, 19.56812
270.3769, 19.12952
270.8590, 19.12515
271.3411, 19.43918
271.8232, 19.93008
272.3053, 20.62906
272.7874, 21.36136
273.2696, 22.29196
273.7517, 23.47989
274.2338, 23.21973
274.7159, 20.97556
275.1980, 18.29651
275.6801, 17.63531
276.1623, 19.40106
276.6444, 20.70541
277.1265, 20.33948
277.6086, 18.45862
278.0907, 17.84305
278.5728, 18.78033
279.0550, 20.15982
279.5371, 20.96945
280.0192, 21.24072
280.5013, 20.56058
280.9834, 18.54114
281.4655, 15.47943
281.9477, 12.61978
282.4298, 9.843475
282.9119, 7.967102
283.3940, 8.447632
283.8761, 11.22903
284.3582, 12.85468
284.8404, 12.32083
285.3225, 10.26822
285.8046, 8.597809
286.2867, 7.358337
286.7688, 6.140564
287.2509, 4.606018
287.7331, 2.784515
288.2152, 0.8854980
288.6973, 1.212921
289.1794, 3.182343
289.6615, 4.311890
290.1436, 4.616486
290.6258, 4.305328
291.1079, 2.966400
291.5900, 0.9792180
292.0721, 9.2101999E-02
292.5542, 0.6711730
293.0363, 2.017761
293.5185, 3.257080
294.0006, 4.388397
294.4827, 5.281067
294.9648, 5.957275
295.4469, 6.366455
295.9290, 6.162018
296.4112, 5.179810
296.8933, 4.276459
297.3754, 4.908203
297.8575, 6.639160
298.3396, 7.874542
298.8217, 7.688141
299.3039, 6.535645
299.7860, 4.861725
300.2681, 2.598572
300.7502, 0.8305360
301.2323, 1.250092
301.7144, 3.035126
302.1966, 4.172180
302.6787, 3.233398
303.1608, 1.613892
303.6429, 1.300110
304.1250, 2.214142
304.6071, 2.832245
305.0893, 1.354645
305.5714, 1.105286
306.0535, 2.679626
306.5356, 2.172363
307.0177, 1.230469
307.4998, 1.438568
307.9820, 2.608337
308.4641, 3.752899
308.9462, 4.082336
309.4283, 4.126007
309.9104, 4.467712
310.3925, 5.324097
310.8747, 6.362549
311.3568, 7.564514
311.8389, 8.801575
312.3210, 9.711700
312.8031, 9.748596
313.2852, 9.618500
313.7674, 9.951202
314.2495, 11.05319
314.7316, 11.97974
315.2137, 11.69885
315.6958, 11.00162
316.1779, 11.20160
316.6601, 13.69812
317.1422, 16.54874
317.6243, 19.03680
318.1064, 21.19873
318.5885, 22.10229
319.0706, 19.29742
319.5528, 15.82959
320.0349, 15.17407
320.5170, 22.22900
320.9991, 28.23904
321.4812, 29.76611
321.9633, 26.72116
322.4455, 24.30490
322.9276, 23.82257
323.4097, 24.20587
323.8918, 24.64429
324.3739, 25.87646
324.8560, 26.29404
325.3382, 25.03680
325.8203, 22.41504
326.3024, 20.71539
326.7845, 20.43042
327.2666, 20.86365
327.7487, 21.72952
328.2309, 24.42020
328.7130, 25.64481
329.1951, 24.65933
329.6772, 22.24976
330.1593, 20.27621
330.6414, 18.18710
331.1236, 17.06442
331.6057, 17.61429
332.0878, 20.85614
332.5699, 22.92059
333.0520, 23.32501
333.5341, 22.74893
334.0163, 22.41510
334.4984, 22.76917
334.9805, 22.61856
335.4626, 21.29608
335.9447, 18.71747
336.4268, 17.90753
336.9090, 19.45355
337.3911, 21.74890
337.8732, 23.43231
338.3553, 24.57962
338.8374, 24.75793
339.3195, 23.28549
339.8017, 20.84616
340.2838, 20.94562
340.7659, 24.26376
341.2480, 27.63364
341.7301, 28.46985
342.2122, 26.56909
342.6944, 25.24924
343.1765, 24.80362
343.6586, 25.23807
344.1407, 27.10538
344.6228, 30.44308
345.1049, 33.06332
345.5871, 33.08566
346.0692, 31.11789
346.5513, 30.59570
347.0334, 31.76297
347.5155, 33.58310
347.9977, 35.24417
348.4798, 36.70001
348.9619, 37.21570
349.4440, 35.31891
349.9261, 32.35117
350.4082, 31.51297
350.8904, 32.78445
351.3725, 34.85748
351.8546, 37.53473
352.3367, 40.10037
352.8188, 40.95370
353.3009, 38.68146
353.7831, 35.78687
354.2652, 35.19257
354.7473, 36.50354
355.2294, 37.85461
355.7115, 38.43463
356.1936, 38.27045
356.6758, 37.34729
357.1579, 35.50943
357.6400, 33.55682
358.1221, 31.68237
358.6042, 30.11438
359.0863, 29.19672
359.5685, 30.05368
360.0506, 30.86246
360.5327, 30.48865
361.0148, 28.76489
361.4969, 26.82129
361.9790, 24.82495
362.4612, 22.91983
362.9433, 21.33099
363.4254, 20.05768
363.9075, 19.14694
364.3896, 18.76004
364.8717, 18.80185
365.3539, 18.56967
365.8360, 17.27133
366.3181, 16.10611
366.8002, 15.76737
367.2823, 17.47379
367.7644, 18.53870
368.2466, 18.59940
368.7287, 17.87680
369.2108, 17.02841
369.6929, 15.88647
370.1750, 14.79202
370.6571, 13.98120
371.1393, 13.76120
371.6214, 12.68839
372.1035, 9.892151
372.5856, 6.873505
373.0677, 5.729614
373.5498, 7.379456
374.0320, 8.938446
374.5141, 9.932526
374.9962, 10.34445
375.4783, 9.645782
375.9604, 7.505035
376.4425, 5.017456
376.9247, 2.790283
377.4068, 0.7140500
377.8889, 9.6740998E-02
378.3710, 1.660522
378.8531, 4.234009
379.3352, 4.720917
379.8174, 2.938904
380.2995, 1.192627
380.7816, 1.034943
381.2637, 2.182312
381.7458, 2.658142
382.2279, 2.249268
382.7101, 1.685394
383.1922, 2.013062
383.6743, 3.042664
384.1564, 3.887054
384.6385, 4.322205
385.1206, 4.299500
385.6028, 3.486694
386.0849, 1.929565
386.5670, 0.4972840
387.0491, 0.3349300
387.5312, 0.5496520
388.0133, 8.5205004E-02
388.4955, 2.347565
388.9776, 4.189972
389.4597, 2.974945
389.9418, 0.2870790
390.4239, 2.715607
390.9060, 2.151123
391.3882, 0.5752560
391.8703, 0.6366880
392.3524, 1.365509
392.8345, 1.540283
393.3166, 0.6338810
393.7987, 0.7024840
394.2809, 1.634949
394.7630, 1.543243
395.2451, 1.387848
395.7272, 1.520660
396.2093, 1.932312
396.6914, 2.264557
397.1736, 2.540710
397.6557, 2.655609
398.1378, 2.546265
398.6199, 2.478760
399.1020, 1.835114
399.5841, 7.6903999E-02
400.0663, 2.543457
400.5484, 3.814941
401.0305, 3.029022
401.5126, 2.127991
401.9947, 1.793640
402.4768, 2.199768
402.9590, 2.231323
403.4411, 1.748444
403.9232, 1.053680
404.4053, 0.5140690
404.8874, 0.2277830
405.3695, 0.3174740
405.8517, 1.559387
406.3338, 3.077301
406.8159, 2.651154
407.2980, 0.1609190
407.7801, 2.795807
408.2622, 2.938995
408.7444, 0.8395080
409.2265, 0.1021120
409.7086, 1.254974
410.1907, 3.328461
410.6728, 5.186127
411.1549, 6.778809
411.6371, 7.729370
412.1192, 7.547485
412.6013, 6.668457
413.0834, 5.799225
413.5655, 4.941681
414.0476, 4.392944
414.5298, 4.638672
415.0119, 5.303833
415.4940, 5.751343
415.9761, 5.623566
416.4582, 5.497711
416.9403, 6.052826
417.4225, 7.040466
417.9046, 7.736816
418.3867, 7.352631
418.8688, 6.819977
419.3509, 6.838196
419.8330, 7.596008
420.3152, 8.360046
420.7973, 8.847961
421.2794, 9.197815
421.7615, 9.572815
422.2436, 9.952209
422.7257, 10.42480
423.2079, 11.00369
423.6900, 11.68945
424.1721, 12.51257
424.6542, 13.51959
425.1363, 14.62988
425.6184, 15.86099
426.1006, 17.55240
426.5827, 18.64139
427.0648, 18.65863
427.5469, 18.30142
428.0290, 18.81311
428.5111, 20.37521
428.9933, 22.44882
429.4754, 25.31976
429.9575, 28.92258
430.4396, 29.98801
430.9217, 27.62415
431.4038, 25.36346
431.8860, 27.10416
432.3681, 32.89758
432.8502, 36.83765
433.3323, 37.66055
433.8144, 36.77155
434.2965, 36.48257
434.7787, 36.79709
435.2608, 37.90527
435.7429, 40.63443
436.2250, 44.28699
436.7071, 46.88702
437.1892, 48.25214
437.6714, 49.41409
438.1535, 51.60403
438.6356, 54.25705
439.1177, 56.26917
439.5998, 56.52466
440.0819, 56.81555
440.5641, 58.77917
441.0462, 62.08810
441.5283, 65.50772
442.0104, 68.73621
442.4925, 71.58191
442.9746, 73.54507
443.4568, 74.07315
443.9389, 75.64868
444.4210, 80.06741
444.9031, 85.58664
445.3852, 90.18259
445.8673, 92.34747
446.3495, 94.80475
446.8316, 98.12512
447.3137, 102.2211
447.7958, 106.2276
448.2779, 109.7773
448.7600, 113.6388
449.2422, 118.2747
449.7243, 124.3729
450.2064, 129.5085
450.6885, 133.5860
451.1706, 136.8687
451.6527, 139.4405
452.1349, 140.9936
452.6170, 143.4390
453.0991, 147.5172
453.5812, 152.9976
454.0633, 158.1743
454.5454, 163.0797
455.0276, 168.0021
455.5097, 173.2269
455.9918, 178.7129
456.4739, 183.9906
456.9560, 189.1753
457.4381, 193.9766
457.9203, 197.1810
458.4024, 199.3466
458.8845, 202.4262
459.3666, 208.2576
459.8488, 214.9604
460.3309, 220.6159
460.8130, 225.1562
461.2951, 228.7031
461.7772, 230.4202
462.2593, 231.5325
462.7415, 233.2662
463.2236, 236.4932
463.7057, 239.2466
464.1878, 241.0528
464.6699, 241.9130
465.1520, 241.7211
465.6342, 238.9106
466.1163, 236.2312
466.5984, 234.8805
467.0805, 235.2101
467.5626, 234.3048
468.0447, 230.8314
468.5269, 227.1445
469.0090, 224.8975
469.4911, 225.0705
469.9732, 224.7404
470.4553, 223.9265
470.9374, 222.3968
471.4196, 219.3270
471.9017, 214.2798
472.3838, 209.3340
472.8659, 205.2823
473.3480, 202.0531
473.8301, 198.9850
474.3123, 196.0182
474.7944, 193.5151
475.2765, 191.8781
475.7586, 191.0194
476.2407, 190.5360
476.7228, 190.3216
477.2050, 190.5620
477.6871, 192.1160
478.1692, 194.3653
478.6513, 195.6295
479.1334, 193.4986
479.6155, 191.0732
480.0977, 191.8032
480.5798, 195.7817
481.0619, 199.9485
481.5440, 202.4010
482.0261, 204.0230
482.5082, 205.8190
482.9904, 208.3670
483.4725, 210.5885
483.9546, 211.6153
484.4367, 212.1477
484.9188, 213.6460
485.4009, 217.9523
485.8831, 221.6184
486.3652, 223.5386
486.8473, 223.5125
487.3294, 224.1066
487.8115, 226.3401
488.2936, 228.0211
488.7758, 227.1346
489.2579, 222.4714
489.7400, 220.1400
490.2221, 221.3996
490.7042, 223.8852
491.1863, 223.0406
491.6685, 218.7900
492.1506, 214.1429
492.6327, 210.1754
493.1148, 206.4742
493.5969, 202.5008
494.0790, 198.2557
494.5612, 194.2738
495.0433, 191.4411
495.5254, 188.9269
496.0075, 185.0198
496.4896, 179.0188
496.9717, 173.0654
497.4539, 168.8378
497.9360, 165.8502
498.4181, 163.5104
498.9002, 163.5923
499.3823, 162.5548
499.8644, 157.6136
500.3466, 149.1324
500.8287, 141.5410
501.3108, 135.8112
501.7929, 131.6338
502.2750, 129.1067
502.7571, 129.9968
503.2393, 129.0316
503.7214, 125.4174
504.2035, 120.2650
504.6856, 114.7573
505.1677, 108.1294
505.6498, 102.8353
506.1320, 99.77917
506.6141, 98.41751
507.0962, 95.88715
507.5783, 91.97702
508.0604, 87.77283
508.5425, 83.85522
509.0247, 80.20526
509.5068, 76.61774
509.9889, 73.04669
510.4710, 69.73364
510.9531, 67.20908
511.4352, 65.19885
511.9174, 62.86197
512.3995, 59.77191
512.8816, 56.48602
513.3637, 53.35852
513.8458, 50.46786
514.3279, 48.06061
514.8101, 46.70969
515.2922, 45.57660
515.7743, 44.22827
516.2564, 42.65897
516.7385, 40.45691
517.2206, 36.16910
517.7028, 31.93723
518.1849, 29.50204
518.6670, 31.38580
519.1491, 32.23819
519.6312, 31.10495
520.1133, 28.85629
520.5955, 27.41904
521.0776, 27.53717
521.5597, 27.13254
522.0418, 25.22070
522.5239, 21.86816
523.0060, 19.74005
523.4882, 19.05600
523.9703, 18.85672
524.4524, 18.54489
524.9345, 18.09241
525.4166, 17.10355
525.8987, 15.38412
526.3809, 13.64209
526.8630, 12.96750
527.3451, 13.04358
527.8272, 12.87469
528.3093, 11.76376
528.7914, 10.48853
529.2736, 9.778900
529.7557, 9.591736
530.2378, 9.748718
530.7199, 10.91272
531.2020, 11.91092
531.6841, 11.72195
532.1663, 10.08646
532.6484, 8.231506
533.1305, 6.410553
533.6126, 4.538757
534.0947, 2.491211
534.5768, 0.9492490
535.0590, 2.897644
535.5411, 2.433990
536.0232, 0.4709170
536.5053, 0.4941410
536.9874, 0.1821290
537.4695, 0.5065000
537.9517, 1.571228
538.4338, 2.906342
538.9159, 2.569214
539.3980, 0.3125000
539.8801, 2.086975
540.3622, 3.028259
540.8444, 2.787811
541.3265, 2.523346
541.8086, 2.421173
542.2907, 2.211060
542.7728, 1.337555
543.2549, 0.1299740
543.7371, 0.6841430
544.2192, 0.6016850
544.7013, 0.1841740
545.1834, 0.6522830
545.6655, 1.641754
546.1476, 1.656830
546.6298, 1.080109
547.1119, 3.841553
547.5940, 5.016327
548.0761, 3.955231
548.5582, 3.352020
549.0403, 4.330261
549.5225, 5.231537
550.0046, 4.519165
550.4867, 0.7967220
550.9688, 1.369293
551.4509, 1.030853
551.9330, 0.6517030
552.4152, 0.9409480
552.8973, 0.4076230
553.3794, 1.151855
553.8615, 1.7821999E-02
554.3436, 2.318390
554.8257, 2.906433
555.3079, 1.808472
555.7900, 0.3056340
556.2721, 0.9549560
556.7542, 1.882843
557.2363, 2.034637
557.7184, 1.178833
558.2006, 0.8173830
558.6827, 2.982147
559.1648, 5.999908
559.6469, 7.786285
560.1290, 6.732788
560.6111, 5.342590
561.0933, 4.194550
561.5754, 3.292145
562.0575, 2.663940
562.5396, 2.380951
563.0217, 2.314880
563.5038, 2.543274
563.9860, 3.089966
564.4681, 3.219788
564.9502, 2.712616
565.4323, 2.196533
565.9144, 2.265961
566.3965, 2.994812
566.8787, 3.035248
567.3608, 2.127075
567.8429, 1.047882
568.3250, 1.009155
568.8071, 1.786041
569.2892, 2.434937
569.7714, 2.675354
570.2535, 2.619476
570.7356, 2.233521
571.2177, 1.624573
571.6998, 1.169067
572.1819, 0.8617860
572.6641, 0.9154050
573.1462, 1.667023
573.6283, 3.146667
574.1104, 4.363525
574.5925, 5.368652
575.0746, 5.780396
575.5568, 5.254578
576.0389, 2.726044
576.5210, 1.222504
577.0031, 1.349792
577.4852, 2.056702
577.9673, 1.844696
578.4495, 0.3471370
578.9316, 0.7713930
579.4137, 1.204895
579.8958, 1.015533
580.3779, 5.2094001E-02
580.8600, 1.672058
581.3422, 2.935944
581.8243, 2.300568
582.3064, 0.9302060
582.7885, 1.723053
583.2706, 4.633789
583.7527, 7.330109
584.2349, 8.057861
584.7170, 7.712128
585.1991, 7.152252
585.6812, 6.435425
586.1633, 5.803345
586.6454, 5.721680
587.1276, 5.643066
587.6097, 4.907623
588.0918, 1.359680
588.5739, 0.3217770
589.0560, 1.601807
589.5381, 5.700531
590.0203, 7.611938
590.5024, 6.350922
590.9845, 5.155457
591.4666, 5.378479
591.9487, 6.789459
592.4308, 6.959717
592.9130, 5.649536
593.3951, 4.607300
593.8772, 5.729919
594.3593, 8.126373
594.8414, 9.264282
595.3235, 8.761871
595.8057, 7.782104
596.2878, 7.175507
596.7699, 6.917969
597.2520, 6.934174
597.7341, 7.051727
598.2162, 7.363953
598.6984, 8.118622
599.1805, 9.085571
599.6626, 9.809692
600.1447, 9.965179
600.6268, 10.11639
601.1089, 10.53424
601.5911, 11.12955
602.0732, 11.25293
602.5553, 10.87561
603.0374, 10.11304
603.5195, 8.592072
604.0016, 6.223297
604.4838, 5.890961
604.9659, 7.809448
605.4480, 10.31046
605.9301, 12.00241
606.4122, 12.92441
606.8943, 13.13748
607.3765, 12.50827
607.8586, 11.80414
608.3407, 11.87671
608.8228, 12.36850
609.3049, 12.85657
609.7870, 13.02917
610.2692, 13.26956
610.7513, 14.19562
611.2334, 15.41907
611.7155, 15.73459
612.1976, 13.43121
612.6797, 11.54343
613.1619, 11.16711
613.6440, 12.37680
614.1261, 13.86371
614.6082, 15.75143
615.0903, 17.63217
615.5724, 19.59262
616.0546, 21.65851
616.5367, 21.74426
617.0188, 19.39514
617.5009, 16.58563
617.9830, 15.34412
618.4651, 15.49448
618.9473, 16.77887
619.4294, 19.81985
619.9115, 22.50195
620.3936, 22.04092
620.8757, 19.87048
621.3578, 18.89859
621.8400, 22.04080
622.3221, 24.91635
622.8042, 25.18436
623.2863, 23.28259
623.7684, 22.33429
624.2505, 23.87018
624.7327, 25.03433
625.2148, 24.50760
625.6969, 22.02853
626.1790, 21.13516
626.6611, 22.34186
627.1432, 23.81680
627.6254, 23.84891
628.1075, 22.58170
628.5896, 22.23230
629.0717, 23.10843
629.5538, 24.33313
630.0359, 24.98325
630.5181, 25.23444
631.0002, 25.47910
631.4823, 25.94116
631.9644, 26.26562
632.4465, 25.85931
632.9286, 25.16208
633.4108, 25.06488
633.8929, 27.08603
634.3750, 28.48544
634.8571, 27.63065
635.3392, 24.96057
635.8214, 24.23022
636.3035, 27.08270
636.7856, 29.10855
637.2677, 28.03299
637.7498, 23.89102
638.2319, 21.58975
638.7141, 21.23108
639.1962, 21.89337
639.6783, 23.79446
640.1604, 26.17957
640.6425, 26.16574
641.1246, 23.32419
641.6068, 19.88428
642.0889, 16.65082
642.5710, 14.20294
643.0531, 13.91086
643.5352, 18.29144
644.0173, 21.29117
644.4995, 18.52536
644.9816, 13.13147
645.4637, 10.55478
645.9458, 14.85901
646.4279, 18.12970
646.9100, 18.95215
647.3922, 17.84744
647.8743, 16.91287
648.3564, 16.08862
648.8385, 15.62061
649.3206, 15.73914
649.8027, 16.28073
650.2849, 16.53076
650.7670, 16.49969
651.2491, 16.40143
651.7312, 16.52567
652.2133, 16.63562
652.6954, 16.25372
653.1776, 15.30145
653.6597, 14.57987
654.1418, 14.29651
654.6239, 14.55865
655.1060, 15.64029
655.5881, 19.00983
656.0703, 20.60278
656.5524, 18.57123
657.0345, 15.10321
657.5166, 12.60413
657.9987, 11.03787
658.4808, 10.53848
658.9630, 11.34625
659.4451, 12.97858
659.9272, 14.73767
660.4093, 16.59552
660.8914, 17.40729
661.3735, 16.15106
661.8557, 14.07227
662.3378, 13.23700
662.8199, 13.40479
663.3020, 13.48892
663.7841, 12.59406
664.2662, 11.61603
664.7484, 11.34308
665.2305, 11.82059
665.7126, 11.92007
666.1947, 10.32709
666.6768, 9.162872
667.1589, 9.757965
667.6411, 12.84476
668.1232, 14.68613
668.6053, 15.04129
669.0874, 14.55121
669.5695, 13.60101
670.0516, 12.18790
670.5338, 10.91010
671.0159, 9.828888
671.4980, 8.885284
671.9801, 7.865143
672.4622, 6.946136
672.9443, 6.618073
673.4265, 7.473541
673.9086, 8.230072
674.3907, 8.115692
674.8728, 7.311310
675.3549, 6.156372
675.8370, 3.851105
676.3192, 2.212799
676.8013, 2.205322
677.2834, 3.309540
677.7655, 3.561676
678.2476, 2.430298
678.7297, 1.752533
679.2119, 2.474213
679.6940, 4.254303
680.1761, 5.001862
680.6582, 4.680237
681.1403, 4.107025
681.6224, 3.738495
682.1046, 3.517242
682.5867, 3.536438
683.0688, 3.778381
683.5509, 3.548798
684.0330, 1.717163
684.5151, 0.3458250
684.9973, 1.489349
685.4794, 1.345398
685.9615, 0.8271180
686.4436, 0.1313780
686.9257, 1.235565
687.4078, 2.386658
687.8900, 4.024170
688.3721, 4.353699
688.8542, 2.824463
689.3363, 0.7620540
689.8184, 0.4968570
690.3005, 1.772858
690.7827, 2.214691
691.2648, 0.7848820
691.7469, 1.029144
692.2290, 1.094055
692.7111, 1.5472000E-02
693.1932, 0.8214720
693.6754, 0.1087340
694.1575, 0.3085020
694.6396, 1.121368
695.1217, 3.720764
695.6038, 4.957825
696.0859, 3.103363
696.5681, 1.366425
697.0502, 0.7955630
697.5323, 1.218140
698.0144, 0.4001460
698.4965, 2.082397
698.9786, 3.842560
699.4608, 2.750153
699.9429, 0.3103330
700.4250, 1.488647
700.9071, 0.8627620
701.3892, 8.7433003E-02
701.8713, 0.6172790
702.3535, 1.532593
702.8356, 1.578644
703.3177, 0.4152530
703.7998, 8.7035999E-02
704.2819, 2.943298
704.7640, 5.958160
705.2462, 6.575714
705.7283, 2.972504
706.2104, 0.6363220
706.6925, 0.3639530
707.1746, 0.2188720
707.6567, 1.311737
708.1389, 4.308472
708.6210, 6.528107
709.1031, 7.739929
709.5852, 7.825439
710.0673, 5.601410
710.5494, 2.158997
711.0316, 0.2399290
711.5137, 1.719574
711.9958, 3.501526
712.4779, 3.091339
712.9600, 1.664825
713.4421, 1.414886
713.9243, 4.641388
714.4064, 6.997620
714.8885, 7.140747
715.3706, 5.818878
715.8527, 5.492676
716.3348, 6.658417
716.8170, 7.039703
717.2991, 5.211792
717.7812, 2.329681
718.2633, 2.842407
718.7454, 6.411102
719.2275, 9.372467
719.7097, 8.902374
720.1918, 7.144165
720.6739, 6.328674
721.1560, 6.469421
721.6381, 6.868683
722.1202, 7.382660
722.6024, 7.811584
723.0845, 8.098907
723.5666, 8.249512
724.0487, 8.639618
724.5308, 9.847443
725.0129, 10.38040
725.4951, 8.822571
725.9772, 5.027924
726.4593, 3.285736
726.9414, 3.804352
727.4235, 5.058990
727.9056, 6.024780
728.3878, 6.582916
728.8699, 6.304840
729.3520, 4.981293
729.8341, 4.070740
730.3162, 5.080292
730.7983, 6.611542
731.2805, 7.331085
731.7626, 6.388062
732.2447, 5.711761
732.7268, 5.291199
733.2089, 5.290619
733.6910, 6.006744
734.1732, 7.619873
734.6553, 9.064972
735.1374, 10.24017
735.6195, 11.10941
736.1016, 11.46683
736.5837, 11.40372
737.0659, 11.33261
737.5480, 11.46494
738.0301, 11.47348
738.5122, 10.98615
738.9943, 10.19421
739.4764, 9.428528
739.9586, 8.017761
740.4407, 7.543030
740.9228, 9.753662
741.4049, 12.95544
741.8870, 13.09338
742.3691, 9.030334
742.8513, 5.289337
743.3334, 2.857666
743.8155, 1.695984
744.2976, 2.048462
744.7797, 3.755249
745.2618, 5.477753
745.7440, 6.945648
746.2261, 7.836151
746.7082, 7.585663
747.1903, 6.406189
747.6724, 5.116211
748.1545, 3.116608
748.6367, 1.981476
749.1188, 2.810730
749.6009, 5.418640
750.0830, 7.349243
750.5651, 8.445343
751.0472, 9.413147
751.5294, 10.79767
752.0115, 12.33279
752.4936, 11.41635
752.9757, 8.066040
753.4578, 5.541565
753.9399, 7.853058
754.4221, 11.53055
754.9042, 11.02444
755.3863, 6.364227
755.8684, 2.839386
756.3505, 3.587646
756.8326, 5.664551
757.3148, 7.919800
757.7969, 10.59943
758.2790, 11.28693
758.7611, 8.655670
759.2432, 6.066132
759.7253, 6.036469
760.2075, 8.591095
760.6896, 9.789551
761.1717, 9.545837
761.6538, 8.535217
762.1359, 6.725342
762.6180, 4.795135
763.1002, 3.914307
763.5823, 4.291656
764.0644, 5.139130
764.5465, 6.511871
765.0286, 7.896362
765.5107, 8.827850
765.9929, 9.019196
766.4750, 9.370728
766.9571, 10.09897
767.4392, 10.71524
767.9213, 10.66354
768.4034, 9.982330
768.8856, 10.10416
769.3677, 11.12070
769.8498, 11.76480
770.3319, 9.965485
770.8140, 7.048798
771.2961, 5.433929
771.7783, 5.955536
772.2604, 6.950470
772.7425, 7.962677
773.2246, 8.674377
773.7067, 8.819611
774.1888, 7.974213
774.6710, 7.275970
775.1531, 6.775696
775.6352, 6.294373
776.1173, 5.512360
776.5994, 4.457306
777.0815, 3.955353
777.5637, 4.259796
778.0458, 4.941132
778.5279, 5.042114
779.0100, 5.187561
779.4921, 6.856354
779.9742, 11.91290
780.4564, 15.61557
780.9385, 14.74197
781.4206, 11.80258
781.9027, 10.23538
782.3848, 10.82275
782.8669, 11.67215
783.3491, 12.66751
783.8312, 13.47726
784.3133, 13.32397
784.7954, 12.34711
785.2775, 12.19199
785.7596, 13.60181
786.2418, 15.13138
786.7239, 14.47995
787.2060, 12.75208
787.6881, 12.06061
788.1702, 13.54095
788.6523, 15.43311
789.1345, 17.58289
789.6166, 19.46603
790.0987, 20.28644
790.5808, 19.57535
791.0629, 18.85864
791.5450, 18.57114
792.0272, 18.39395
792.5093, 17.49655
792.9914, 16.01337
793.4735, 15.33591
793.9556, 16.13654
794.4377, 17.44479
794.9199, 18.49930
795.4020, 19.23694
795.8841, 19.50833
796.3662, 18.54340
796.8483, 17.97714
797.3304, 18.80402
797.8126, 20.08572
798.2947, 20.09653
798.7768, 18.43948
799.2589, 16.59888
799.7410, 14.45664
800.2231, 12.85733
800.7053, 14.35300
801.1874, 18.01273
801.6695, 19.92908
802.1516, 18.02048
802.6337, 15.23782
803.1158, 13.70340
803.5980, 13.11429
804.0801, 12.91812
804.5622, 13.04956
805.0443, 13.49667
805.5264, 14.68030
806.0085, 15.93045
806.4907, 15.96387
806.9728, 14.65491
807.4549, 13.04294
807.9370, 10.91232
808.4191, 9.339050
808.9012, 11.07483
809.3834, 14.84467
809.8655, 17.19254
810.3476, 16.29013
810.8297, 14.38931
811.3118, 12.03189
811.7939, 9.789948
812.2761, 8.589020
812.7582, 9.055237
813.2403, 9.799408
813.7224, 11.02869
814.2045, 12.21066
814.6866, 11.98669
815.1688, 10.37811
815.6509, 9.078644
816.1330, 8.412750
816.6151, 8.387329
817.0972, 9.679077
817.5793, 11.52628
818.0615, 12.50922
818.5436, 11.35312
819.0257, 10.23206
819.5078, 10.14771
819.9899, 10.40366
820.4720, 9.881927
820.9542, 8.148621
821.4363, 6.829773
821.9184, 6.156708
822.4005, 5.923920
822.8826, 5.922668
823.3647, 6.088989
823.8469, 6.246948
824.3290, 6.580780
824.8111, 6.305573
825.2932, 3.666016
825.7753, 0.3814700
826.2574, 1.145111
826.7396, 1.390564
827.2217, 3.271240
827.7038, 4.134430
828.1859, 4.134277
828.6681, 3.180176
829.1502, 1.082458
829.6323, 0.1243900
830.1144, 2.5757000E-02
830.5966, 0.4577330
831.0787, 0.1677550
831.5608, 0.5658570
832.0429, 1.078949
832.5250, 1.189819
833.0071, 1.196381
833.4893, 0.9495240
833.9714, 0.8512880
834.4535, 1.391296
834.9356, 3.307281
835.4177, 4.185455
835.8998, 3.740662
836.3820, 2.734467
836.8641, 1.612610
837.3462, 0.4528500
837.8283, 8.6359996E-03
838.3104, 0.4346620
838.7925, 1.543579
839.2747, 4.318420
839.7568, 7.093872
840.2389, 7.856720
840.7210, 5.752045
841.2031, 3.491364
841.6852, 0.9376220
842.1674, 0.9105530
842.6495, 1.219879
843.1316, 0.2753910
843.6137, 1.437744
844.0958, 2.189423
844.5779, 3.179443
845.0601, 6.242798
845.5422, 9.516510
846.0243, 8.777130
846.5064, 3.629486
846.9885, 0.8232120
847.4706, 2.313965
847.9528, 1.897614
848.4349, 0.6203310
848.9170, 5.734344
849.3991, 7.553040
849.8812, 4.957916
850.3633, 1.734436
850.8455, 5.1238999E-02
851.3276, 0.3480830
851.8097, 0.8570860
852.2918, 1.433838
852.7739, 1.489807
853.2560, 0.2838440
853.7382, 2.039978
854.2203, 2.067627
854.7024, 0.4358220
855.1845, 1.103363
855.6666, 2.619263
856.1487, 3.394684
856.6309, 2.799866
857.1130, 1.241241
857.5951, 1.010925
858.0772, 2.131866
858.5593, 3.997742
859.0414, 6.849457
859.5236, 9.861389
860.0057, 11.77927
860.4878, 12.82947
860.9699, 13.69553
861.4520, 15.26138
861.9341, 16.08691
862.4163, 14.86987
862.8984, 12.62204
863.3805, 12.09207
863.8626, 13.82538
864.3447, 15.02481
864.8268, 14.71777
865.3090, 13.90057
865.7911, 14.63965
866.2732, 16.42496
866.7553, 17.75830
867.2374, 17.63300
867.7195, 17.55075
868.2017, 18.87418
868.6838, 20.65091
869.1659, 21.17514
869.6480, 19.07767
870.1301, 18.36664
870.6122, 19.96225
871.0944, 22.21609
871.5765, 23.08243
872.0586, 22.58890
872.5407, 20.41293
873.0228, 15.96078
873.5049, 12.43994
873.9871, 14.08093
874.4692, 17.50247
874.9513, 18.82556
875.4334, 16.30069
875.9155, 14.01160
876.3976, 12.19101
876.8798, 10.86768
877.3619, 10.13297
877.8440, 10.00146
878.3261, 10.13580
878.8082, 10.56259
879.2903, 10.66476
879.7725, 9.824371
880.2546, 8.442413
880.7367, 6.704956
881.2188, 4.629913
881.7009, 3.450623
882.1830, 4.735077
882.6652, 5.903351
883.1473, 5.511169
883.6294, 3.558289
884.1115, 2.171753
884.5936, 1.619141
885.0757, 1.525757
885.5579, 1.950592
886.0400, 2.496460
886.5221, 2.286621
887.0042, 1.445953
887.4863, 0.7980350
887.9684, 0.8754270
888.4506, 1.228149
888.9327, 1.529236
889.4148, 1.875671
889.8969, 2.907166
890.3790, 5.102417
890.8611, 6.290039
891.3433, 5.675903
891.8254, 4.147339
892.3075, 3.205078
892.7896, 2.656067
893.2717, 2.199524
893.7538, 1.666687
894.2360, 1.518555
894.7181, 1.825378
895.2002, 2.719360
895.6823, 4.496399
896.1644, 7.988892
896.6465, 10.11780
897.1287, 10.24261
897.6108, 9.576599
898.0929, 9.514526
898.5750, 10.21167
899.0571, 11.77032
899.5392, 14.32886
900.0214, 16.91754
900.5035, 19.00220
900.9856, 20.54309
901.4677, 21.34747
901.9498, 20.81085
902.4319, 22.00867
902.9141, 26.10303
903.3962, 29.55359
903.8783, 29.53571
904.3604, 27.00739
904.8425, 28.13092
905.3246, 32.52136
905.8068, 36.55676
906.2889, 37.38611
906.7710, 36.99969
907.2531, 37.35645
907.7352, 38.59595
908.2173, 39.30786
908.6995, 38.47125
909.1816, 38.26672
909.6637, 39.94427
910.1458, 42.29944
910.6279, 40.37921
911.1100, 34.84528
911.5922, 31.97742
912.0743, 36.14447
912.5564, 41.19843
913.0385, 40.62781
913.5206, 36.91003
914.0027, 34.31921
914.4849, 34.37189
914.9670, 35.12994
915.4491, 37.06891
915.9312, 38.92535
916.4133, 38.34808
916.8954, 35.57825
917.3776, 35.59625
917.8597, 39.34106
918.3418, 43.45959
918.8239, 44.90881
919.3060, 44.95282
919.7881, 44.88281
920.2703, 44.88013
920.7524, 44.82648
921.2345, 44.36359
921.7166, 44.27930
922.1987, 45.14819
922.6808, 46.90942
923.1630, 48.37927
923.6451, 49.57196
924.1272, 50.54749
924.6093, 51.20398
925.0914, 51.79022
925.5735, 52.22443
926.0557, 52.72021
926.5378, 54.20038
927.0199, 58.98932
927.5020, 62.12561
927.9841, 62.01477
928.4662, 59.90442
928.9484, 58.74365
929.4305, 58.51440
929.9126, 59.21185
930.3947, 60.95148
930.8768, 63.30560
931.3589, 66.50372
931.8411, 69.76270
932.3232, 71.88397
932.8053, 72.05017
933.2874, 71.82104
933.7695, 70.88837
934.2516, 70.17377
934.7338, 70.58411
935.2159, 72.10938
935.6980, 74.18341
936.1801, 76.80115
936.6622, 79.53546
937.1443, 81.96332
937.6265, 84.37347
938.1086, 87.10736
938.5907, 90.21899
939.0728, 92.95856
939.5549, 94.40094
940.0370, 96.57599
940.5192, 100.3978
941.0013, 105.5001
941.4834, 110.5094
941.9655, 115.3989
942.4476, 119.4311
942.9297, 121.1265
943.4119, 123.0477
943.8940, 128.8533
944.3761, 136.3356
944.8582, 140.8873
945.3403, 136.8953
945.8224, 137.1595
946.3046, 143.9548
946.7867, 153.8642
947.2688, 162.0758
947.7509, 168.9449
948.2330, 176.4597
948.7151, 185.0005
949.1973, 193.5907
949.6794, 200.7956
950.1615, 208.0825
950.6436, 216.8980
951.1257, 227.6568
951.6078, 238.5640
952.0900, 249.6138
952.5721, 260.7403
953.0542, 272.2085
953.5363, 283.7085
954.0184, 293.1371
954.5005, 300.9454
954.9827, 310.3499
955.4648, 324.7281
955.9469, 339.7316
956.4290, 352.2120
956.9111, 363.2950
957.3932, 376.2280
957.8754, 391.2906
958.3575, 407.8633
958.8396, 425.7045
959.3217, 444.9821
959.8038, 466.5889
960.2859, 489.5198
960.7681, 510.5168
961.2502, 528.2305
961.7323, 546.7380
962.2144, 568.2015
962.6965, 591.4730
963.1786, 615.8556
963.6608, 641.3101
964.1429, 666.2440
964.6250, 690.1286
965.1071, 715.0782
965.5892, 744.5417
966.0714, 775.0158
966.5535, 799.0341
967.0356, 818.0542
967.5177, 840.8730
967.9998, 876.2598
968.4819, 910.8912
968.9641, 938.7966
969.4462, 962.9103
969.9283, 991.1074
970.4104, 1023.894
970.8925, 1055.241
971.3746, 1084.021
971.8568, 1110.886
972.3389, 1137.519
972.8210, 1162.949
973.3031, 1185.854
973.7852, 1205.768
974.2673, 1223.542
974.7495, 1240.851
975.2316, 1254.760
975.7137, 1263.816
976.1958, 1268.063
976.6779, 1264.347
977.1600, 1252.650
977.6422, 1238.289
978.1243, 1224.192
978.6064, 1209.315
979.0885, 1194.561
979.5706, 1178.715
980.0527, 1155.602
980.5349, 1121.684
981.0170, 1085.128
981.4991, 1046.609
981.9812, 1007.047
982.4633, 967.9281
982.9454, 929.3120
983.4276, 891.7645
983.9097, 855.3184
984.3918, 818.7181
984.8739, 779.6268
985.3560, 740.2719
985.8381, 702.9011
986.3203, 667.7661
986.8024, 633.2982
987.2845, 599.4434
987.7666, 566.8403
988.2487, 535.4946
988.7308, 505.8071
989.2130, 478.2025
989.6951, 452.7389
990.1772, 428.5121
990.6593, 405.3571
991.1414, 383.2487
991.6235, 361.9471
992.1057, 341.7812
992.5878, 323.1999
993.0699, 306.1353
993.5520, 289.5406
994.0341, 272.9269
994.5162, 257.7556
994.9984, 246.4292
995.4805, 237.0127
995.9626, 227.2088
996.4447, 216.7509
996.9268, 205.2164
997.4089, 191.3498
997.8911, 178.7000
998.3732, 169.5750
998.8553, 163.3865
999.3374, 155.2542
999.8195, 145.5677
1000.302, 136.7227
1000.784, 130.8780
1001.266, 125.5005
1001.748, 118.3987
1002.230, 110.4987
1002.712, 104.3245
1003.194, 100.9503
1003.676, 96.46045
1004.159, 89.83548
1004.641, 83.16144
1005.123, 80.33240
1005.605, 79.27924
1006.087, 74.24289
1006.569, 63.67197
1007.051, 55.31946
1007.533, 54.15683
1008.016, 54.99219
1008.498, 55.36182
1008.980, 55.13354
1009.462, 52.19995
1009.944, 46.31992
1010.426, 40.87729
1010.908, 37.60724
1011.390, 35.59744
1011.872, 34.55133
1012.355, 33.83600
1012.837, 32.12979
1013.319, 28.51343
1013.801, 24.52518
1014.283, 19.97870
1014.765, 15.61050
1015.247, 11.94479
1015.729, 9.031952
1016.211, 7.679230
1016.694, 7.949127
1017.176, 8.431427
1017.658, 8.466919
1018.140, 8.173828
1018.622, 7.422485
1019.104, 6.276184
1019.586, 4.992859
1020.068, 3.514069
1020.551, 2.194458
1021.033, 1.172302
1021.515, 0.2948610
1021.997, 1.113007
1022.479, 2.441498
1022.961, 2.309967
1023.443, 0.7966310
1023.925, 2.873657
1024.407, 2.536774
1024.890, 1.187378
1025.372, 0.5602420
1025.854, 2.661407
1026.336, 3.374725
1026.818, 2.726044
1027.300, 1.854187
1027.782, 1.572571
1028.264, 1.348846
1028.746, 0.7774660
1029.229, 0.1065060
1029.711, 1.140289
1030.193, 2.570984
1030.675, 3.351166
1031.157, 2.939514
1031.639, 2.632538
1032.121, 5.254486
1032.603, 9.234802
1033.086, 10.47519
1033.568, 7.867401
1034.050, 5.977112
1034.532, 8.102966
1035.014, 10.25928
1035.496, 10.21475
1035.978, 8.160980
1036.460, 5.918304
1036.943, 3.552521
1037.425, 1.860596
1037.907, 1.514954
1038.389, 1.699127
1038.871, 1.740143
1039.353, 1.748352
1039.835, 1.960876
1040.317, 3.112610
1040.799, 3.033386
1041.281, 1.325775
1041.764, 0.8087160
1042.246, 2.391296
1042.728, 3.455139
1043.210, 3.760406
1043.692, 3.401672
1044.174, 3.425110
1044.656, 5.100525
1045.138, 6.444153
1045.621, 6.501770
1046.103, 5.676483
1046.585, 4.810425
1047.067, 3.880524
1047.549, 3.430664
1048.031, 3.657959
1048.513, 4.171814
1048.995, 4.926727
1049.478, 5.524811
1049.960, 5.355560
1050.442, 3.897797
1050.924, 3.553345
1051.406, 5.077850
1051.888, 5.962524
1052.370, 4.402802
1052.852, 1.411316
1053.334, 0.8988340
1053.817, 2.365479
1054.299, 2.480835
1054.781, 1.016541
1055.263, 3.374420
1055.745, 2.296021
1056.227, 6.7290999E-02
1056.709, 0.5221560
1057.191, 0.5758670
1057.673, 0.2636410
1058.156, 3.432526
1058.638, 5.935699
1059.120, 4.593750
1059.602, 2.178741
1060.084, 0.9360350
1060.566, 0.9016110
1061.048, 0.7652280
1061.530, 0.2867130
1062.013, 0.3383180
1062.495, 1.332886
1062.977, 2.560699
1063.459, 2.718140
1063.941, 2.313019
1064.423, 2.404205
1064.905, 3.442200
1065.387, 4.158203
1065.870, 3.012421
1066.352, 2.712830
1066.834, 5.160889
1067.316, 9.793457
1067.798, 12.66782
1068.280, 13.86136
1068.762, 14.00388
1069.244, 12.43896
1069.726, 11.00900
1070.208, 11.39246
1070.691, 12.49393
1071.173, 12.42218
1071.655, 10.47931
1072.137, 9.942505
1072.619, 11.13254
1073.101, 12.85721
1073.583, 14.96991
1074.065, 16.35229
1074.548, 14.47937
1075.030, 9.907074
1075.512, 7.541168
1075.994, 10.57239
1076.476, 12.92480
1076.958, 13.11972
1077.440, 12.29657
1077.922, 12.61801
1078.405, 13.72949
1078.887, 14.57953
1079.369, 15.01840
1079.851, 14.80801
1080.333, 12.72910
1080.815, 11.00427
1081.297, 10.98941
1081.779, 12.53381
1082.261, 15.14285
1082.744, 18.81644
1083.226, 21.46533
1083.708, 21.77237
1084.190, 21.19809
1084.672, 20.69662
1085.154, 20.38382
1085.636, 20.51889
1086.118, 21.91391
1086.601, 21.50742
1087.083, 18.72025
1087.565, 16.21564
1088.047, 16.64175
1088.529, 18.49890
1089.011, 19.10587
1089.493, 18.71835
1089.975, 18.61798
1090.458, 20.15427
1090.940, 20.73874
1091.422, 19.47186
1091.904, 17.65613
1092.386, 17.06570
1092.868, 17.58783
1093.350, 19.20230
1093.832, 21.95184
1094.314, 23.88889
1094.797, 23.33942
1095.279, 22.03760
1095.761, 20.69800
1096.243, 19.47873
1096.725, 18.77145
1097.207, 18.57718
1097.689, 19.47830
1098.171, 22.01093
1098.653, 24.50150
1099.136, 25.30908
1099.618, 25.09689
1100.100, 24.56570
1100.582, 23.73004
1101.064, 23.29196
1101.546, 23.57468
1102.028, 23.14050
1102.510, 20.15057
1102.993, 16.71658
1103.475, 17.32474
1103.957, 20.48080
1104.439, 22.70828
1104.921, 21.67352
1105.403, 21.34909
1105.885, 22.49551
1106.367, 23.68997
1106.849, 23.47626
1107.332, 22.15533
1107.814, 20.70816
1108.296, 19.32996
1108.778, 18.46426
1109.260, 19.12216
1109.742, 19.25757
1110.224, 17.63525
1110.706, 15.66464
1111.188, 15.33380
1111.671, 16.59875
1112.153, 17.15622
1112.635, 16.45370
1113.117, 15.54788
1113.599, 15.19495
1114.081, 15.50406
1114.563, 17.04486
1115.045, 19.33701
1115.528, 19.26208
1116.010, 16.39081
1116.492, 14.37646
1116.974, 14.28885
1117.456, 15.04211
1117.938, 16.06665
1118.420, 16.87976
1118.902, 16.38083
1119.385, 13.55432
1119.867, 13.40210
1120.349, 17.41766
1120.831, 20.64600
1121.313, 20.01181
1121.795, 17.22739
1122.277, 16.06607
1122.759, 15.85126
1123.241, 14.80334
1123.724, 10.90350
1124.206, 8.450653
1124.688, 8.790039
1125.170, 9.910492
1125.652, 10.18500
1126.134, 9.714996
1126.616, 8.826599
1127.098, 7.673370
1127.580, 7.146454
1128.063, 7.883240
1128.545, 9.256165
1129.027, 12.13129
1129.509, 14.66144
1129.991, 13.76965
1130.473, 9.610718
1130.955, 7.120880
1131.437, 6.727081
1131.920, 7.351990
1132.402, 9.165802
1132.884, 10.70447
1133.366, 10.51694
1133.848, 9.365570
1134.330, 9.725861
1134.812, 11.80774
1135.294, 13.27271
1135.776, 13.60022
1136.259, 13.60077
1136.741, 14.64908
1137.223, 15.41776
1137.705, 13.90436
1138.187, 9.748016
1138.669, 8.259033
1139.151, 10.42355
1139.633, 11.98843
1140.115, 11.18204
1140.598, 9.705231
1141.080, 10.33389
1141.562, 11.88095
1142.044, 12.39389
1142.526, 10.98026
1143.008, 10.27402
1143.490, 10.90955
1143.972, 11.27380
1144.455, 10.13312
1144.937, 8.371765
1145.419, 7.898132
1145.901, 8.588654
1146.383, 10.13464
1146.865, 14.07840
1147.347, 15.95227
1147.829, 14.51358
1148.312, 11.97400
1148.794, 9.616577
1149.276, 7.585907
1149.758, 6.963409
1150.240, 7.603516
1150.722, 8.381989
1151.204, 9.075317
1151.686, 9.482727
1152.168, 9.487732
1152.651, 9.204712
1153.133, 8.888947
1153.615, 8.472107
1154.097, 6.651642
1154.579, 3.473267
1155.061, 1.449402
1155.543, 3.305206
1156.025, 5.651611
1156.507, 6.521088
1156.990, 6.595825
1157.472, 7.106995
1157.954, 8.058868
1158.436, 9.615112
1158.918, 11.94232
1159.400, 13.18414
1159.882, 10.55594
1160.364, 7.340759
1160.847, 6.125641
1161.329, 6.644287
1161.811, 7.187897
1162.293, 7.825287
1162.775, 7.231201
1163.257, 4.675964
1163.739, 2.448547
1164.221, 3.763763
1164.703, 5.940430
1165.186, 5.992218
1165.668, 3.562714
1166.150, 2.455872
1166.632, 3.010773
1167.114, 2.777771
1167.596, 0.1679690
1168.078, 1.966736
1168.560, 1.570282
1169.042, 7.321075
1169.525, 10.45346
1170.007, 9.334564
1170.489, 8.873657
1170.971, 9.351379
1171.453, 9.410706
1171.935, 8.051910
1172.417, 6.201782
1172.899, 4.884949
1173.382, 4.232239
1173.864, 4.604156
1174.346, 7.402344
1174.828, 8.196014
1175.310, 6.023254
1175.792, 4.352539
1176.274, 6.689819
1176.756, 10.61234
1177.239, 11.48300
1177.721, 10.07178
1178.203, 8.420959
1178.685, 6.036133
1179.167, 5.321320
1179.649, 7.038605
1180.131, 9.123718
1180.613, 10.09109
1181.095, 9.906921
1181.578, 7.756897
1182.060, 4.120026
1182.542, 1.349640
1183.024, 0.1742550
1183.506, 0.3439640
1183.988, 2.210968
1184.470, 4.601166
1184.952, 6.580536
1185.434, 7.894806
1185.917, 7.368866
1186.399, 5.209106
1186.881, 3.787415
1187.363, 4.683563
1187.845, 5.623322
1188.327, 6.063324
1188.809, 6.318756
1189.291, 7.182739
1189.774, 8.146393
1190.256, 7.713531
1190.738, 5.742767
1191.220, 4.553955
1191.702, 6.943420
1192.184, 7.836700
1192.666, 4.855225
1193.148, 0.4786680
1193.630, 1.2543000E-02
1194.113, 2.411804
1194.595, 4.327026
1195.077, 5.187836
1195.559, 5.326202
1196.041, 3.773468
1196.523, 2.889954
1197.005, 3.914215
1197.487, 5.944183
1197.969, 6.420319
1198.452, 5.758911
1198.934, 5.743835
1199.416, 7.054901
1199.898, 7.545929
1200.380, 5.030731
1200.862, 2.743286
1201.344, 2.280518
1201.826, 3.178741
1202.309, 3.951721
1202.791, 4.628540
1203.273, 5.342529
1203.755, 6.214172
1204.237, 6.932800
1204.719, 7.352570
1205.201, 7.589203
1205.683, 8.004852
1206.166, 8.238342
1206.648, 5.757813
1207.130, 1.389313
1207.612, 1.346741
1208.094, 0.5931400
1208.576, 0.7913510
1209.058, 2.071075
1209.540, 3.134949
1210.022, 3.878845
1210.505, 4.335236
1210.987, 4.456665
1211.469, 4.393097
1211.951, 4.893188
1212.433, 7.141205
1212.915, 8.625244
1213.397, 8.021088
1213.879, 6.576263
1214.361, 4.764740
1214.844, 2.757568
1215.326, 1.942749
1215.808, 2.167297
1216.290, 2.624695
1216.772, 2.962524
1217.254, 3.442352
1217.736, 4.612335
1218.218, 5.437103
1218.701, 4.783173
1219.183, 2.949738
1219.665, 1.652863
1220.147, 0.9794310
1220.629, 1.206604
1221.111, 3.875824
1221.593, 5.544556
1222.075, 4.683075
1222.557, 3.237091
1223.040, 3.649323
1223.522, 5.216278
1224.004, 3.832550
1224.486, 1.0834000E-02
1224.968, 2.804474
1225.450, 2.446045
1225.932, 1.352966
1226.414, 0.6121520
1226.896, 2.419769
1227.379, 2.668854
1227.861, 1.840271
1228.343, 1.656403
1228.825, 2.139984
1229.307, 2.815216
1229.789, 4.031372
1230.271, 4.541046
1230.753, 3.693481
1231.236, 2.670105
1231.718, 3.281952
1232.200, 4.885498
1232.682, 5.793243
1233.164, 5.908661
1233.646, 5.465454
1234.128, 4.310883
1234.610, 2.839508
1235.093, 0.8004760
1235.575, 0.8937070
1236.057, 0.5642700
1236.539, 0.9164120
1237.021, 1.694366
1237.503, 1.632751
1237.985, 1.161377
1238.467, 0.5279240
1238.949, 1.082123
1239.432, 0.1861880
1239.914, 2.135742
1240.396, 3.583496
1240.878, 4.686462
1241.360, 5.886993
1241.842, 7.163849
1242.324, 7.458221
1242.806, 6.040649
1243.288, 4.724518
1243.771, 3.798798
1244.253, 3.229889
1244.735, 3.523163
1245.217, 3.861145
1245.699, 2.462616
1246.181, 0.6298520
1246.663, 1.753143
1247.145, 2.3987001E-02
1247.628, 1.871521
1248.110, 3.553894
1248.592, 4.732208
1249.074, 4.906677
1249.556, 4.467682
1250.038, 3.598297
1250.520, 2.418610
1251.002, 2.103668
1251.484, 2.821228
1251.967, 3.938019
1252.449, 5.531525
1252.931, 6.541077
1253.413, 5.097412
1253.895, 3.018982
1254.377, 2.047302
1254.859, 2.373016
1255.341, 3.002686
1255.823, 3.930634
1256.306, 4.819702
1256.788, 5.531433
1257.270, 6.443848
1257.752, 8.580841
1258.234, 10.51770
1258.716, 10.79056
1259.198, 9.705383
1259.680, 8.603607
1260.163, 7.478424
1260.645, 6.717651
1261.127, 6.438965
1261.609, 6.388489
1262.091, 6.644135
1262.573, 6.778809
1263.055, 6.037659
1263.537, 4.984528
1264.020, 5.472870
1264.502, 7.074554
1264.984, 8.218964
1265.466, 8.525848
1265.948, 8.494324
1266.430, 8.053375
1266.912, 7.762787
1267.394, 8.021667
1267.876, 8.519653
1268.359, 8.676239
1268.841, 8.366547
1269.323, 6.335571
1269.805, 1.866272
1270.287, 0.9362790
1270.769, 1.561066
1271.251, 3.916321
1271.733, 4.200195
1272.215, 3.485199
1272.698, 4.601563
1273.180, 6.427673
1273.662, 5.984009
1274.144, 2.327515
1274.626, 8.0932997E-02
1275.108, 0.6382450
1275.590, 1.7212000E-02
1276.072, 1.957123
1276.555, 4.233154
1277.037, 5.292999
1277.519, 5.336243
1278.001, 4.215363
1278.483, 1.766083
1278.965, 1.156372
1279.447, 3.011993
1279.929, 4.863098
1280.411, 6.045258
1280.894, 6.589996
1281.376, 6.038910
1281.858, 5.204132
1282.340, 4.864929
1282.822, 5.131409
1283.304, 6.700043
1283.786, 9.832367
1284.268, 11.28238
1284.750, 9.889740
1285.233, 7.870331
1285.715, 7.137878
1286.197, 6.815277
1286.679, 5.809021
1287.161, 4.280457
1287.643, 2.437378
1288.125, 0.3567810
1288.607, 1.309601
1289.090, 6.643555
1289.572, 10.26199
1290.054, 5.746796
1290.536, 1.368988
1291.018, 1.938599
1291.500, 5.424561
1291.982, 6.134705
1292.464, 4.803101
1292.947, 3.996246
1293.429, 4.191528
1293.911, 5.156708
1294.393, 8.624817
1294.875, 10.26541
1295.357, 8.238617
1295.839, 4.468872
1296.321, 1.240723
1296.803, 0.4594730
1297.286, 2.603790
1297.768, 11.18896
1298.250, 15.24396
1298.732, 12.09109
1299.214, 6.474335
1299.696, 3.168976
1300.178, 0.7429200
1300.660, 0.0000000E+00
##END=



