##NAMES=Rickardite
##RRUFFID=R140500
##IDEAL CHEMISTRY=Cu_2.64-3.00_Te_2_
##LOCALITY=600' Level, Good Hope mine, Vulcan, Vulcan District, Gunnison County, Colorado, USA
##OWNER=RRUFF
##SOURCE=Rock Currier
##DESCRIPTION=Rich, dark purple metallic plates with silvery gray bright metallic tellurium and very sparse tiny specs of metallic blue weissite on gray matrix.
##STATUS=The identification of this mineral has been confirmed only by single crystal X-ray diffraction.
##URL=rruff.info/R140500
8.758203e+001, 1.827131e+003
8.806415e+001, 1.752468e+003
8.854626e+001, 1.739263e+003
8.902838e+001, 1.814932e+003
8.951050e+001, 1.909499e+003
8.999261e+001, 1.999659e+003
9.047473e+001, 2.083540e+003
9.095685e+001, 2.164340e+003
9.143896e+001, 2.243696e+003
9.192108e+001, 2.322001e+003
9.240320e+001, 2.403817e+003
9.288531e+001, 2.464227e+003
9.336743e+001, 2.479878e+003
9.384955e+001, 2.453598e+003
9.433167e+001, 2.419593e+003
9.481378e+001, 2.379587e+003
9.529590e+001, 2.352237e+003
9.577802e+001, 2.336072e+003
9.626013e+001, 2.326318e+003
9.674225e+001, 2.321321e+003
9.722437e+001, 2.320275e+003
9.770648e+001, 2.318958e+003
9.818860e+001, 2.311873e+003
9.867072e+001, 2.308485e+003
9.915283e+001, 2.313016e+003
9.963495e+001, 2.325640e+003
1.001171e+002, 2.344445e+003
1.005992e+002, 2.366866e+003
1.010813e+002, 2.392172e+003
1.015634e+002, 2.423365e+003
1.020455e+002, 2.457206e+003
1.025277e+002, 2.496111e+003
1.030098e+002, 2.541212e+003
1.034919e+002, 2.593063e+003
1.039740e+002, 2.652340e+003
1.044561e+002, 2.721392e+003
1.049382e+002, 2.798786e+003
1.054204e+002, 2.887893e+003
1.059025e+002, 2.989400e+003
1.063846e+002, 3.102722e+003
1.068667e+002, 3.225539e+003
1.073488e+002, 3.355884e+003
1.078309e+002, 3.495535e+003
1.083131e+002, 3.652973e+003
1.087952e+002, 3.823902e+003
1.092773e+002, 4.012570e+003
1.097594e+002, 4.222661e+003
1.102415e+002, 4.453979e+003
1.107236e+002, 4.697139e+003
1.112058e+002, 4.950673e+003
1.116879e+002, 5.211418e+003
1.121700e+002, 5.468673e+003
1.126521e+002, 5.729868e+003
1.131342e+002, 5.983494e+003
1.136163e+002, 6.212611e+003
1.140985e+002, 6.419851e+003
1.145806e+002, 6.589556e+003
1.150627e+002, 6.726783e+003
1.155448e+002, 6.827521e+003
1.160269e+002, 6.877417e+003
1.165090e+002, 6.867136e+003
1.169912e+002, 6.797140e+003
1.174733e+002, 6.673294e+003
1.179554e+002, 6.459530e+003
1.184375e+002, 6.214395e+003
1.189196e+002, 5.948479e+003
1.194017e+002, 5.668179e+003
1.198839e+002, 5.385310e+003
1.203660e+002, 5.109173e+003
1.208481e+002, 4.834585e+003
1.213302e+002, 4.584299e+003
1.218123e+002, 4.356042e+003
1.222944e+002, 4.147336e+003
1.227766e+002, 3.955620e+003
1.232587e+002, 3.780571e+003
1.237408e+002, 3.620401e+003
1.242229e+002, 3.473204e+003
1.247050e+002, 3.343426e+003
1.251871e+002, 3.222348e+003
1.256693e+002, 3.108699e+003
1.261514e+002, 3.003838e+003
1.266335e+002, 2.910005e+003
1.271156e+002, 2.827581e+003
1.275977e+002, 2.756905e+003
1.280798e+002, 2.699655e+003
1.285620e+002, 2.654298e+003
1.290441e+002, 2.618886e+003
1.295262e+002, 2.592312e+003
1.300083e+002, 2.574784e+003
1.304904e+002, 2.567574e+003
1.309725e+002, 2.571288e+003
1.314547e+002, 2.587699e+003
1.319368e+002, 2.615631e+003
1.324189e+002, 2.655991e+003
1.329010e+002, 2.706816e+003
1.333831e+002, 2.768510e+003
1.338652e+002, 2.842557e+003
1.343474e+002, 2.919013e+003
1.348295e+002, 3.005479e+003
1.353116e+002, 3.087664e+003
1.357937e+002, 3.150939e+003
1.362758e+002, 3.195021e+003
1.367579e+002, 3.212844e+003
1.372401e+002, 3.183575e+003
1.377222e+002, 3.090307e+003
1.382043e+002, 2.969107e+003
1.386864e+002, 2.822091e+003
1.391685e+002, 2.660960e+003
1.396507e+002, 2.500448e+003
1.401328e+002, 2.349036e+003
1.406149e+002, 2.206448e+003
1.410970e+002, 2.083821e+003
1.415791e+002, 1.988889e+003
1.420612e+002, 1.908301e+003
1.425434e+002, 1.841760e+003
1.430255e+002, 1.787620e+003
1.435076e+002, 1.743319e+003
1.439897e+002, 1.707170e+003
1.444718e+002, 1.680558e+003
1.449539e+002, 1.655387e+003
1.454361e+002, 1.630622e+003
1.459182e+002, 1.607608e+003
1.464003e+002, 1.586871e+003
1.468824e+002, 1.568544e+003
1.473645e+002, 1.552725e+003
1.478466e+002, 1.539752e+003
1.483288e+002, 1.530386e+003
1.488109e+002, 1.521806e+003
1.492930e+002, 1.514052e+003
1.497751e+002, 1.506969e+003
1.502572e+002, 1.501030e+003
1.507393e+002, 1.496559e+003
1.512215e+002, 1.491653e+003
1.517036e+002, 1.482355e+003
1.521857e+002, 1.468796e+003
1.526678e+002, 1.456976e+003
1.531499e+002, 1.450041e+003
1.536320e+002, 1.446332e+003
1.541142e+002, 1.441603e+003
1.545963e+002, 1.434118e+003
1.550784e+002, 1.426505e+003
1.555605e+002, 1.421725e+003
1.560426e+002, 1.419776e+003
1.565247e+002, 1.418018e+003
1.570069e+002, 1.414282e+003
1.574890e+002, 1.408623e+003
1.579711e+002, 1.403818e+003
1.584532e+002, 1.400946e+003
1.589353e+002, 1.398849e+003
1.594174e+002, 1.397010e+003
1.598996e+002, 1.395332e+003
1.603817e+002, 1.393580e+003
1.608638e+002, 1.391616e+003
1.613459e+002, 1.389666e+003
1.618280e+002, 1.386659e+003
1.623102e+002, 1.381440e+003
1.627923e+002, 1.375838e+003
1.632744e+002, 1.371194e+003
1.637565e+002, 1.367844e+003
1.642386e+002, 1.365059e+003
1.647207e+002, 1.361247e+003
1.652029e+002, 1.354782e+003
1.656850e+002, 1.350081e+003
1.661671e+002, 1.348769e+003
1.666492e+002, 1.348531e+003
1.671313e+002, 1.347109e+003
1.676134e+002, 1.343552e+003
1.680956e+002, 1.338728e+003
1.685777e+002, 1.335170e+003
1.690598e+002, 1.334040e+003
1.695419e+002, 1.332945e+003
1.700240e+002, 1.332198e+003
1.705061e+002, 1.331292e+003
1.709883e+002, 1.329269e+003
1.714704e+002, 1.325490e+003
1.719525e+002, 1.320646e+003
1.724346e+002, 1.317791e+003
1.729167e+002, 1.318915e+003
1.733988e+002, 1.319351e+003
1.738810e+002, 1.317251e+003
1.743631e+002, 1.313328e+003
1.748452e+002, 1.309375e+003
1.753273e+002, 1.306303e+003
1.758094e+002, 1.304004e+003
1.762915e+002, 1.302000e+003
1.767737e+002, 1.301032e+003
1.772558e+002, 1.299534e+003
1.777379e+002, 1.295818e+003
1.782200e+002, 1.290150e+003
1.787021e+002, 1.285329e+003
1.791842e+002, 1.282943e+003
1.796664e+002, 1.282574e+003
1.801485e+002, 1.283505e+003
1.806306e+002, 1.287769e+003
1.811127e+002, 1.291035e+003
1.815948e+002, 1.287203e+003
1.820769e+002, 1.274864e+003
1.825591e+002, 1.263387e+003
1.830412e+002, 1.258629e+003
1.835233e+002, 1.257217e+003
1.840054e+002, 1.255987e+003
1.844875e+002, 1.253920e+003
1.849696e+002, 1.251537e+003
1.854518e+002, 1.249767e+003
1.859339e+002, 1.248658e+003
1.864160e+002, 1.248113e+003
1.868981e+002, 1.247881e+003
1.873802e+002, 1.248151e+003
1.878623e+002, 1.249402e+003
1.883445e+002, 1.252179e+003
1.888266e+002, 1.255722e+003
1.893087e+002, 1.257295e+003
1.897908e+002, 1.255278e+003
1.902729e+002, 1.253481e+003
1.907550e+002, 1.253634e+003
1.912372e+002, 1.254405e+003
1.917193e+002, 1.253941e+003
1.922014e+002, 1.251068e+003
1.926835e+002, 1.246138e+003
1.931656e+002, 1.241533e+003
1.936477e+002, 1.239353e+003
1.941299e+002, 1.235278e+003
1.946120e+002, 1.226997e+003
1.950941e+002, 1.216444e+003
1.955762e+002, 1.206694e+003
1.960583e+002, 1.199771e+003
1.965404e+002, 1.195571e+003
1.970226e+002, 1.192423e+003
1.975047e+002, 1.190839e+003
1.979868e+002, 1.189670e+003
1.984689e+002, 1.188850e+003
1.989510e+002, 1.188220e+003
1.994331e+002, 1.187377e+003
1.999153e+002, 1.185873e+003
2.003974e+002, 1.183784e+003
2.008795e+002, 1.183732e+003
2.013616e+002, 1.187286e+003
2.018437e+002, 1.190868e+003
2.023258e+002, 1.193361e+003
2.028080e+002, 1.194640e+003
2.032901e+002, 1.194434e+003
2.037722e+002, 1.191882e+003
2.042543e+002, 1.187467e+003
2.047364e+002, 1.186470e+003
2.052185e+002, 1.192202e+003
2.057007e+002, 1.198300e+003
2.061828e+002, 1.200789e+003
2.066649e+002, 1.199772e+003
2.071470e+002, 1.197466e+003
2.076291e+002, 1.194674e+003
2.081112e+002, 1.191889e+003
2.085934e+002, 1.190876e+003
2.090755e+002, 1.193170e+003
2.095576e+002, 1.196324e+003
2.100397e+002, 1.198121e+003
2.105218e+002, 1.198497e+003
2.110039e+002, 1.198871e+003
2.114861e+002, 1.200612e+003
2.119682e+002, 1.202943e+003
2.124503e+002, 1.204201e+003
2.129324e+002, 1.202833e+003
2.134145e+002, 1.201110e+003
2.138967e+002, 1.201909e+003
2.143788e+002, 1.205557e+003
2.148609e+002, 1.210184e+003
2.153430e+002, 1.215641e+003
2.158251e+002, 1.221231e+003
2.163072e+002, 1.226039e+003
2.167894e+002, 1.229769e+003
2.172715e+002, 1.232628e+003
2.177536e+002, 1.234774e+003
2.182357e+002, 1.235795e+003
2.187178e+002, 1.237239e+003
2.191999e+002, 1.239984e+003
2.196821e+002, 1.243431e+003
2.201642e+002, 1.246810e+003
2.206463e+002, 1.249571e+003
2.211284e+002, 1.252440e+003
2.216105e+002, 1.257696e+003
2.220926e+002, 1.267827e+003
2.225748e+002, 1.275190e+003
2.230569e+002, 1.276155e+003
2.235390e+002, 1.274054e+003
2.240211e+002, 1.272412e+003
2.245032e+002, 1.272815e+003
2.249853e+002, 1.274732e+003
2.254675e+002, 1.276939e+003
2.259496e+002, 1.280736e+003
2.264317e+002, 1.282521e+003
2.269138e+002, 1.281263e+003
2.273959e+002, 1.278031e+003
2.278780e+002, 1.273896e+003
2.283602e+002, 1.269349e+003
2.288423e+002, 1.264307e+003
2.293244e+002, 1.258498e+003
2.298065e+002, 1.251748e+003
2.302886e+002, 1.244310e+003
2.307707e+002, 1.234929e+003
2.312529e+002, 1.225315e+003
2.317350e+002, 1.217459e+003
2.322171e+002, 1.212329e+003
2.326992e+002, 1.209169e+003
2.331813e+002, 1.205578e+003
2.336634e+002, 1.200991e+003
2.341456e+002, 1.196566e+003
2.346277e+002, 1.192536e+003
2.351098e+002, 1.188649e+003
2.355919e+002, 1.184554e+003
2.360740e+002, 1.180092e+003
2.365561e+002, 1.175461e+003
2.370383e+002, 1.171244e+003
2.375204e+002, 1.168097e+003
2.380025e+002, 1.164667e+003
2.384846e+002, 1.159719e+003
2.389667e+002, 1.154834e+003
2.394488e+002, 1.152348e+003
2.399310e+002, 1.153282e+003
2.404131e+002, 1.156152e+003
2.408952e+002, 1.157159e+003
2.413773e+002, 1.154275e+003
2.418594e+002, 1.152342e+003
2.423415e+002, 1.152851e+003
2.428237e+002, 1.154234e+003
2.433058e+002, 1.154246e+003
2.437879e+002, 1.151967e+003
2.442700e+002, 1.148660e+003
2.447521e+002, 1.146996e+003
2.452342e+002, 1.147213e+003
2.457164e+002, 1.148395e+003
2.461985e+002, 1.151519e+003
2.466806e+002, 1.155199e+003
2.471627e+002, 1.157230e+003
2.476448e+002, 1.156731e+003
2.481269e+002, 1.155339e+003
2.486091e+002, 1.156252e+003
2.490912e+002, 1.160395e+003
2.495733e+002, 1.163237e+003
2.500554e+002, 1.162704e+003
2.505375e+002, 1.160677e+003
2.510196e+002, 1.159798e+003
2.515018e+002, 1.160729e+003
2.519839e+002, 1.163106e+003
2.524660e+002, 1.167282e+003
2.529481e+002, 1.173559e+003
2.534302e+002, 1.178125e+003
2.539123e+002, 1.178780e+003
2.543945e+002, 1.177517e+003
2.548766e+002, 1.177528e+003
2.553587e+002, 1.179694e+003
2.558408e+002, 1.182306e+003
2.563229e+002, 1.183270e+003
2.568051e+002, 1.182823e+003
2.572872e+002, 1.182047e+003
2.577693e+002, 1.180856e+003
2.582514e+002, 1.179610e+003
2.587335e+002, 1.178983e+003
2.592156e+002, 1.179173e+003
2.596978e+002, 1.179538e+003
2.601799e+002, 1.179486e+003
2.606620e+002, 1.179094e+003
2.611441e+002, 1.178560e+003
2.616262e+002, 1.178293e+003
2.621083e+002, 1.177793e+003
2.625905e+002, 1.175895e+003
2.630726e+002, 1.172095e+003
2.635547e+002, 1.168492e+003
2.640368e+002, 1.167800e+003
2.645189e+002, 1.168582e+003
2.650010e+002, 1.167833e+003
2.654832e+002, 1.163197e+003
2.659653e+002, 1.157036e+003
2.664474e+002, 1.153324e+003
2.669295e+002, 1.152682e+003
2.674116e+002, 1.152286e+003
2.678937e+002, 1.150011e+003
2.683759e+002, 1.146962e+003
2.688580e+002, 1.144711e+003
2.693401e+002, 1.144223e+003
2.698222e+002, 1.144341e+003
2.703043e+002, 1.143377e+003
2.707864e+002, 1.141193e+003
2.712686e+002, 1.138542e+003
2.717507e+002, 1.134968e+003
2.722328e+002, 1.131381e+003
2.727149e+002, 1.128870e+003
2.731970e+002, 1.127891e+003
2.736791e+002, 1.127699e+003
2.741613e+002, 1.127440e+003
2.746434e+002, 1.127137e+003
2.751255e+002, 1.126620e+003
2.756076e+002, 1.125426e+003
2.760897e+002, 1.124179e+003
2.765718e+002, 1.123270e+003
2.770540e+002, 1.122747e+003
2.775361e+002, 1.122845e+003
2.780182e+002, 1.124368e+003
2.785003e+002, 1.127711e+003
2.789824e+002, 1.129711e+003
2.794645e+002, 1.127152e+003
2.799467e+002, 1.124528e+003
2.804288e+002, 1.125132e+003
2.809109e+002, 1.129432e+003
2.813930e+002, 1.135003e+003
2.818751e+002, 1.139580e+003
2.823572e+002, 1.143101e+003
2.828394e+002, 1.146319e+003
2.833215e+002, 1.148945e+003
2.838036e+002, 1.151593e+003
2.842857e+002, 1.154971e+003
2.847678e+002, 1.158905e+003
2.852499e+002, 1.162295e+003
2.857321e+002, 1.163737e+003
2.862142e+002, 1.163154e+003
2.866963e+002, 1.163462e+003
2.871784e+002, 1.166817e+003
2.876605e+002, 1.168941e+003
2.881426e+002, 1.167419e+003
2.886248e+002, 1.162837e+003
2.891069e+002, 1.157329e+003
2.895890e+002, 1.152210e+003
2.900711e+002, 1.147461e+003
2.905532e+002, 1.143177e+003
2.910353e+002, 1.139651e+003
2.915175e+002, 1.136228e+003
2.919996e+002, 1.132778e+003
2.924817e+002, 1.129223e+003
2.929638e+002, 1.125522e+003
2.934459e+002, 1.121797e+003
2.939280e+002, 1.117846e+003
2.944102e+002, 1.112722e+003
2.948923e+002, 1.105249e+003
2.953744e+002, 1.098471e+003
2.958565e+002, 1.093912e+003
2.963386e+002, 1.090331e+003
2.968207e+002, 1.085985e+003
2.973029e+002, 1.079878e+003
2.977850e+002, 1.073068e+003
2.982671e+002, 1.068212e+003
2.987492e+002, 1.065838e+003
2.992313e+002, 1.064547e+003
2.997134e+002, 1.065322e+003
3.001956e+002, 1.066216e+003
3.006777e+002, 1.065065e+003
3.011598e+002, 1.061103e+003
3.016419e+002, 1.056122e+003
3.021240e+002, 1.053341e+003
3.026061e+002, 1.053703e+003
3.030883e+002, 1.053602e+003
3.035704e+002, 1.052875e+003
3.040525e+002, 1.051277e+003
3.045346e+002, 1.048041e+003
3.050167e+002, 1.043226e+003
3.054988e+002, 1.038405e+003
3.059810e+002, 1.035712e+003
3.064631e+002, 1.035706e+003
3.069452e+002, 1.035224e+003
3.074273e+002, 1.033792e+003
3.079094e+002, 1.032040e+003
3.083915e+002, 1.029948e+003
3.088737e+002, 1.027694e+003
3.093558e+002, 1.025750e+003
3.098379e+002, 1.024581e+003
3.103200e+002, 1.024203e+003
3.108021e+002, 1.024161e+003
3.112842e+002, 1.024645e+003
3.117664e+002, 1.025306e+003
3.122485e+002, 1.026585e+003
3.127306e+002, 1.027953e+003
3.132127e+002, 1.028278e+003
3.136948e+002, 1.026496e+003
3.141769e+002, 1.023057e+003
3.146591e+002, 1.020708e+003
3.151412e+002, 1.019941e+003
3.156233e+002, 1.019710e+003
3.161054e+002, 1.020298e+003
3.165875e+002, 1.021022e+003
3.170696e+002, 1.020868e+003
3.175518e+002, 1.019241e+003
3.180339e+002, 1.016841e+003
3.185160e+002, 1.015621e+003
3.189981e+002, 1.016651e+003
3.194802e+002, 1.016657e+003
3.199623e+002, 1.013820e+003
3.204445e+002, 1.010414e+003
3.209266e+002, 1.008440e+003
3.214087e+002, 1.008504e+003
3.218908e+002, 1.009854e+003
3.223729e+002, 1.011688e+003
3.228550e+002, 1.014461e+003
3.233372e+002, 1.016103e+003
3.238193e+002, 1.015163e+003
3.243014e+002, 1.013881e+003
3.247835e+002, 1.013625e+003
3.252656e+002, 1.014474e+003
3.257477e+002, 1.015481e+003
3.262299e+002, 1.015898e+003
3.267120e+002, 1.015751e+003
3.271941e+002, 1.014517e+003
3.276762e+002, 1.011146e+003
3.281583e+002, 1.007561e+003
3.286404e+002, 1.004110e+003
3.291226e+002, 1.001063e+003
3.296047e+002, 9.989056e+002
3.300868e+002, 9.980216e+002
3.305689e+002, 9.983331e+002
3.310510e+002, 9.994980e+002
3.315331e+002, 1.002562e+003
3.320153e+002, 1.004896e+003
3.324974e+002, 1.005378e+003
3.329795e+002, 1.004693e+003
3.334616e+002, 1.003768e+003
3.339437e+002, 1.002971e+003
3.344258e+002, 1.002332e+003
3.349080e+002, 1.002019e+003
3.353901e+002, 1.002336e+003
3.358722e+002, 1.002227e+003
3.363543e+002, 1.001077e+003
3.368365e+002, 9.995775e+002
3.373186e+002, 9.982057e+002
3.378007e+002, 9.970835e+002
3.382828e+002, 9.963459e+002
3.387649e+002, 9.962285e+002
3.392470e+002, 9.967943e+002
3.397292e+002, 9.975075e+002
3.402113e+002, 9.985406e+002
3.406934e+002, 9.994533e+002
3.411755e+002, 1.000281e+003
3.416576e+002, 1.000888e+003
3.421397e+002, 1.000505e+003
3.426219e+002, 9.973198e+002
3.431040e+002, 9.918107e+002
3.435861e+002, 9.894918e+002
3.440682e+002, 9.928320e+002
3.445503e+002, 9.965527e+002
3.450324e+002, 9.974355e+002
3.455146e+002, 9.962352e+002
3.459967e+002, 9.948441e+002
3.464788e+002, 9.941788e+002
3.469609e+002, 9.940169e+002
3.474430e+002, 9.939165e+002
3.479251e+002, 9.940029e+002
3.484073e+002, 9.938049e+002
3.488894e+002, 9.928988e+002
3.493715e+002, 9.916536e+002
3.498536e+002, 9.903180e+002
3.503357e+002, 9.886349e+002
3.508178e+002, 9.875844e+002
3.513000e+002, 9.887390e+002
3.517821e+002, 9.922288e+002
3.522642e+002, 9.955085e+002
3.527463e+002, 9.981359e+002
3.532284e+002, 9.998324e+002
3.537105e+002, 1.000334e+003
3.541927e+002, 9.995799e+002
3.546748e+002, 9.981387e+002
3.551569e+002, 9.960240e+002
3.556390e+002, 9.934440e+002
3.561211e+002, 9.912970e+002
3.566032e+002, 9.897638e+002
3.570854e+002, 9.886823e+002
3.575675e+002, 9.879169e+002
3.580496e+002, 9.874331e+002
3.585317e+002, 9.871825e+002
3.590138e+002, 9.870560e+002
3.594959e+002, 9.871761e+002
3.599781e+002, 9.879852e+002
3.604602e+002, 9.896549e+002
3.609423e+002, 9.909767e+002
3.614244e+002, 9.909169e+002
3.619065e+002, 9.898566e+002
3.623886e+002, 9.887368e+002
3.628708e+002, 9.873909e+002
3.633529e+002, 9.863073e+002
3.638350e+002, 9.857518e+002
3.643171e+002, 9.857502e+002
3.647992e+002, 9.868040e+002
3.652813e+002, 9.900582e+002
3.657635e+002, 9.935339e+002
3.662456e+002, 9.928478e+002
3.667277e+002, 9.861540e+002
3.672098e+002, 9.812549e+002
3.676919e+002, 9.831247e+002
3.681740e+002, 9.886354e+002
3.686562e+002, 9.917329e+002
3.691383e+002, 9.907239e+002
3.696204e+002, 9.881139e+002
3.701025e+002, 9.867563e+002
3.705846e+002, 9.867010e+002
3.710667e+002, 9.870165e+002
3.715489e+002, 9.880350e+002
3.720310e+002, 9.891002e+002
3.725131e+002, 9.897853e+002
3.729952e+002, 9.900157e+002
3.734773e+002, 9.894915e+002
3.739594e+002, 9.877310e+002
3.744416e+002, 9.849388e+002
3.749237e+002, 9.833747e+002
3.754058e+002, 9.834891e+002
3.758879e+002, 9.841946e+002
3.763700e+002, 9.852521e+002
3.768521e+002, 9.865753e+002
3.773343e+002, 9.881277e+002
3.778164e+002, 9.899525e+002
3.782985e+002, 9.917271e+002
3.787806e+002, 9.926815e+002
3.792627e+002, 9.925551e+002
3.797448e+002, 9.920065e+002
3.802270e+002, 9.902267e+002
3.807091e+002, 9.885090e+002
3.811912e+002, 9.879749e+002
3.816733e+002, 9.888719e+002
3.821554e+002, 9.909620e+002
3.826375e+002, 9.941742e+002
3.831197e+002, 9.989158e+002
3.836018e+002, 1.002651e+003
3.840839e+002, 1.006649e+003
3.845660e+002, 1.008650e+003
3.850481e+002, 1.005983e+003
3.855302e+002, 1.000378e+003
3.860124e+002, 9.959624e+002
3.864945e+002, 9.954888e+002
3.869766e+002, 9.982723e+002
3.874587e+002, 1.000678e+003
3.879408e+002, 1.002558e+003
3.884229e+002, 1.004197e+003
3.889051e+002, 1.004557e+003
3.893872e+002, 1.005190e+003
3.898693e+002, 1.008215e+003
3.903514e+002, 1.014166e+003
3.908335e+002, 1.021025e+003
3.913156e+002, 1.025494e+003
3.917978e+002, 1.026751e+003
3.922799e+002, 1.027836e+003
3.927620e+002, 1.028575e+003
3.932441e+002, 1.029354e+003
3.937262e+002, 1.030257e+003
3.942083e+002, 1.031365e+003
3.946905e+002, 1.032869e+003
3.951726e+002, 1.035087e+003
3.956547e+002, 1.037898e+003
3.961368e+002, 1.039925e+003
3.966189e+002, 1.040200e+003
3.971010e+002, 1.041095e+003
3.975832e+002, 1.044017e+003
3.980653e+002, 1.047694e+003
3.985474e+002, 1.050328e+003
3.990295e+002, 1.051095e+003
3.995116e+002, 1.051167e+003
3.999937e+002, 1.052609e+003
4.004759e+002, 1.055771e+003
4.009580e+002, 1.058504e+003
4.014401e+002, 1.060969e+003
4.019222e+002, 1.062247e+003
4.024043e+002, 1.061203e+003
4.028864e+002, 1.057923e+003
4.033686e+002, 1.054319e+003
4.038507e+002, 1.051767e+003
4.043328e+002, 1.050056e+003
4.048149e+002, 1.048361e+003
4.052970e+002, 1.046833e+003
4.057791e+002, 1.044878e+003
4.062613e+002, 1.041729e+003
4.067434e+002, 1.037889e+003
4.072255e+002, 1.034293e+003
4.077076e+002, 1.031177e+003
4.081897e+002, 1.028478e+003
4.086718e+002, 1.026498e+003
4.091540e+002, 1.025184e+003
4.096361e+002, 1.023167e+003
4.101182e+002, 1.019671e+003
4.106003e+002, 1.015275e+003
4.110824e+002, 1.010873e+003
4.115645e+002, 1.006221e+003
4.120467e+002, 1.002396e+003
4.125288e+002, 1.000290e+003
4.130109e+002, 9.992158e+002
4.134930e+002, 9.980815e+002
4.139751e+002, 9.967043e+002
4.144572e+002, 9.949557e+002
4.149394e+002, 9.924074e+002
4.154215e+002, 9.890306e+002
4.159036e+002, 9.868992e+002
4.163857e+002, 9.869860e+002
4.168678e+002, 9.875835e+002
4.173499e+002, 9.878694e+002
4.178321e+002, 9.877601e+002
4.183142e+002, 9.873011e+002
4.187963e+002, 9.866102e+002
4.192784e+002, 9.854432e+002
4.197605e+002, 9.828693e+002
4.202426e+002, 9.769785e+002
4.207248e+002, 9.723483e+002
4.212069e+002, 9.701085e+002
4.216890e+002, 9.690382e+002
4.221711e+002, 9.679995e+002
4.226532e+002, 9.667020e+002
4.231353e+002, 9.653560e+002
4.236175e+002, 9.641209e+002
4.240996e+002, 9.628102e+002
4.245817e+002, 9.626517e+002
4.250638e+002, 9.648978e+002
4.255459e+002, 9.668750e+002
4.260280e+002, 9.673071e+002
4.265102e+002, 9.666732e+002
4.269923e+002, 9.662518e+002
4.274744e+002, 9.668861e+002
4.279565e+002, 9.678635e+002
4.284386e+002, 9.666331e+002
4.289207e+002, 9.614807e+002
4.294029e+002, 9.571663e+002
4.298850e+002, 9.538757e+002
4.303671e+002, 9.518132e+002
4.308492e+002, 9.516284e+002
4.313313e+002, 9.532171e+002
4.318134e+002, 9.552259e+002
4.322956e+002, 9.564650e+002
4.327777e+002, 9.569409e+002
4.332598e+002, 9.564437e+002
4.337419e+002, 9.544847e+002
4.342241e+002, 9.521117e+002
4.347062e+002, 9.490913e+002
4.351883e+002, 9.461282e+002
4.356704e+002, 9.447210e+002
4.361525e+002, 9.461276e+002
4.366346e+002, 9.485568e+002
4.371168e+002, 9.488647e+002
4.375989e+002, 9.467814e+002
4.380810e+002, 9.454611e+002
4.385631e+002, 9.464313e+002
4.390452e+002, 9.483857e+002
4.395273e+002, 9.499063e+002
4.400095e+002, 9.509435e+002
4.404916e+002, 9.516182e+002
4.409737e+002, 9.524066e+002
4.414558e+002, 9.528021e+002
4.419379e+002, 9.514036e+002
4.424200e+002, 9.477853e+002
4.429022e+002, 9.439639e+002
4.433843e+002, 9.415494e+002
4.438664e+002, 9.403786e+002
4.443485e+002, 9.391281e+002
4.448306e+002, 9.367412e+002
4.453127e+002, 9.352028e+002
4.457949e+002, 9.362501e+002
4.462770e+002, 9.390731e+002
4.467591e+002, 9.416365e+002
4.472412e+002, 9.431794e+002
4.477233e+002, 9.438411e+002
4.482054e+002, 9.438344e+002
4.486876e+002, 9.429189e+002
4.491697e+002, 9.418445e+002
4.496518e+002, 9.401896e+002
4.501339e+002, 9.387272e+002
4.506160e+002, 9.379885e+002
4.510981e+002, 9.380255e+002
4.515803e+002, 9.389036e+002
4.520624e+002, 9.409624e+002
4.525445e+002, 9.439328e+002
4.530266e+002, 9.441339e+002
4.535087e+002, 9.366880e+002
4.539908e+002, 9.320376e+002
4.544730e+002, 9.336705e+002
4.549551e+002, 9.379489e+002
4.554372e+002, 9.409312e+002
4.559193e+002, 9.413493e+002
4.564014e+002, 9.404370e+002
4.568835e+002, 9.398151e+002
4.573657e+002, 9.395367e+002
4.578478e+002, 9.392919e+002
4.583299e+002, 9.396353e+002
4.588120e+002, 9.394255e+002
4.592941e+002, 9.374438e+002
4.597762e+002, 9.345204e+002
4.602584e+002, 9.326891e+002
4.607405e+002, 9.334904e+002
4.612226e+002, 9.355721e+002
4.617047e+002, 9.358573e+002
4.621868e+002, 9.338810e+002
4.626689e+002, 9.323856e+002
4.631511e+002, 9.328830e+002
4.636332e+002, 9.339398e+002
4.641153e+002, 9.340877e+002
4.645974e+002, 9.331756e+002
4.650795e+002, 9.322292e+002
4.655616e+002, 9.321326e+002
4.660438e+002, 9.324108e+002
4.665259e+002, 9.316516e+002
4.670080e+002, 9.294467e+002
4.674901e+002, 9.278109e+002
4.679722e+002, 9.288984e+002
4.684543e+002, 9.320101e+002
4.689365e+002, 9.335367e+002
4.694186e+002, 9.316369e+002
4.699007e+002, 9.298500e+002
4.703828e+002, 9.305861e+002
4.708649e+002, 9.327448e+002
4.713470e+002, 9.338727e+002
4.718292e+002, 9.330688e+002
4.723113e+002, 9.312557e+002
4.727934e+002, 9.297604e+002
4.732755e+002, 9.286107e+002
4.737576e+002, 9.278015e+002
4.742397e+002, 9.270796e+002
4.747219e+002, 9.268918e+002
4.752040e+002, 9.281170e+002
4.756861e+002, 9.301600e+002
4.761682e+002, 9.313854e+002
4.766503e+002, 9.306790e+002
4.771324e+002, 9.285588e+002
4.776146e+002, 9.270255e+002
4.780967e+002, 9.261100e+002
4.785788e+002, 9.257907e+002
4.790609e+002, 9.266307e+002
4.795430e+002, 9.276072e+002
4.800251e+002, 9.279009e+002
4.805073e+002, 9.274349e+002
4.809894e+002, 9.267262e+002
4.814715e+002, 9.263994e+002
4.819536e+002, 9.263795e+002
4.824357e+002, 9.254160e+002
4.829178e+002, 9.226057e+002
4.834000e+002, 9.204355e+002
4.838821e+002, 9.208004e+002
4.843642e+002, 9.221063e+002
4.848463e+002, 9.220836e+002
4.853284e+002, 9.197959e+002
4.858105e+002, 9.171947e+002
4.862927e+002, 9.161585e+002
4.867748e+002, 9.164969e+002
4.872569e+002, 9.171525e+002
4.877390e+002, 9.180882e+002
4.882211e+002, 9.188956e+002
4.887032e+002, 9.187998e+002
4.891854e+002, 9.180124e+002
4.896675e+002, 9.179079e+002
4.901496e+002, 9.195468e+002
4.906317e+002, 9.213197e+002
4.911138e+002, 9.217970e+002
4.915959e+002, 9.212401e+002
4.920781e+002, 9.208185e+002
4.925602e+002, 9.211505e+002
4.930423e+002, 9.217625e+002
4.935244e+002, 9.216024e+002
4.940065e+002, 9.203654e+002
4.944886e+002, 9.188861e+002
4.949708e+002, 9.166540e+002
4.954529e+002, 9.145859e+002
4.959350e+002, 9.134514e+002
4.964171e+002, 9.131706e+002
4.968992e+002, 9.130695e+002
4.973813e+002, 9.125926e+002
4.978635e+002, 9.118834e+002
4.983456e+002, 9.118908e+002
4.988277e+002, 9.129121e+002
4.993098e+002, 9.142430e+002
4.997919e+002, 9.171115e+002
5.002740e+002, 9.193806e+002
5.007562e+002, 9.186840e+002
5.012383e+002, 9.148514e+002
5.017204e+002, 9.103840e+002
5.022025e+002, 9.074347e+002
5.026846e+002, 9.059821e+002
5.031667e+002, 9.059758e+002
5.036489e+002, 9.084498e+002
5.041310e+002, 9.104100e+002
5.046131e+002, 9.099612e+002
5.050952e+002, 9.081193e+002
5.055773e+002, 9.062347e+002
5.060594e+002, 9.046049e+002
5.065416e+002, 9.030187e+002
5.070237e+002, 9.010114e+002
5.075058e+002, 8.988693e+002
5.079879e+002, 8.977692e+002
5.084700e+002, 8.981882e+002
5.089521e+002, 8.989105e+002
5.094343e+002, 8.984810e+002
5.099164e+002, 8.969052e+002
5.103985e+002, 8.961200e+002
5.108806e+002, 8.971711e+002
5.113627e+002, 8.981339e+002
5.118448e+002, 8.978542e+002
5.123270e+002, 8.966559e+002
5.128091e+002, 8.952797e+002
5.132912e+002, 8.940363e+002
5.137733e+002, 8.929440e+002
5.142554e+002, 8.920240e+002
5.147375e+002, 8.912528e+002
5.152197e+002, 8.907509e+002
5.157018e+002, 8.900964e+002
5.161839e+002, 8.900614e+002
5.166660e+002, 8.915640e+002
5.171481e+002, 8.940101e+002
5.176302e+002, 8.960408e+002
5.181124e+002, 8.968577e+002
5.185945e+002, 8.966857e+002
5.190766e+002, 8.959924e+002
5.195587e+002, 8.945557e+002
5.200408e+002, 8.932544e+002
5.205229e+002, 8.919842e+002
5.210051e+002, 8.911240e+002
5.214872e+002, 8.913185e+002
5.219693e+002, 8.923600e+002
5.224514e+002, 8.929315e+002
5.229335e+002, 8.918549e+002
5.234156e+002, 8.899447e+002
5.238978e+002, 8.887515e+002
5.243799e+002, 8.883286e+002
5.248620e+002, 8.880138e+002
5.253441e+002, 8.874955e+002
5.258262e+002, 8.869196e+002
5.263083e+002, 8.866442e+002
5.267905e+002, 8.868719e+002
5.272726e+002, 8.868006e+002
5.277547e+002, 8.860863e+002
5.282368e+002, 8.850455e+002
5.287189e+002, 8.839191e+002
5.292010e+002, 8.827833e+002
5.296832e+002, 8.818124e+002
5.301653e+002, 8.811595e+002
5.306474e+002, 8.807593e+002
5.311295e+002, 8.801595e+002
5.316116e+002, 8.777393e+002
5.320938e+002, 8.771821e+002
5.325759e+002, 8.808503e+002
5.330580e+002, 8.851831e+002
5.335401e+002, 8.866901e+002
5.340222e+002, 8.850785e+002
5.345043e+002, 8.828122e+002
5.349865e+002, 8.821676e+002
5.354686e+002, 8.830083e+002
5.359507e+002, 8.840131e+002
5.364328e+002, 8.860704e+002
5.369149e+002, 8.865754e+002
5.373970e+002, 8.833151e+002
5.378792e+002, 8.787596e+002
5.383613e+002, 8.754022e+002
5.388434e+002, 8.737559e+002
5.393255e+002, 8.730140e+002
5.398076e+002, 8.728157e+002
5.402897e+002, 8.730569e+002
5.407719e+002, 8.735883e+002
5.412540e+002, 8.744855e+002
5.417361e+002, 8.750466e+002
5.422182e+002, 8.743181e+002
5.427003e+002, 8.728439e+002
5.431824e+002, 8.731407e+002
5.436646e+002, 8.777499e+002
5.441467e+002, 8.807790e+002
5.446288e+002, 8.788488e+002
5.451109e+002, 8.747506e+002
5.455930e+002, 8.721288e+002
5.460751e+002, 8.717587e+002
5.465573e+002, 8.723063e+002
5.470394e+002, 8.724716e+002
5.475215e+002, 8.722402e+002
5.480036e+002, 8.719153e+002
5.484857e+002, 8.707438e+002
5.489678e+002, 8.703549e+002
5.494500e+002, 8.718405e+002
5.499321e+002, 8.738522e+002
5.504142e+002, 8.747286e+002
5.508963e+002, 8.741051e+002
5.513784e+002, 8.733096e+002
5.518605e+002, 8.742042e+002
5.523427e+002, 8.765920e+002
5.528248e+002, 8.772366e+002
5.533069e+002, 8.749476e+002
5.537890e+002, 8.731587e+002
5.542711e+002, 8.749188e+002
5.547532e+002, 8.780975e+002
5.552354e+002, 8.795093e+002
5.557175e+002, 8.781443e+002
5.561996e+002, 8.763042e+002
5.566817e+002, 8.755077e+002
5.571638e+002, 8.752719e+002
5.576459e+002, 8.745496e+002
5.581281e+002, 8.731483e+002
5.586102e+002, 8.716583e+002
5.590923e+002, 8.706945e+002
5.595744e+002, 8.701945e+002
5.600565e+002, 8.688306e+002
5.605386e+002, 8.648423e+002
5.610208e+002, 8.623122e+002
5.615029e+002, 8.627291e+002
5.619850e+002, 8.648174e+002
5.624671e+002, 8.675663e+002
5.629492e+002, 8.705146e+002
5.634313e+002, 8.730003e+002
5.639135e+002, 8.744198e+002
5.643956e+002, 8.747734e+002
5.648777e+002, 8.736924e+002
5.653598e+002, 8.700415e+002
5.658419e+002, 8.667423e+002
5.663240e+002, 8.640345e+002
5.668062e+002, 8.624082e+002
5.672883e+002, 8.629509e+002
5.677704e+002, 8.659338e+002
5.682525e+002, 8.687565e+002
5.687346e+002, 8.695804e+002
5.692167e+002, 8.686693e+002
5.696989e+002, 8.661674e+002
5.701810e+002, 8.617674e+002
5.706631e+002, 8.582704e+002
5.711452e+002, 8.574982e+002
5.716273e+002, 8.590159e+002
5.721094e+002, 8.611871e+002
5.725916e+002, 8.648006e+002
5.730737e+002, 8.676084e+002
5.735558e+002, 8.688262e+002
5.740379e+002, 8.690472e+002
5.745200e+002, 8.684095e+002
5.750021e+002, 8.672184e+002
5.754843e+002, 8.666385e+002
5.759664e+002, 8.677589e+002
5.764485e+002, 8.701478e+002
5.769306e+002, 8.710508e+002
5.774127e+002, 8.688470e+002
5.778948e+002, 8.677453e+002
5.783770e+002, 8.691491e+002
5.788591e+002, 8.710970e+002
5.793412e+002, 8.720135e+002
5.798233e+002, 8.718629e+002
5.803054e+002, 8.717718e+002
5.807875e+002, 8.728077e+002
5.812697e+002, 8.743812e+002
5.817518e+002, 8.749259e+002
5.822339e+002, 8.743477e+002
5.827161e+002, 8.735914e+002
5.831982e+002, 8.729391e+002
5.836803e+002, 8.723892e+002
5.841624e+002, 8.719977e+002
5.846445e+002, 8.718055e+002
5.851266e+002, 8.714282e+002
5.856088e+002, 8.702460e+002
5.860909e+002, 8.692521e+002
5.865730e+002, 8.693468e+002
5.870551e+002, 8.704352e+002
5.875372e+002, 8.718537e+002
5.880193e+002, 8.731976e+002
5.885015e+002, 8.750447e+002
5.889836e+002, 8.790824e+002
5.894657e+002, 8.885850e+002
5.899478e+002, 8.929991e+002
5.904299e+002, 8.879976e+002
5.909120e+002, 8.827064e+002
5.913942e+002, 8.814606e+002
5.918763e+002, 8.833630e+002
5.923584e+002, 8.862219e+002
5.928405e+002, 8.893787e+002
5.933226e+002, 8.915280e+002
5.938047e+002, 8.894304e+002
5.942869e+002, 8.831976e+002
5.947690e+002, 8.806033e+002
5.952511e+002, 8.845629e+002
5.957332e+002, 8.896611e+002
5.962153e+002, 8.904681e+002
5.966974e+002, 8.883594e+002
5.971796e+002, 8.880711e+002
5.976617e+002, 8.913268e+002
5.981438e+002, 8.954357e+002
5.986259e+002, 8.998854e+002
5.991080e+002, 9.039462e+002
5.995901e+002, 9.060834e+002
6.000723e+002, 9.059894e+002
6.005544e+002, 9.050601e+002
6.010365e+002, 9.047936e+002
6.015186e+002, 9.052247e+002
6.020007e+002, 9.050284e+002
6.024828e+002, 9.035112e+002
6.029650e+002, 9.022181e+002
6.034471e+002, 9.021614e+002
6.039292e+002, 9.020255e+002
6.044113e+002, 8.997321e+002
6.048934e+002, 8.952949e+002
6.053755e+002, 8.918578e+002
6.058577e+002, 8.932371e+002
6.063398e+002, 8.978993e+002
6.068219e+002, 8.998634e+002
6.073040e+002, 8.986097e+002
6.077861e+002, 8.976080e+002
6.082682e+002, 8.989621e+002
6.087504e+002, 9.010350e+002
6.092325e+002, 9.009338e+002
6.097146e+002, 8.983179e+002
6.101967e+002, 8.955389e+002
6.106788e+002, 8.924790e+002
6.111609e+002, 8.900453e+002
6.116431e+002, 8.900537e+002
6.121252e+002, 8.915594e+002
6.126073e+002, 8.909943e+002
6.130894e+002, 8.863152e+002
6.135715e+002, 8.799808e+002
6.140536e+002, 8.776302e+002
6.145358e+002, 8.815765e+002
6.150179e+002, 8.838371e+002
6.155000e+002, 8.836851e+002
6.159821e+002, 8.825547e+002
6.164642e+002, 8.796974e+002
6.169464e+002, 8.765392e+002
6.174285e+002, 8.758874e+002
6.179106e+002, 8.792871e+002
6.183927e+002, 8.836964e+002
6.188748e+002, 8.860558e+002
6.193569e+002, 8.864811e+002
6.198391e+002, 8.852209e+002
6.203212e+002, 8.818685e+002
6.208033e+002, 8.786837e+002
6.212854e+002, 8.775615e+002
6.217675e+002, 8.782225e+002
6.222496e+002, 8.787088e+002
6.227318e+002, 8.792194e+002
6.232139e+002, 8.792905e+002
6.236960e+002, 8.782625e+002
6.241781e+002, 8.770303e+002
6.246602e+002, 8.764240e+002
6.251423e+002, 8.766053e+002
6.256245e+002, 8.775990e+002
6.261066e+002, 8.796217e+002
6.265887e+002, 8.822280e+002
6.270708e+002, 8.832469e+002
6.275529e+002, 8.817263e+002
6.280350e+002, 8.809263e+002
6.285172e+002, 8.817997e+002
6.289993e+002, 8.834147e+002
6.294814e+002, 8.856592e+002
6.299635e+002, 8.882706e+002
6.304456e+002, 8.901904e+002
6.309277e+002, 8.902700e+002
6.314099e+002, 8.900375e+002
6.318920e+002, 8.914760e+002
6.323741e+002, 8.941569e+002
6.328562e+002, 8.961379e+002
6.333383e+002, 8.967023e+002
6.338204e+002, 8.971691e+002
6.343026e+002, 8.991766e+002
6.347847e+002, 9.029324e+002
6.352668e+002, 9.063499e+002
6.357489e+002, 9.097416e+002
6.362310e+002, 9.124843e+002
6.367131e+002, 9.142203e+002
6.371953e+002, 9.152663e+002
6.376774e+002, 9.155143e+002
6.381595e+002, 9.151823e+002
6.386416e+002, 9.155814e+002
6.391237e+002, 9.185548e+002
6.396058e+002, 9.233784e+002
6.400880e+002, 9.263506e+002
6.405701e+002, 9.272067e+002
6.410522e+002, 9.271801e+002
6.415343e+002, 9.264567e+002
6.420164e+002, 9.252759e+002
6.424985e+002, 9.242719e+002
6.429807e+002, 9.235585e+002
6.434628e+002, 9.215101e+002
6.439449e+002, 9.162889e+002
6.444270e+002, 9.107325e+002
6.449091e+002, 9.075635e+002
6.453912e+002, 9.059689e+002
6.458734e+002, 9.034146e+002
6.463555e+002, 8.988903e+002
6.468376e+002, 8.936130e+002
6.473197e+002, 8.895931e+002
6.478018e+002, 8.871472e+002
6.482839e+002, 8.840400e+002
6.487661e+002, 8.792036e+002
6.492482e+002, 8.750049e+002
6.497303e+002, 8.723797e+002
6.502124e+002, 8.706579e+002
6.506945e+002, 8.691122e+002
6.511766e+002, 8.675869e+002
6.516588e+002, 8.659168e+002
6.521409e+002, 8.635773e+002
6.526230e+002, 8.611384e+002
6.531051e+002, 8.598893e+002
6.535872e+002, 8.598799e+002
6.540693e+002, 8.603026e+002
6.545515e+002, 8.609772e+002
6.550336e+002, 8.614532e+002
6.555157e+002, 8.607121e+002
6.559978e+002, 8.579920e+002
6.564799e+002, 8.558109e+002
6.569620e+002, 8.540701e+002
6.574442e+002, 8.529899e+002
6.579263e+002, 8.533920e+002
6.584084e+002, 8.543661e+002
6.588905e+002, 8.540945e+002
6.593726e+002, 8.518530e+002
6.598547e+002, 8.493123e+002
6.603369e+002, 8.491976e+002
6.608190e+002, 8.512449e+002
6.613011e+002, 8.513446e+002
6.617832e+002, 8.486945e+002
6.622653e+002, 8.456970e+002
6.627474e+002, 8.430870e+002
6.632296e+002, 8.412615e+002
6.637117e+002, 8.411564e+002
6.641938e+002, 8.435190e+002
6.646759e+002, 8.451425e+002
6.651580e+002, 8.450219e+002
6.656401e+002, 8.437472e+002
6.661223e+002, 8.412056e+002
6.666044e+002, 8.379531e+002
6.670865e+002, 8.355364e+002
6.675686e+002, 8.347734e+002
6.680507e+002, 8.348510e+002
6.685328e+002, 8.339774e+002
6.690150e+002, 8.315377e+002
6.694971e+002, 8.309274e+002
6.699792e+002, 8.343278e+002
6.704613e+002, 8.368342e+002
6.709434e+002, 8.354346e+002
6.714255e+002, 8.322081e+002
6.719077e+002, 8.303300e+002
6.723898e+002, 8.306276e+002
6.728719e+002, 8.314324e+002
6.733540e+002, 8.321660e+002
6.738361e+002, 8.325236e+002
6.743182e+002, 8.313802e+002
6.748004e+002, 8.290035e+002
6.752825e+002, 8.281024e+002
6.757646e+002, 8.304700e+002
6.762467e+002, 8.344899e+002
6.767288e+002, 8.364799e+002
6.772109e+002, 8.358934e+002
6.776931e+002, 8.344893e+002
6.781752e+002, 8.307747e+002
6.786573e+002, 8.278654e+002
6.791394e+002, 8.275758e+002
6.796215e+002, 8.288405e+002
6.801036e+002, 8.300548e+002
6.805858e+002, 8.307158e+002
6.810679e+002, 8.306942e+002
6.815500e+002, 8.292570e+002
6.820321e+002, 8.270781e+002
6.825142e+002, 8.263309e+002
6.829963e+002, 8.272588e+002
6.834785e+002, 8.280897e+002
6.839606e+002, 8.278431e+002
6.844427e+002, 8.268815e+002
6.849248e+002, 8.260591e+002
6.854069e+002, 8.256223e+002
6.858890e+002, 8.247378e+002
6.863712e+002, 8.220402e+002
6.868533e+002, 8.202458e+002
6.873354e+002, 8.220477e+002
6.878175e+002, 8.254921e+002
6.882996e+002, 8.269171e+002
6.887817e+002, 8.249679e+002
6.892639e+002, 8.217386e+002
6.897460e+002, 8.196847e+002
6.902281e+002, 8.186114e+002
6.907102e+002, 8.170871e+002
6.911923e+002, 8.148622e+002
6.916744e+002, 8.132054e+002
6.921566e+002, 8.132653e+002
6.926387e+002, 8.139218e+002
6.931208e+002, 8.125591e+002
6.936029e+002, 8.082984e+002
6.940850e+002, 8.060814e+002
6.945671e+002, 8.077728e+002
6.950493e+002, 8.107109e+002
6.955314e+002, 8.139885e+002
6.960135e+002, 8.170378e+002
6.964956e+002, 8.191404e+002
6.969777e+002, 8.200286e+002
6.974598e+002, 8.199139e+002
6.979420e+002, 8.186303e+002
6.984241e+002, 8.162640e+002
6.989062e+002, 8.153146e+002
6.993883e+002, 8.163558e+002
6.998704e+002, 8.172041e+002
7.003525e+002, 8.168336e+002
7.008347e+002, 8.158563e+002
7.013168e+002, 8.150470e+002
7.017989e+002, 8.144159e+002
7.022810e+002, 8.139969e+002
7.027631e+002, 8.138145e+002
7.032452e+002, 8.138453e+002
7.037274e+002, 8.144157e+002
7.042095e+002, 8.151136e+002
7.046916e+002, 8.149047e+002
7.051737e+002, 8.135444e+002
7.056558e+002, 8.122035e+002
7.061379e+002, 8.123486e+002
7.066201e+002, 8.138825e+002
7.071022e+002, 8.151403e+002
7.075843e+002, 8.163859e+002
7.080664e+002, 8.167180e+002
7.085485e+002, 8.153141e+002
7.090306e+002, 8.132340e+002
7.095128e+002, 8.113405e+002
7.099949e+002, 8.096528e+002
7.104770e+002, 8.081274e+002
7.109591e+002, 8.066063e+002
7.114412e+002, 8.053860e+002
7.119233e+002, 8.048153e+002
7.124055e+002, 8.046791e+002
7.128876e+002, 8.046915e+002
7.133697e+002, 8.047402e+002
7.138518e+002, 8.044939e+002
7.143339e+002, 8.034385e+002
7.148160e+002, 8.018743e+002
7.152982e+002, 8.022423e+002
7.157803e+002, 8.057955e+002
7.162624e+002, 8.083668e+002
7.167445e+002, 8.086633e+002
7.172266e+002, 8.080563e+002
7.177087e+002, 8.069852e+002
7.181909e+002, 8.057291e+002
7.186730e+002, 8.053099e+002
7.191551e+002, 8.067640e+002
7.196372e+002, 8.081564e+002
7.201193e+002, 8.084125e+002
7.206014e+002, 8.076219e+002
7.210836e+002, 8.053939e+002
7.215657e+002, 8.019615e+002
7.220478e+002, 7.991360e+002
7.225299e+002, 7.983520e+002
7.230120e+002, 7.990692e+002
7.234941e+002, 7.993790e+002
7.239763e+002, 7.991146e+002
7.244584e+002, 7.989092e+002
7.249405e+002, 7.987734e+002
7.254226e+002, 7.987791e+002
7.259047e+002, 7.987424e+002
7.263868e+002, 7.989149e+002
7.268690e+002, 7.999748e+002
7.273511e+002, 8.025129e+002
7.278332e+002, 8.047008e+002
7.283153e+002, 8.053284e+002
7.287974e+002, 8.050269e+002
7.292795e+002, 8.044296e+002
7.297617e+002, 8.037022e+002
7.302438e+002, 8.031024e+002
7.307259e+002, 8.027631e+002
7.312080e+002, 8.026624e+002
7.316901e+002, 8.030350e+002
7.321722e+002, 8.044733e+002
7.326544e+002, 8.036707e+002
7.331365e+002, 7.976898e+002
7.336186e+002, 7.935485e+002
7.341007e+002, 7.958055e+002
7.345828e+002, 8.005601e+002
7.350649e+002, 8.030681e+002
7.355471e+002, 8.026310e+002
7.360292e+002, 8.008741e+002
7.365113e+002, 7.968527e+002
7.369934e+002, 7.932051e+002
7.374755e+002, 7.935576e+002
7.379576e+002, 7.965024e+002
7.384398e+002, 7.976594e+002
7.389219e+002, 7.955082e+002
7.394040e+002, 7.923110e+002
7.398861e+002, 7.908453e+002
7.403682e+002, 7.910748e+002
7.408503e+002, 7.911705e+002
7.413325e+002, 7.909073e+002
7.418146e+002, 7.909806e+002
7.422967e+002, 7.925356e+002
7.427788e+002, 7.937572e+002
7.432609e+002, 7.924598e+002
7.437430e+002, 7.890257e+002
7.442252e+002, 7.868810e+002
7.447073e+002, 7.874733e+002
7.451894e+002, 7.892162e+002
7.456715e+002, 7.924835e+002
7.461536e+002, 7.956873e+002
7.466357e+002, 7.956495e+002
7.471179e+002, 7.922968e+002
7.476000e+002, 7.889401e+002
7.480821e+002, 7.881837e+002
7.485642e+002, 7.892378e+002
7.490463e+002, 7.895817e+002
7.495284e+002, 7.891926e+002
7.500106e+002, 7.881412e+002
7.504927e+002, 7.855869e+002
7.509748e+002, 7.835511e+002
7.514569e+002, 7.838619e+002
7.519390e+002, 7.856180e+002
7.524211e+002, 7.871160e+002
7.529033e+002, 7.887828e+002
7.533854e+002, 7.887213e+002
7.538675e+002, 7.838354e+002
7.543496e+002, 7.787504e+002
7.548317e+002, 7.783935e+002
7.553138e+002, 7.816895e+002
7.557960e+002, 7.848495e+002
7.562781e+002, 7.861368e+002
7.567602e+002, 7.861631e+002
7.572423e+002, 7.855382e+002
7.577244e+002, 7.842919e+002
7.582065e+002, 7.835012e+002
7.586887e+002, 7.833068e+002
7.591708e+002, 7.831163e+002
7.596529e+002, 7.824603e+002
7.601350e+002, 7.818717e+002
7.606171e+002, 7.823212e+002
7.610992e+002, 7.838934e+002
7.615814e+002, 7.851307e+002
7.620635e+002, 7.856425e+002
7.625456e+002, 7.860353e+002
7.630277e+002, 7.869662e+002
7.635098e+002, 7.877533e+002
7.639919e+002, 7.869994e+002
7.644741e+002, 7.848503e+002
7.649562e+002, 7.835185e+002
7.654383e+002, 7.852069e+002
7.659204e+002, 7.882428e+002
7.664025e+002, 7.883344e+002
7.668846e+002, 7.856219e+002
7.673668e+002, 7.845935e+002
7.678489e+002, 7.866488e+002
7.683310e+002, 7.889376e+002
7.688131e+002, 7.893143e+002
7.692952e+002, 7.879064e+002
7.697773e+002, 7.854525e+002
7.702595e+002, 7.800743e+002
7.707416e+002, 7.764122e+002
7.712237e+002, 7.755580e+002
7.717058e+002, 7.757323e+002
7.721879e+002, 7.763065e+002
7.726700e+002, 7.769327e+002
7.731522e+002, 7.770175e+002
7.736343e+002, 7.762731e+002
7.741164e+002, 7.758246e+002
7.745985e+002, 7.777488e+002
7.750806e+002, 7.804785e+002
7.755627e+002, 7.796979e+002
7.760449e+002, 7.755551e+002
7.765270e+002, 7.725409e+002
7.770091e+002, 7.726989e+002
7.774912e+002, 7.745289e+002
7.779733e+002, 7.759561e+002
7.784554e+002, 7.770724e+002
7.789376e+002, 7.771237e+002
7.794197e+002, 7.751060e+002
7.799019e+002, 7.733878e+002
7.803840e+002, 7.717747e+002
7.808661e+002, 7.711426e+002
7.813482e+002, 7.732935e+002
7.818303e+002, 7.775635e+002
7.823124e+002, 7.799432e+002
7.827946e+002, 7.777321e+002
7.832767e+002, 7.742950e+002
7.837588e+002, 7.712306e+002
7.842409e+002, 7.692374e+002
7.847230e+002, 7.705483e+002
7.852051e+002, 7.748597e+002
7.856873e+002, 7.782438e+002
7.861694e+002, 7.778634e+002
7.866515e+002, 7.751220e+002
7.871336e+002, 7.735070e+002
7.876157e+002, 7.731498e+002
7.880978e+002, 7.734125e+002
7.885800e+002, 7.751127e+002
7.890621e+002, 7.759752e+002
7.895442e+002, 7.738246e+002
7.900263e+002, 7.704792e+002
7.905084e+002, 7.687896e+002
7.909905e+002, 7.690770e+002
7.914727e+002, 7.700291e+002
7.919548e+002, 7.726542e+002
7.924369e+002, 7.745137e+002
7.929190e+002, 7.733864e+002
7.934011e+002, 7.706844e+002
7.938832e+002, 7.686897e+002
7.943654e+002, 7.679913e+002
7.948475e+002, 7.677809e+002
7.953296e+002, 7.670286e+002
7.958117e+002, 7.664680e+002
7.962938e+002, 7.689702e+002
7.967759e+002, 7.744240e+002
7.972581e+002, 7.773224e+002
7.977402e+002, 7.759865e+002
7.982223e+002, 7.732350e+002
7.987044e+002, 7.712075e+002
7.991865e+002, 7.698610e+002
7.996686e+002, 7.689777e+002
8.001508e+002, 7.690300e+002
8.006329e+002, 7.688696e+002
8.011150e+002, 7.691266e+002
8.015971e+002, 7.685406e+002
8.020792e+002, 7.651411e+002
8.025613e+002, 7.607684e+002
8.030435e+002, 7.590166e+002
8.035256e+002, 7.611261e+002
8.040077e+002, 7.635804e+002
8.044898e+002, 7.635080e+002
8.049719e+002, 7.623992e+002
8.054540e+002, 7.623618e+002
8.059362e+002, 7.632928e+002
8.064183e+002, 7.644876e+002
8.069004e+002, 7.656961e+002
8.073825e+002, 7.664429e+002
8.078646e+002, 7.660045e+002
8.083467e+002, 7.645424e+002
8.088289e+002, 7.643170e+002
8.093110e+002, 7.662062e+002
8.097931e+002, 7.669429e+002
8.102752e+002, 7.655405e+002
8.107573e+002, 7.630741e+002
8.112394e+002, 7.591786e+002
8.117216e+002, 7.548502e+002
8.122037e+002, 7.537001e+002
8.126858e+002, 7.582874e+002
8.131679e+002, 7.622226e+002
8.136500e+002, 7.627844e+002
8.141321e+002, 7.622872e+002
8.146143e+002, 7.626150e+002
8.150964e+002, 7.635990e+002
8.155785e+002, 7.643859e+002
8.160606e+002, 7.646237e+002
8.165427e+002, 7.645279e+002
8.170248e+002, 7.646707e+002
8.175070e+002, 7.646633e+002
8.179891e+002, 7.623851e+002
8.184712e+002, 7.578169e+002
8.189533e+002, 7.554022e+002
8.194354e+002, 7.570369e+002
8.199175e+002, 7.601982e+002
8.203997e+002, 7.623315e+002
8.208818e+002, 7.634188e+002
8.213639e+002, 7.623191e+002
8.218460e+002, 7.561863e+002
8.223281e+002, 7.521243e+002
8.228102e+002, 7.520768e+002
8.232924e+002, 7.531322e+002
8.237745e+002, 7.533978e+002
8.242566e+002, 7.532336e+002
8.247387e+002, 7.541575e+002
8.252208e+002, 7.573363e+002
8.257029e+002, 7.592238e+002
8.261851e+002, 7.561830e+002
8.266672e+002, 7.517365e+002
8.271493e+002, 7.501588e+002
8.276314e+002, 7.509404e+002
8.281135e+002, 7.514452e+002
8.285956e+002, 7.506559e+002
8.290778e+002, 7.496494e+002
8.295599e+002, 7.498450e+002
8.300420e+002, 7.510043e+002
8.305241e+002, 7.514630e+002
8.310062e+002, 7.511076e+002
8.314883e+002, 7.508291e+002
8.319705e+002, 7.511196e+002
8.324526e+002, 7.509911e+002
8.329347e+002, 7.489280e+002
8.334168e+002, 7.453307e+002
8.338989e+002, 7.441301e+002
8.343810e+002, 7.475551e+002
8.348632e+002, 7.498964e+002
8.353453e+002, 7.494236e+002
8.358274e+002, 7.489074e+002
8.363095e+002, 7.506356e+002
8.367916e+002, 7.534617e+002
8.372737e+002, 7.549911e+002
8.377559e+002, 7.544854e+002
8.382380e+002, 7.533151e+002
8.387201e+002, 7.520272e+002
8.392022e+002, 7.509593e+002
8.396843e+002, 7.509282e+002
8.401664e+002, 7.515292e+002
8.406486e+002, 7.514570e+002
8.411307e+002, 7.503234e+002
8.416128e+002, 7.485642e+002
8.420949e+002, 7.464824e+002
8.425770e+002, 7.442750e+002
8.430591e+002, 7.428962e+002
8.435413e+002, 7.424235e+002
8.440234e+002, 7.423528e+002
8.445055e+002, 7.425393e+002
8.449876e+002, 7.432725e+002
8.454697e+002, 7.453248e+002
8.459518e+002, 7.479491e+002
8.464340e+002, 7.489338e+002
8.469161e+002, 7.477072e+002
8.473982e+002, 7.464713e+002
8.478803e+002, 7.448685e+002
8.483624e+002, 7.439570e+002
8.488445e+002, 7.453739e+002
8.493267e+002, 7.472520e+002
8.498088e+002, 7.464590e+002
8.502909e+002, 7.428447e+002
8.507730e+002, 7.402064e+002
8.512551e+002, 7.418965e+002
8.517372e+002, 7.449106e+002
8.522194e+002, 7.457773e+002
8.527015e+002, 7.450861e+002
8.531836e+002, 7.439020e+002
8.536657e+002, 7.425697e+002
8.541478e+002, 7.420801e+002
8.546299e+002, 7.431842e+002
8.551121e+002, 7.451450e+002
8.555942e+002, 7.464957e+002
8.560763e+002, 7.472855e+002
8.565584e+002, 7.466761e+002
8.570405e+002, 7.438232e+002
8.575226e+002, 7.417570e+002
8.580048e+002, 7.422611e+002
8.584869e+002, 7.438022e+002
8.589690e+002, 7.440151e+002
8.594511e+002, 7.427745e+002
8.599332e+002, 7.424296e+002
8.604153e+002, 7.441901e+002
8.608975e+002, 7.454051e+002
8.613796e+002, 7.451718e+002
8.618617e+002, 7.442389e+002
8.623438e+002, 7.428303e+002
8.628259e+002, 7.413349e+002
8.633080e+002, 7.406492e+002
8.637902e+002, 7.413020e+002
8.642723e+002, 7.421815e+002
8.647544e+002, 7.423897e+002
8.652365e+002, 7.422202e+002
8.657186e+002, 7.422140e+002
8.662007e+002, 7.422742e+002
8.666829e+002, 7.417577e+002
8.671650e+002, 7.404509e+002
8.676471e+002, 7.391578e+002
8.681292e+002, 7.389586e+002
8.686113e+002, 7.395853e+002
8.690934e+002, 7.393746e+002
8.695756e+002, 7.382113e+002
8.700577e+002, 7.369793e+002
8.705398e+002, 7.356755e+002
8.710219e+002, 7.348188e+002
8.715040e+002, 7.349730e+002
8.719861e+002, 7.358610e+002
8.724683e+002, 7.364673e+002
8.729504e+002, 7.367767e+002
8.734325e+002, 7.368144e+002
8.739146e+002, 7.366115e+002
8.743967e+002, 7.361036e+002
8.748788e+002, 7.348524e+002
8.753610e+002, 7.335047e+002
8.758431e+002, 7.331566e+002
8.763252e+002, 7.338326e+002
8.768073e+002, 7.338805e+002
8.772894e+002, 7.313160e+002
8.777715e+002, 7.290756e+002
8.782537e+002, 7.298346e+002
8.787358e+002, 7.321869e+002
8.792179e+002, 7.343970e+002
8.797000e+002, 7.360380e+002
8.801821e+002, 7.369127e+002
8.806642e+002, 7.369057e+002
8.811464e+002, 7.361316e+002
8.816285e+002, 7.344286e+002
8.821106e+002, 7.320372e+002
8.825927e+002, 7.302072e+002
8.830748e+002, 7.289926e+002
8.835569e+002, 7.288083e+002
8.840391e+002, 7.301027e+002
8.845212e+002, 7.313407e+002
8.850033e+002, 7.305501e+002
8.854854e+002, 7.278758e+002
8.859675e+002, 7.261415e+002
8.864496e+002, 7.257039e+002
8.869318e+002, 7.255122e+002
8.874139e+002, 7.251796e+002
8.878960e+002, 7.253573e+002
8.883781e+002, 7.270831e+002
8.888602e+002, 7.293912e+002
8.893423e+002, 7.304553e+002
8.898245e+002, 7.300837e+002
8.903066e+002, 7.285240e+002
8.907887e+002, 7.241624e+002
8.912708e+002, 7.204535e+002
8.917529e+002, 7.197483e+002
8.922350e+002, 7.207924e+002
8.927172e+002, 7.220759e+002
8.931993e+002, 7.232079e+002
8.936814e+002, 7.241948e+002
8.941635e+002, 7.249760e+002
8.946456e+002, 7.257391e+002
8.951277e+002, 7.270152e+002
8.956099e+002, 7.283441e+002
8.960920e+002, 7.284391e+002
8.965741e+002, 7.273682e+002
8.970562e+002, 7.262836e+002
8.975383e+002, 7.257084e+002
8.980204e+002, 7.259137e+002
8.985026e+002, 7.279289e+002
8.989847e+002, 7.313647e+002
8.994668e+002, 7.305330e+002
8.999489e+002, 7.243627e+002
9.004310e+002, 7.199249e+002
9.009131e+002, 7.193096e+002
9.013953e+002, 7.201913e+002
9.018774e+002, 7.205262e+002
9.023595e+002, 7.207310e+002
9.028416e+002, 7.227866e+002
9.033237e+002, 7.300903e+002
9.038058e+002, 7.330541e+002
9.042880e+002, 7.281592e+002
9.047701e+002, 7.231886e+002
9.052522e+002, 7.211926e+002
9.057343e+002, 7.208773e+002
9.062164e+002, 7.209457e+002
9.066985e+002, 7.211464e+002
9.071807e+002, 7.205521e+002
9.076628e+002, 7.168552e+002
9.081449e+002, 7.146046e+002
9.086270e+002, 7.180921e+002
9.091091e+002, 7.231031e+002
9.095912e+002, 7.245502e+002
9.100734e+002, 7.229929e+002
9.105555e+002, 7.222958e+002
9.110376e+002, 7.242269e+002
9.115197e+002, 7.258677e+002
9.120018e+002, 7.228461e+002
9.124839e+002, 7.178538e+002
9.129661e+002, 7.168444e+002
9.134482e+002, 7.192469e+002
9.139303e+002, 7.215681e+002
9.144124e+002, 7.228524e+002
9.148945e+002, 7.243428e+002
9.153766e+002, 7.274738e+002
9.158588e+002, 7.309404e+002
9.163409e+002, 7.301258e+002
9.168230e+002, 7.244847e+002
9.173051e+002, 7.197056e+002
9.177872e+002, 7.161873e+002
9.182693e+002, 7.139147e+002
9.187515e+002, 7.133377e+002
9.192336e+002, 7.134098e+002
9.197157e+002, 7.122103e+002
9.201978e+002, 7.093615e+002
9.206799e+002, 7.089614e+002
9.211620e+002, 7.137616e+002
9.216442e+002, 7.171953e+002
9.221263e+002, 7.173930e+002
9.226084e+002, 7.168849e+002
9.230905e+002, 7.176096e+002
9.235726e+002, 7.189089e+002
9.240547e+002, 7.188658e+002
9.245369e+002, 7.166344e+002
9.250190e+002, 7.151649e+002
9.255011e+002, 7.162874e+002
9.259832e+002, 7.177032e+002
9.264653e+002, 7.174622e+002
9.269474e+002, 7.167767e+002
9.274296e+002, 7.180658e+002
9.279117e+002, 7.211119e+002
9.283938e+002, 7.227930e+002
9.288759e+002, 7.208556e+002
9.293580e+002, 7.178687e+002
9.298401e+002, 7.168409e+002
9.303223e+002, 7.167131e+002
9.308044e+002, 7.149884e+002
9.312865e+002, 7.120695e+002
9.317686e+002, 7.104394e+002
9.322507e+002, 7.111053e+002
9.327328e+002, 7.134074e+002
9.332150e+002, 7.171062e+002
9.336971e+002, 7.214937e+002
9.341792e+002, 7.238984e+002
9.346613e+002, 7.243110e+002
9.351434e+002, 7.230021e+002
9.356255e+002, 7.196374e+002
9.361077e+002, 7.173801e+002
9.365898e+002, 7.187390e+002
9.370719e+002, 7.217446e+002
9.375540e+002, 7.218646e+002
9.380361e+002, 7.184041e+002
9.385182e+002, 7.158789e+002
9.390004e+002, 7.145998e+002
9.394825e+002, 7.136459e+002
9.399646e+002, 7.126049e+002
9.404467e+002, 7.119391e+002
9.409288e+002, 7.122396e+002
9.414109e+002, 7.133119e+002
9.418931e+002, 7.143192e+002
9.423752e+002, 7.152143e+002
9.428573e+002, 7.160810e+002
9.433394e+002, 7.179670e+002
9.438215e+002, 7.186864e+002
9.443036e+002, 7.155585e+002
9.447858e+002, 7.114737e+002
9.452679e+002, 7.104972e+002
9.457500e+002, 7.128949e+002
9.462321e+002, 7.153182e+002
9.467142e+002, 7.169391e+002
9.471964e+002, 7.174428e+002
9.476785e+002, 7.157565e+002
9.481606e+002, 7.135129e+002
9.486427e+002, 7.124371e+002
9.491248e+002, 7.124589e+002
9.496069e+002, 7.131645e+002
9.500891e+002, 7.143339e+002
9.505712e+002, 7.147130e+002
9.510533e+002, 7.123759e+002
9.515354e+002, 7.090062e+002
9.520175e+002, 7.074567e+002
9.524996e+002, 7.071920e+002
9.529818e+002, 7.064950e+002
9.534639e+002, 7.051834e+002
9.539460e+002, 7.045331e+002
9.544281e+002, 7.053598e+002
9.549102e+002, 7.071317e+002
9.553923e+002, 7.095731e+002
9.558745e+002, 7.123969e+002
9.563566e+002, 7.121121e+002
9.568387e+002, 7.084987e+002
9.573208e+002, 7.058602e+002
9.578029e+002, 7.055248e+002
9.582850e+002, 7.063842e+002
9.587672e+002, 7.076393e+002
9.592493e+002, 7.090391e+002
9.597314e+002, 7.095584e+002
9.602135e+002, 7.090380e+002
9.606956e+002, 7.082438e+002
9.611777e+002, 7.074308e+002
9.616599e+002, 7.057129e+002
9.621420e+002, 7.011780e+002
9.626241e+002, 6.970989e+002
9.631062e+002, 6.980569e+002
9.635883e+002, 7.040308e+002
9.640704e+002, 7.091041e+002
9.645526e+002, 7.152933e+002
9.650347e+002, 7.176212e+002
9.655168e+002, 7.120261e+002
9.659989e+002, 7.063116e+002
9.664810e+002, 7.045384e+002
9.669631e+002, 7.054341e+002
9.674453e+002, 7.076554e+002
9.679274e+002, 7.111532e+002
9.684095e+002, 7.117462e+002
9.688916e+002, 7.049761e+002
9.693737e+002, 6.991832e+002
9.698558e+002, 6.991513e+002
9.703380e+002, 7.008795e+002
9.708201e+002, 7.004094e+002
9.713022e+002, 6.983627e+002
9.717843e+002, 6.974480e+002
9.722664e+002, 6.986324e+002
9.727485e+002, 6.997399e+002
9.732307e+002, 6.985175e+002
9.737128e+002, 6.972729e+002
9.741949e+002, 6.985402e+002
9.746770e+002, 7.012865e+002
9.751591e+002, 7.042241e+002
9.756412e+002, 7.067670e+002
9.761234e+002, 7.077514e+002
9.766055e+002, 7.063581e+002
9.770876e+002, 7.046556e+002
9.775698e+002, 7.058812e+002
9.780519e+002, 7.083160e+002
9.785340e+002, 7.074613e+002
9.790161e+002, 7.041952e+002
9.794982e+002, 7.031216e+002
9.799803e+002, 7.052792e+002
9.804625e+002, 7.076436e+002
9.809446e+002, 7.077760e+002
9.814267e+002, 7.066229e+002
9.819088e+002, 7.063057e+002
9.823909e+002, 7.066950e+002
9.828730e+002, 7.065829e+002
9.833552e+002, 7.059011e+002
9.838373e+002, 7.043940e+002
9.843194e+002, 7.017706e+002
9.848015e+002, 6.997014e+002
9.852836e+002, 7.001588e+002
9.857657e+002, 7.025062e+002
9.862479e+002, 7.034083e+002
9.867300e+002, 7.024873e+002
9.872121e+002, 7.022359e+002
9.876942e+002, 7.030972e+002
9.881763e+002, 7.039640e+002
9.886584e+002, 7.044645e+002
9.891406e+002, 7.045073e+002
9.896227e+002, 7.039290e+002
9.901048e+002, 7.027286e+002
9.905869e+002, 7.012482e+002
9.910690e+002, 6.985302e+002
9.915511e+002, 6.974421e+002
9.920333e+002, 6.996539e+002
9.925154e+002, 7.018280e+002
9.929975e+002, 7.020848e+002
9.934796e+002, 7.012677e+002
9.939617e+002, 7.005637e+002
9.944438e+002, 6.999567e+002
9.949260e+002, 6.997037e+002
9.954081e+002, 7.004332e+002
9.958902e+002, 7.006597e+002
9.963723e+002, 6.993234e+002
9.968544e+002, 6.981120e+002
9.973365e+002, 6.982705e+002
9.978187e+002, 6.993556e+002
9.983008e+002, 7.005117e+002
9.987829e+002, 7.016417e+002
9.992650e+002, 7.024708e+002
9.997471e+002, 7.029662e+002
1.000229e+003, 7.030790e+002
1.000711e+003, 7.021868e+002
1.001193e+003, 7.013852e+002
1.001676e+003, 7.022374e+002
1.002158e+003, 7.040031e+002
1.002640e+003, 7.046916e+002
1.003122e+003, 7.036975e+002
1.003604e+003, 7.016767e+002
1.004086e+003, 6.973367e+002
1.004568e+003, 6.938246e+002
1.005050e+003, 6.946969e+002
1.005533e+003, 6.973659e+002
1.006015e+003, 6.981318e+002
1.006497e+003, 6.970350e+002
1.006979e+003, 6.962744e+002
1.007461e+003, 6.968356e+002
1.007943e+003, 6.977912e+002
1.008425e+003, 6.987964e+002
1.008907e+003, 6.993660e+002
1.009389e+003, 6.979734e+002
1.009872e+003, 6.959277e+002
1.010354e+003, 6.963818e+002
1.010836e+003, 6.993980e+002
1.011318e+003, 7.023440e+002
1.011800e+003, 7.037123e+002
1.012282e+003, 7.042172e+002
1.012764e+003, 7.046718e+002
1.013246e+003, 7.049515e+002
1.013729e+003, 7.046106e+002
1.014211e+003, 7.038397e+002
1.014693e+003, 7.036313e+002
1.015175e+003, 7.040658e+002
1.015657e+003, 7.036260e+002
1.016139e+003, 7.011208e+002
1.016621e+003, 6.979778e+002
1.017103e+003, 6.966476e+002
1.017585e+003, 6.968242e+002
1.018068e+003, 6.977040e+002
1.018550e+003, 6.990254e+002
1.019032e+003, 6.980201e+002
1.019514e+003, 6.939249e+002
1.019996e+003, 6.905841e+002
1.020478e+003, 6.912589e+002
1.020960e+003, 6.942716e+002
1.021442e+003, 6.955931e+002
1.021924e+003, 6.953222e+002
1.022407e+003, 6.965405e+002
1.022889e+003, 6.994843e+002
1.023371e+003, 7.012688e+002
1.023853e+003, 7.008698e+002
1.024335e+003, 6.999304e+002
1.024817e+003, 6.999702e+002
1.025299e+003, 7.004985e+002
1.025781e+003, 6.996803e+002
1.026264e+003, 6.971400e+002
1.026746e+003, 6.966801e+002
1.027228e+003, 6.990071e+002
1.027710e+003, 7.006768e+002
1.028192e+003, 7.005664e+002
1.028674e+003, 6.992653e+002
1.029156e+003, 6.970547e+002
1.029638e+003, 6.943195e+002
1.030120e+003, 6.926129e+002
1.030603e+003, 6.921665e+002
1.031085e+003, 6.918769e+002
1.031567e+003, 6.915074e+002
1.032049e+003, 6.919449e+002
1.032531e+003, 6.940067e+002
1.033013e+003, 6.961866e+002
1.033495e+003, 6.970454e+002
1.033977e+003, 6.967208e+002
1.034459e+003, 6.958259e+002
1.034942e+003, 6.937010e+002
1.035424e+003, 6.926429e+002
1.035906e+003, 6.937086e+002
1.036388e+003, 6.939647e+002
1.036870e+003, 6.908693e+002
1.037352e+003, 6.881906e+002
1.037834e+003, 6.906882e+002
1.038316e+003, 6.971459e+002
1.038799e+003, 7.002126e+002
1.039281e+003, 6.973460e+002
1.039763e+003, 6.960684e+002
1.040245e+003, 6.986185e+002
1.040727e+003, 6.998710e+002
1.041209e+003, 6.966649e+002
1.041691e+003, 6.926284e+002
1.042173e+003, 6.912596e+002
1.042656e+003, 6.921135e+002
1.043138e+003, 6.929125e+002
1.043620e+003, 6.940809e+002
1.044102e+003, 6.941647e+002
1.044584e+003, 6.917971e+002
1.045066e+003, 6.899190e+002
1.045548e+003, 6.901997e+002
1.046030e+003, 6.910009e+002
1.046512e+003, 6.902206e+002
1.046995e+003, 6.884240e+002
1.047477e+003, 6.885529e+002
1.047959e+003, 6.923938e+002
1.048441e+003, 6.947822e+002
1.048923e+003, 6.935308e+002
1.049405e+003, 6.924368e+002
1.049887e+003, 6.935171e+002
1.050369e+003, 6.951548e+002
1.050851e+003, 6.957727e+002
1.051334e+003, 6.954363e+002
1.051816e+003, 6.947617e+002
1.052298e+003, 6.934227e+002
1.052780e+003, 6.929355e+002
1.053262e+003, 6.947230e+002
1.053744e+003, 6.961222e+002
1.054226e+003, 6.950763e+002
1.054708e+003, 6.936752e+002
1.055191e+003, 6.945699e+002
1.055673e+003, 6.970560e+002
1.056155e+003, 6.980546e+002
1.056637e+003, 6.964353e+002
1.057119e+003, 6.949523e+002
1.057601e+003, 6.951431e+002
1.058083e+003, 6.947999e+002
1.058565e+003, 6.916132e+002
1.059047e+003, 6.883030e+002
1.059530e+003, 6.882213e+002
1.060012e+003, 6.904379e+002
1.060494e+003, 6.911349e+002
1.060976e+003, 6.888049e+002
1.061458e+003, 6.878047e+002
1.061940e+003, 6.914269e+002
1.062422e+003, 6.946581e+002
1.062904e+003, 6.946468e+002
1.063386e+003, 6.931296e+002
1.063869e+003, 6.912315e+002
1.064351e+003, 6.895264e+002
1.064833e+003, 6.889910e+002
1.065315e+003, 6.899835e+002
1.065797e+003, 6.912758e+002
1.066279e+003, 6.931500e+002
1.066761e+003, 6.942562e+002
1.067243e+003, 6.928649e+002
1.067726e+003, 6.911899e+002
1.068208e+003, 6.919574e+002
1.068690e+003, 6.941487e+002
1.069172e+003, 6.948358e+002
1.069654e+003, 6.932186e+002
1.070136e+003, 6.915723e+002
1.070618e+003, 6.917130e+002
1.071100e+003, 6.910429e+002
1.071583e+003, 6.865389e+002
1.072065e+003, 6.819951e+002
1.072547e+003, 6.813741e+002
1.073029e+003, 6.834493e+002
1.073511e+003, 6.852354e+002
1.073993e+003, 6.860320e+002
1.074475e+003, 6.863663e+002
1.074957e+003, 6.863880e+002
1.075439e+003, 6.860926e+002
1.075922e+003, 6.846210e+002
1.076404e+003, 6.835977e+002
1.076886e+003, 6.854041e+002
1.077368e+003, 6.883670e+002
1.077850e+003, 6.889625e+002
1.078332e+003, 6.867290e+002
1.078814e+003, 6.850152e+002
1.079296e+003, 6.852367e+002
1.079779e+003, 6.863411e+002
1.080261e+003, 6.890226e+002
1.080743e+003, 6.912375e+002
1.081225e+003, 6.906406e+002
1.081707e+003, 6.887382e+002
1.082189e+003, 6.882350e+002
1.082671e+003, 6.893170e+002
1.083153e+003, 6.896226e+002
1.083635e+003, 6.872152e+002
1.084118e+003, 6.858270e+002
1.084600e+003, 6.885791e+002
1.085082e+003, 6.914769e+002
1.085564e+003, 6.912799e+002
1.086046e+003, 6.895945e+002
1.086528e+003, 6.888332e+002
1.087010e+003, 6.890981e+002
1.087492e+003, 6.889509e+002
1.087974e+003, 6.876590e+002
1.088457e+003, 6.866165e+002
1.088939e+003, 6.854492e+002
1.089421e+003, 6.857836e+002
1.089903e+003, 6.906597e+002
1.090385e+003, 6.961613e+002
1.090867e+003, 6.979655e+002
1.091349e+003, 6.961098e+002
1.091831e+003, 6.921902e+002
1.092314e+003, 6.855813e+002
1.092796e+003, 6.813142e+002
1.093278e+003, 6.828800e+002
1.093760e+003, 6.852593e+002
1.094242e+003, 6.866199e+002
1.094724e+003, 6.869406e+002
1.095206e+003, 6.855616e+002
1.095688e+003, 6.833590e+002
1.096171e+003, 6.825587e+002
1.096653e+003, 6.838065e+002
1.097135e+003, 6.847416e+002
1.097617e+003, 6.832582e+002
1.098099e+003, 6.831826e+002
1.098581e+003, 6.884622e+002
1.099063e+003, 6.934330e+002
1.099545e+003, 6.929905e+002
1.100027e+003, 6.891360e+002
1.100510e+003, 6.860370e+002
1.100992e+003, 6.842892e+002
1.101474e+003, 6.820935e+002
1.101956e+003, 6.774282e+002
1.102438e+003, 6.745950e+002
1.102920e+003, 6.756470e+002
1.103402e+003, 6.778889e+002
1.103884e+003, 6.806736e+002
1.104366e+003, 6.830241e+002
1.104849e+003, 6.835997e+002
1.105331e+003, 6.823964e+002
1.105813e+003, 6.808102e+002
1.106295e+003, 6.771571e+002
1.106777e+003, 6.761100e+002
1.107259e+003, 6.811321e+002
1.107741e+003, 6.854821e+002
1.108223e+003, 6.863102e+002
1.108706e+003, 6.848103e+002
1.109188e+003, 6.810995e+002
1.109670e+003, 6.760226e+002
1.110152e+003, 6.737731e+002
1.110634e+003, 6.760187e+002
1.111116e+003, 6.778452e+002
1.111598e+003, 6.797894e+002
1.112080e+003, 6.802639e+002
1.112563e+003, 6.769000e+002
1.113045e+003, 6.736528e+002
1.113527e+003, 6.741580e+002
1.114009e+003, 6.770624e+002
1.114491e+003, 6.788135e+002
1.114973e+003, 6.792734e+002
1.115455e+003, 6.791659e+002
1.115937e+003, 6.777460e+002
1.116419e+003, 6.771131e+002
1.116901e+003, 6.784298e+002
1.117384e+003, 6.794467e+002
1.117866e+003, 6.781866e+002
1.118348e+003, 6.763373e+002
1.118830e+003, 6.770495e+002
1.119312e+003, 6.804281e+002
1.119794e+003, 6.820259e+002
1.120276e+003, 6.810754e+002
1.120758e+003, 6.802743e+002
1.121241e+003, 6.799254e+002
1.121723e+003, 6.796711e+002
1.122205e+003, 6.795587e+002
1.122687e+003, 6.790222e+002
1.123169e+003, 6.770499e+002
1.123651e+003, 6.741639e+002
1.124133e+003, 6.736407e+002
1.124615e+003, 6.761757e+002
1.125098e+003, 6.778947e+002
1.125580e+003, 6.787893e+002
1.126062e+003, 6.780199e+002
1.126544e+003, 6.746019e+002
1.127026e+003, 6.722640e+002
1.127508e+003, 6.746202e+002
1.127990e+003, 6.793267e+002
1.128472e+003, 6.801923e+002
1.128954e+003, 6.770744e+002
1.129437e+003, 6.760958e+002
1.129919e+003, 6.774489e+002
1.130401e+003, 6.775139e+002
1.130883e+003, 6.753622e+002
1.131365e+003, 6.742777e+002
1.131847e+003, 6.764661e+002
1.132329e+003, 6.790058e+002
1.132811e+003, 6.767323e+002
1.133293e+003, 6.713940e+002
1.133776e+003, 6.725299e+002
1.134258e+003, 6.791259e+002
1.134740e+003, 6.810571e+002
1.135222e+003, 6.775755e+002
1.135704e+003, 6.761837e+002
1.136186e+003, 6.798955e+002
1.136668e+003, 6.836693e+002
1.137150e+003, 6.824315e+002
1.137633e+003, 6.784358e+002
1.138115e+003, 6.756678e+002
1.138597e+003, 6.740320e+002
1.139079e+003, 6.734397e+002
1.139561e+003, 6.736545e+002
1.140043e+003, 6.738134e+002
1.140525e+003, 6.737328e+002
1.141007e+003, 6.738516e+002
1.141490e+003, 6.744714e+002
1.141972e+003, 6.752451e+002
1.142454e+003, 6.756598e+002
1.142936e+003, 6.760302e+002
1.143418e+003, 6.773835e+002
1.143900e+003, 6.788763e+002
1.144382e+003, 6.785298e+002
1.144864e+003, 6.765268e+002
1.145346e+003, 6.742524e+002
1.145828e+003, 6.723007e+002
1.146311e+003, 6.714748e+002
1.146793e+003, 6.735676e+002
1.147275e+003, 6.757297e+002
1.147757e+003, 6.744578e+002
1.148239e+003, 6.724615e+002
1.148721e+003, 6.733361e+002
1.149203e+003, 6.759063e+002
1.149685e+003, 6.772469e+002
1.150168e+003, 6.769348e+002
1.150650e+003, 6.769449e+002
1.151132e+003, 6.783528e+002
1.151614e+003, 6.797427e+002
1.152096e+003, 6.800517e+002
1.152578e+003, 6.804531e+002
1.153060e+003, 6.825863e+002
1.153542e+003, 6.846476e+002
1.154025e+003, 6.846430e+002
1.154507e+003, 6.826198e+002
1.154989e+003, 6.789508e+002
1.155471e+003, 6.728212e+002
1.155953e+003, 6.696421e+002
1.156435e+003, 6.727245e+002
1.156917e+003, 6.761007e+002
1.157399e+003, 6.789531e+002
1.157881e+003, 6.803669e+002
1.158364e+003, 6.792738e+002
1.158846e+003, 6.766022e+002
1.159328e+003, 6.733077e+002
1.159810e+003, 6.694037e+002
1.160292e+003, 6.677684e+002
1.160774e+003, 6.696070e+002
1.161256e+003, 6.716296e+002
1.161738e+003, 6.747101e+002
1.162220e+003, 6.762220e+002
1.162703e+003, 6.741664e+002
1.163185e+003, 6.716591e+002
1.163667e+003, 6.718535e+002
1.164149e+003, 6.738152e+002
1.164631e+003, 6.741676e+002
1.165113e+003, 6.722482e+002
1.165595e+003, 6.731915e+002
1.166077e+003, 6.779972e+002
1.166560e+003, 6.813277e+002
1.167042e+003, 6.820701e+002
1.167524e+003, 6.809609e+002
1.168006e+003, 6.780258e+002
1.168488e+003, 6.751093e+002
1.168970e+003, 6.752166e+002
1.169452e+003, 6.776236e+002
1.169934e+003, 6.785274e+002
1.170417e+003, 6.780618e+002
1.170899e+003, 6.784630e+002
1.171381e+003, 6.798284e+002
1.171863e+003, 6.801029e+002
1.172345e+003, 6.786356e+002
1.172827e+003, 6.770834e+002
1.173309e+003, 6.767670e+002
1.173791e+003, 6.772643e+002
1.174273e+003, 6.784657e+002
1.174755e+003, 6.796750e+002
1.175238e+003, 6.785389e+002
1.175720e+003, 6.761193e+002
1.176202e+003, 6.760179e+002
1.176684e+003, 6.781149e+002
1.177166e+003, 6.789675e+002
1.177648e+003, 6.771050e+002
1.178130e+003, 6.746501e+002
1.178612e+003, 6.730922e+002
1.179095e+003, 6.721586e+002
1.179577e+003, 6.718317e+002
1.180059e+003, 6.717534e+002
1.180541e+003, 6.710997e+002
1.181023e+003, 6.705055e+002
1.181505e+003, 6.715283e+002
1.181987e+003, 6.741237e+002
1.182469e+003, 6.764113e+002
1.182952e+003, 6.777303e+002
1.183434e+003, 6.783705e+002
1.183916e+003, 6.781841e+002
1.184398e+003, 6.776694e+002
1.184880e+003, 6.773630e+002
1.185362e+003, 6.766208e+002
1.185844e+003, 6.741039e+002
1.186326e+003, 6.708289e+002
1.186808e+003, 6.692283e+002
1.187291e+003, 6.696448e+002
1.187773e+003, 6.707790e+002
1.188255e+003, 6.736124e+002
1.188737e+003, 6.754310e+002
1.189219e+003, 6.752545e+002
1.189701e+003, 6.750572e+002
1.190183e+003, 6.760934e+002
1.190665e+003, 6.769562e+002
1.191147e+003, 6.755978e+002
1.191630e+003, 6.729598e+002
1.192112e+003, 6.734279e+002
1.192594e+003, 6.781844e+002
1.193076e+003, 6.798807e+002
1.193558e+003, 6.779248e+002
1.194040e+003, 6.757879e+002
1.194522e+003, 6.740919e+002
1.195004e+003, 6.732722e+002
1.195487e+003, 6.736570e+002
1.195969e+003, 6.747520e+002
1.196451e+003, 6.761052e+002
1.196933e+003, 6.773690e+002
1.197415e+003, 6.769403e+002
1.197897e+003, 6.751535e+002
1.198379e+003, 6.734510e+002
1.198861e+003, 6.722151e+002
1.199344e+003, 6.734680e+002
1.199826e+003, 6.774109e+002
1.200308e+003, 6.803343e+002
1.200790e+003, 6.796819e+002
1.201272e+003, 6.772280e+002
1.201754e+003, 6.739935e+002
1.202236e+003, 6.712011e+002
1.202718e+003, 6.715179e+002
1.203200e+003, 6.730018e+002
1.203682e+003, 6.716168e+002
1.204165e+003, 6.683737e+002
1.204647e+003, 6.676753e+002
1.205129e+003, 6.705550e+002
1.205611e+003, 6.728605e+002
1.206093e+003, 6.719587e+002
1.206575e+003, 6.707010e+002
1.207057e+003, 6.703312e+002
1.207539e+003, 6.703492e+002
1.208022e+003, 6.708982e+002
1.208504e+003, 6.712764e+002
1.208986e+003, 6.700117e+002
1.209468e+003, 6.678822e+002
1.209950e+003, 6.679187e+002
1.210432e+003, 6.710897e+002
1.210914e+003, 6.737611e+002
1.211396e+003, 6.761024e+002
1.211879e+003, 6.772392e+002
1.212361e+003, 6.766732e+002
1.212843e+003, 6.753712e+002
1.213325e+003, 6.730908e+002
1.213807e+003, 6.713917e+002
1.214289e+003, 6.725780e+002
1.214771e+003, 6.757784e+002
1.215253e+003, 6.763456e+002
1.215735e+003, 6.736949e+002
1.216218e+003, 6.746069e+002
1.216700e+003, 6.797368e+002
1.217182e+003, 6.807494e+002
1.217664e+003, 6.755128e+002
1.218146e+003, 6.710178e+002
1.218628e+003, 6.714258e+002
1.219110e+003, 6.740338e+002
1.219592e+003, 6.756826e+002
1.220074e+003, 6.764903e+002
1.220557e+003, 6.763018e+002
1.221039e+003, 6.756337e+002
1.221521e+003, 6.756993e+002
1.222003e+003, 6.765919e+002
1.222485e+003, 6.788992e+002
1.222967e+003, 6.821601e+002
1.223449e+003, 6.831696e+002
1.223931e+003, 6.797884e+002
1.224414e+003, 6.764174e+002
1.224896e+003, 6.768851e+002
1.225378e+003, 6.783195e+002
1.225860e+003, 6.793932e+002
1.226342e+003, 6.793529e+002
1.226824e+003, 6.765644e+002
1.227306e+003, 6.724955e+002
1.227788e+003, 6.699271e+002
1.228271e+003, 6.692126e+002
1.228753e+003, 6.691379e+002
1.229235e+003, 6.703093e+002
1.229717e+003, 6.705795e+002
1.230199e+003, 6.686075e+002
1.230681e+003, 6.671625e+002
1.231163e+003, 6.672618e+002
1.231645e+003, 6.679448e+002
1.232127e+003, 6.683450e+002
1.232609e+003, 6.690502e+002
1.233092e+003, 6.715630e+002
1.233574e+003, 6.757882e+002
1.234056e+003, 6.771254e+002
1.234538e+003, 6.751942e+002
1.235020e+003, 6.733314e+002
1.235502e+003, 6.718054e+002
1.235984e+003, 6.710295e+002
1.236466e+003, 6.711849e+002
1.236949e+003, 6.707416e+002
1.237431e+003, 6.683145e+002
1.237913e+003, 6.658755e+002
1.238395e+003, 6.674601e+002
1.238877e+003, 6.710194e+002
1.239359e+003, 6.710134e+002
1.239841e+003, 6.692213e+002
1.240323e+003, 6.707246e+002
1.240806e+003, 6.746044e+002
1.241288e+003, 6.759694e+002
1.241770e+003, 6.736406e+002
1.242252e+003, 6.705637e+002
1.242734e+003, 6.677413e+002
1.243216e+003, 6.662820e+002
1.243698e+003, 6.676477e+002
1.244180e+003, 6.697616e+002
1.244662e+003, 6.723719e+002
1.245145e+003, 6.739770e+002
1.245627e+003, 6.722979e+002
1.246109e+003, 6.687297e+002
1.246591e+003, 6.662205e+002
1.247073e+003, 6.650378e+002
1.247555e+003, 6.656042e+002
1.248037e+003, 6.695649e+002
1.248519e+003, 6.722140e+002
1.249001e+003, 6.735991e+002
1.249484e+003, 6.728508e+002
1.249966e+003, 6.683749e+002
1.250448e+003, 6.649073e+002
1.250930e+003, 6.666115e+002
1.251412e+003, 6.707174e+002
1.251894e+003, 6.717455e+002
1.252376e+003, 6.702188e+002
1.252858e+003, 6.699323e+002
1.253341e+003, 6.708091e+002
1.253823e+003, 6.727111e+002
1.254305e+003, 6.752635e+002
1.254787e+003, 6.759899e+002
1.255269e+003, 6.742783e+002
1.255751e+003, 6.718785e+002
1.256233e+003, 6.697417e+002
1.256715e+003, 6.687499e+002
1.257198e+003, 6.706324e+002
1.257680e+003, 6.733978e+002
1.258162e+003, 6.754037e+002
1.258644e+003, 6.764528e+002
1.259126e+003, 6.755930e+002
1.259608e+003, 6.739614e+002
1.260090e+003, 6.741059e+002
1.260572e+003, 6.761866e+002
1.261054e+003, 6.775229e+002
1.261536e+003, 6.773593e+002
1.262019e+003, 6.764913e+002
1.262501e+003, 6.734523e+002
1.262983e+003, 6.719938e+002
1.263465e+003, 6.743175e+002
1.263947e+003, 6.771755e+002
1.264429e+003, 6.788624e+002
1.264911e+003, 6.795187e+002
1.265393e+003, 6.791208e+002
1.265876e+003, 6.779454e+002
1.266358e+003, 6.782903e+002
1.266840e+003, 6.803361e+002
1.267322e+003, 6.799789e+002
1.267804e+003, 6.770848e+002
1.268286e+003, 6.755479e+002
1.268768e+003, 6.762267e+002
1.269250e+003, 6.770902e+002
1.269733e+003, 6.770172e+002
1.270215e+003, 6.768429e+002
1.270697e+003, 6.775702e+002
1.271179e+003, 6.785775e+002
1.271661e+003, 6.792658e+002
1.272143e+003, 6.794263e+002
1.272625e+003, 6.782068e+002
1.273107e+003, 6.765184e+002
1.273589e+003, 6.761720e+002
1.274072e+003, 6.770032e+002
1.274554e+003, 6.774103e+002
1.275036e+003, 6.769265e+002
1.275518e+003, 6.760952e+002
1.276000e+003, 6.734085e+002
1.276482e+003, 6.728314e+002
1.276964e+003, 6.774911e+002
1.277446e+003, 6.820679e+002
1.277929e+003, 6.839426e+002
1.278411e+003, 6.844512e+002
1.278893e+003, 6.848346e+002
1.279375e+003, 6.848763e+002
1.279857e+003, 6.838198e+002
1.280339e+003, 6.816532e+002
1.280821e+003, 6.797150e+002
1.281303e+003, 6.780706e+002
1.281786e+003, 6.780738e+002
1.282268e+003, 6.798854e+002
##END=



